ATARI GAUNTLET MOTION OBJECT 16X16 TILEMAP
SOURCE: level-096.png
GRID: 32 X 32
TILE_SIZE: 16 X 16
ATLAS_TILES: 608
UNIQUE_PIXEL_TILES: 147
CONNECTED_OBJECT_GROUPS: 33

0000 0000 0000 0000 0000 0000 0000 0000 0000 0000 0000 0000 0000 0000 0000 0000 0000 0000 0000 0000 0000 0000 0000 0000 0000 0000 0000 0000 0000 0000 0000 0000
0000 0000 0000 0000 0000 0000 0000 0000 0000 0000 0020 0021 0022 0000 0023 0024 0025 0000 0000 0000 0000 0026 0027 0028 0029 0000 0000 0000 0000 0000 0000 0000
0000 0000 0000 0000 0000 0000 0000 0000 0000 0000 0000 0000 0000 0000 0000 0000 0000 0000 0000 0000 0000 0000 0000 0000 0000 0000 0000 0000 0000 0000 0000 0000
0000 0000 0000 0000 0000 0000 0000 0000 0000 0000 0000 0000 0000 0000 0000 0000 0000 0000 0000 0000 0000 0000 0000 0000 0000 0000 0000 0000 0000 0000 0000 0000
002A 002B 002C 0000 0000 0000 0000 002F 0030 0031 0000 0000 0000 0000 0000 0032 0033 0034 0000 0000 0000 0000 0000 0000 0000 0000 0000 0000 0000 0000 0000 0000
004A 004B 004C 004D 004E 0000 0000 004F 0050 0051 0000 0000 0000 0000 0000 0052 0053 0054 0000 0000 0000 0035 0000 0000 0000 0000 0000 0036 0000 0000 0000 0000
0000 006B 006C 006D 006E 0000 0000 0000 0000 0000 0000 0000 0000 0000 0000 0000 0000 0000 0000 0000 0000 0000 0000 0000 0000 0000 0000 0000 0000 0000 0000 0000
0000 0000 0000 0000 0000 0000 0037 0038 0039 0000 0000 003A 003B 003C 0000 0000 0000 0000 0000 0000 0000 0000 0000 0000 0000 0000 0000 0000 0000 0000 0000 0000
0000 0000 0080 0081 0000 0000 0000 0000 0000 0000 0000 005A 005B 005C 0000 0000 0000 0000 0000 0000 0000 0000 0000 0000 0000 0000 0000 0000 0000 0000 0000 0000
0000 0000 00A0 00A1 00A2 0000 0000 0000 0000 0000 0000 0000 0000 0000 0000 0000 0000 0000 0085 0086 0087 0000 0000 0000 0000 0000 0000 0000 0000 0000 0000 0000
0000 0000 0000 0000 00C2 00C3 0000 0000 0000 0000 008A 008B 008C 0000 0000 0000 0000 0000 00A5 00A6 00A7 0000 0000 0000 0000 0000 0000 0000 0000 0000 0000 0000
0000 0000 0000 0000 00E2 00E3 00E4 0000 00A8 00A9 00AA 00AB 00AC 0000 008D 008E 008F 0000 0000 0000 0000 0000 0000 0000 0000 0000 0000 0000 0000 0000 0000 0000
0000 0000 0000 0000 0000 0000 0000 0000 00C8 00C9 00CA 0000 0000 0000 00AD 00AE 00AF 0000 0000 0000 0000 0000 0000 0000 0000 0000 0000 0000 0000 0000 0000 0000
0000 0000 0000 0000 0090 0000 0000 0000 0000 0000 0000 0000 0000 0000 0000 0000 0000 0000 0000 0000 0091 0000 0000 0093 0094 0095 0096 0000 0000 0000 0000 0000
0000 0000 0000 0000 0000 0000 0000 0000 0000 0000 0000 0000 0000 0000 0000 0000 0000 0000 0000 0000 00B1 0000 00B2 00B3 00B4 00B5 00B6 0000 0000 0000 0000 0000
0097 0098 0099 0000 0000 0000 0000 0000 0000 0000 0000 0000 0000 0000 0000 009A 009B 009C 0000 0000 00D1 0000 00D2 00D3 00D4 0000 00D6 0000 0000 0000 0000 0000
00B7 00B8 00B9 0000 0000 0000 0000 0000 0000 0000 0000 0000 0000 0000 0000 00BA 00BB 00BC 0000 0000 0000 0000 0000 0000 0000 0000 0000 0000 0000 0000 0000 0000
0000 0000 0000 0000 0000 0000 0000 0000 0000 009D 009E 009F 0000 0000 0000 0000 0000 0000 0000 0000 0000 0000 0000 0000 0000 0000 0000 0000 0000 0000 0000 0000
0000 0000 0000 0000 0000 0000 0000 0000 0000 00BD 00BE 00BF 0000 0000 0000 0000 0000 0000 0000 0100 0101 0102 0103 0000 0104 0105 0106 0107 0000 0000 0000 0000
0000 0000 0000 0000 0000 0000 0000 0000 0000 0000 0000 0000 0000 0000 0000 0000 0000 0000 0000 0000 0000 0000 0000 0000 0000 0000 0000 0000 0000 0000 0000 0000
0000 0000 0108 0109 010A 0000 0000 0000 0000 0000 0000 0000 0000 0000 0000 0000 0000 0000 0000 0000 0000 0000 0000 0000 0000 0000 0000 0000 0000 0000 0000 0000
0000 0000 0128 0129 012A 0000 012C 0000 0000 0000 0000 0000 0000 0000 0000 0000 0000 0000 0000 010E 0000 010F 0110 0111 0112 0113 0000 0000 0000 0000 0000 0000
0000 0000 0000 0000 0000 014B 014C 014D 0000 0000 0000 0000 0000 0000 0000 0000 0000 0000 0000 0000 0000 012F 0000 0131 0132 0133 0000 0000 0000 0115 0116 0000
0000 0118 0119 0000 0000 016B 016C 016D 0000 0000 0000 0000 011D 011E 011F 0000 01C0 01C1 01C2 0000 0000 014F 0000 0151 0152 0153 0000 0000 0134 0135 0136 0000
0137 0138 0139 013A 0000 0000 0000 0000 0000 0000 0000 013C 013D 013E 013F 0000 0000 0000 0000 0000 0000 0000 0000 0000 0000 0000 0000 0000 0000 0000 0000 0000
0157 0158 0159 0000 0000 0000 0000 0000 0000 0000 015B 015C 015D 0000 0000 0000 0000 0000 0000 0000 01C5 0000 01C7 0000 0000 0000 0000 0000 0000 0000 0000 0000
0000 0000 0000 0000 0000 0000 0000 0000 0000 0000 017B 017C 0000 0000 0000 0000 0000 0000 01E3 01E4 01E5 01E6 01E7 01E8 01E9 01EA 01EB 01EC 01ED 0000 0000 0000
0000 0000 0000 0000 0000 0000 01CF 01D0 0000 0000 019B 019C 019D 0000 0000 0000 0000 0000 0203 0204 0205 0000 0000 0000 0000 0000 020B 020C 020D 0000 0000 0000
0000 0000 0000 0000 0000 01EE 01EF 01F0 0000 0000 01BB 01BC 01BD 0000 0000 0000 0000 0000 0000 0000 0000 0226 0227 0228 0229 022A 022B 0000 0000 0000 0000 0000
0000 0000 0000 0000 0000 0000 020F 0210 0211 0000 0000 0000 0000 0000 0000 0000 0000 0000 0000 0000 0000 0246 0247 0248 0249 024A 0000 0000 0000 0000 0000 0000
0000 0000 0000 0000 0000 0000 022F 0230 0231 0000 0000 01D3 01D4 01D5 01D6 0000 01D7 01D8 01D9 0000 0000 0000 0000 0000 0000 0000 0000 0000 0000 0000 0000 0000
0000 0000 0000 0000 0000 0000 0000 0000 0000 0000 01F2 01F3 01F4 01F5 01F6 0000 01F7 01F8 01F9 0000 0000 0000 0000 0000 0000 0000 0000 0000 0000 0000 0000 0000
