ATARI GAUNTLET PLAYFIELD 16X16 TILEMAP
SOURCE: level-068-playfield.png
GRID: 32 X 32
TILE_SIZE: 16 X 16
UNIQUE_TILES: 65

0000 0001 0002 0000 0000 0000 0003 0000 0000 0001 0002 0000 0000 0003 0000 0003 0000 0003 0004 0002 0000 0003 0000 0000 0000 0000 0000 0003 0000 0000 0000 0000
0005 0006 0007 0008 0005 0009 000A 0008 000B 000C 0007 0008 0005 0009 000A 0008 0005 0009 0006 000D 0005 0009 000A 0008 0005 0009 000A 0008 0005 000E 000F 0008
0008 0006 0010 000A 0008 0005 0009 000A 0011 0012 0013 0014 0015 0016 0017 0014 0015 0018 0006 0007 0008 0005 0009 000A 0008 0005 0009 000A 0008 0019 0010 000A
000A 0006 001A 0009 000A 0008 0005 0009 001B 001C 0000 0000 0000 0000 0000 0000 001D 000D 0006 0010 000A 0008 0005 0009 000A 0008 0005 0009 000A 0006 001A 0009
0009 0006 000D 0005 0009 000A 0008 000B 001E 001F 0015 0016 0017 0014 0015 0018 0006 0007 0006 001A 0009 000A 0008 0005 0009 000A 0008 0005 0009 0006 000D 0005
0005 0006 0007 0008 0005 0009 001B 0020 0003 0000 0000 0000 0000 0000 001D 000D 0006 0010 0006 000D 0005 0009 000A 0008 0005 0009 000A 0008 000B 0021 0022 0008
0008 0006 0013 0014 0015 0016 0023 0022 0008 000B 0017 000F 0008 0005 0006 0007 0006 001A 0006 0007 0008 0005 0009 000A 0008 0005 0009 000A 0024 0025 0026 000A
000A 0027 0002 0000 0000 001D 001A 0009 001B 0020 0028 0029 000F 0008 0006 0010 0006 000D 0006 0010 000A 0008 0005 0009 000A 0008 0005 0009 001B 0023 002A 0009
0026 0006 000D 0005 0009 0006 000D 000B 0023 0022 0008 0019 0010 000A 0006 001A 0006 0007 0006 001A 0009 000A 0008 0005 0009 000A 0008 0005 0024 002B 0015 0016
002A 0006 0007 0008 0005 0006 0007 0019 001A 0009 000A 002C 0025 0026 0006 000D 0006 0010 0006 000D 0005 0009 000A 0008 0005 0009 000A 0008 0005 002D 0002 0028
0008 0006 0010 000A 0008 0006 0010 0006 000D 0005 0009 000A 0024 002A 0006 0007 0006 001A 0006 0007 0008 0005 0009 000A 0008 0005 0009 000A 002E 0021 0029 000F
000A 0006 001A 0009 000A 002C 002A 0006 0007 0008 0005 0009 001B 002F 0006 0010 0006 000D 0006 0013 0014 0015 0016 0017 000F 0008 000B 0017 001E 0030 001E 0010
0009 0006 0030 0016 0017 0014 0015 0021 0031 000A 0008 000B 0023 002B 000C 001A 0006 0007 0032 0000 0000 0000 0000 0028 0031 000A 002D 0002 0003 0000 0033 002A
0005 0027 0002 0000 0000 0000 0028 0034 0018 0009 001B 0023 0025 0020 0033 0035 0006 0013 0014 0015 0018 0009 000A 0008 0005 000E 0021 0035 0005 0009 000A 0008
002F 0006 0010 000A 0008 0005 0009 0024 0034 0018 0024 0022 0019 001A 0009 000A 0032 0000 0000 0028 0035 0005 000E 0014 002F 0019 0010 000A 002E 0016 0017 0014
0022 0006 001A 0009 000A 0008 0005 000E 0023 0034 0018 0009 002C 0034 0016 0017 0014 0015 0016 0017 000F 002E 0020 0028 0022 002C 002A 000E 0020 0000 0000 0028
0009 0006 000D 0005 0009 000A 0008 0019 0010 0024 0034 0018 0009 0011 0000 0000 0000 0000 0000 0028 0029 0023 0035 000B 0026 000A 002E 0023 0029 000F 0008 0005
0005 0006 0007 0008 0005 0009 000A 0006 001A 0009 0024 0034 0016 0017 0014 0015 0016 0017 000F 0008 0019 0010 000A 0024 002A 0009 0019 000D 0024 0031 000A 0008
0008 0006 0010 000A 0008 0005 000E 0021 0035 0005 0009 0011 0000 0000 0004 0002 0004 0036 0031 000A 0006 001A 0009 000A 0008 0005 0006 0007 0008 0005 0009 000A
000A 0006 001A 000E 0014 0015 0023 0031 000A 0008 0005 0009 000A 0008 002C 0029 0021 0035 0005 0009 0006 000D 0005 000E 000F 0008 0006 0010 000A 0008 0005 0009
0009 0006 000D 0011 0000 0028 0035 0005 0009 000A 0008 0005 000E 000F 0008 0024 0031 000A 0008 0005 0006 0007 0008 0024 0031 000A 002C 0025 0026 000A 0008 0005
0005 0006 0007 0008 0005 0009 000A 0008 0005 0009 000A 0008 0024 0031 000A 0008 0005 0009 000A 0008 0006 0013 000F 0008 0005 000E 000F 0024 0025 0017 0014 002F
002F 0006 0010 000A 0008 0005 0009 000A 0008 0005 0009 000A 0008 0005 0009 000A 0008 0005 0009 000A 0032 001D 0010 000A 002E 0023 0031 000A 0011 0000 0028 002B
0007 0006 001A 0009 000A 0008 0005 0009 000A 0008 0005 0009 000A 0008 0005 0009 000A 002E 0018 0009 000A 002C 0025 0017 0023 0035 0005 000E 0014 0015 0016 001E
0031 0006 0030 0018 000E 0014 002F 0005 0009 001B 002F 0005 000E 0014 0015 0016 0017 001E 0030 0018 0009 000A 0011 001D 0010 000A 0008 002D 0002 0000 0000 0033
0005 0037 0038 0030 0039 0036 002B 002F 000B 0023 0022 0008 0011 0000 0000 0000 0004 003A 0028 0035 0005 0009 000A 0006 001A 0009 000A 0006 001A 000E 000F 0008
0008 003B 003C 0000 0033 0025 001E 0007 0024 0025 0026 000A 0008 0005 0009 000A 0006 003D 0017 0014 0015 0016 0026 0006 000D 0005 0009 0006 000D 0024 0029 000F
000F 0006 001A 0009 000A 0011 0012 0010 000A 0024 0025 0026 000A 0008 0005 0009 0027 0002 0004 0002 0000 001D 003D 000C 0007 0008 0005 0006 0007 0008 0024 0029
0010 0006 000D 0005 0009 003E 0006 001A 0009 001B 0023 002A 0009 000A 0008 0005 0006 0007 002C 0025 0026 0032 0000 0012 0013 0014 002F 002C 0029 000F 0008 0019
001A 0006 0007 0008 0005 0009 0006 000D 0005 0019 0007 0008 0005 000E 0014 0015 000C 0010 000A 0024 002A 0009 001B 003F 0002 0028 002B 002F 0024 0029 0014 000C
0035 0006 0010 000A 0008 0005 0006 0007 0008 0006 0010 000A 0008 002D 0002 0004 0040 0025 0026 000A 0008 000B 0020 0033 0035 0005 0024 002B 002F 0011 0000 0033
0014 000C 003D 0017 0014 0015 000C 0013 0014 000C 003D 0017 0014 000C 003D 000C 001F 001E 003D 0017 0014 001E 003D 0017 0014 0015 0016 001E 001F 0015 0016 0017
