ATARI GAUNTLET MOTION OBJECT 16X16 TILEMAP
SOURCE: level-098.png
GRID: 32 X 32
TILE_SIZE: 16 X 16
ATLAS_TILES: 1600
UNIQUE_PIXEL_TILES: 213
CONNECTED_OBJECT_GROUPS: 19

0020 0021 0022 0000 0000 0000 0000 0000 0000 0000 0024 0025 0026 0000 0000 0000 0000 0027 0028 0029 0000 002B 002C 002D 0000 002F 0030 0031 0032 0000 0000 0000
0040 0041 0042 0043 0000 0000 0036 0037 0038 0000 0044 0045 0046 0000 0000 0000 0000 0047 0048 0049 004A 004B 004C 004D 004E 004F 0050 0051 0052 0000 0054 0055
0060 0061 0062 0063 0000 0000 0056 0057 0058 0000 0000 0000 0000 0000 0000 0000 0000 0000 0000 0000 0000 006B 006C 006D 0000 006F 0000 0000 0072 0000 0074 0075
0000 0000 0000 0000 0000 0000 0000 0000 0000 0000 0000 0000 0000 0000 0000 0000 0000 003C 003D 003E 0000 008B 0000 0000 008E 008F 0090 0091 0092 0093 0000 0000
003F 0000 0000 0000 0000 0000 0000 0000 0340 0341 0342 0000 0000 0000 0000 0000 0000 005C 005D 005E 0000 00AB 0000 00AD 00AE 00AF 00B0 00B1 00B2 00B3 00B4 00B5
0000 0000 0000 0000 0000 0000 0000 0000 0360 0361 0362 0000 0000 0000 0079 007A 007B 0000 0000 0000 0000 00CB 00CC 00CD 00CE 00CF 0000 0000 00D2 00D3 00D4 0000
0000 0000 0000 0000 0000 0000 0000 0000 0000 0000 0000 0000 0000 0000 0099 009A 009B 0000 0000 0000 0000 00EB 0000 00ED 00EE 00EF 0000 0000 00F2 00F3 00F4 0000
0343 0000 0000 0000 0000 0000 0000 0000 0000 0000 0000 0000 0000 0000 0000 0000 0000 00BC 00BD 00BE 0000 010B 0000 010D 010E 010F 0110 0111 0112 0113 0114 0115
0363 0364 0365 0366 0000 0000 0000 0000 0000 0000 0000 0000 0000 0000 0000 0000 0000 00DC 00DD 00DE 0000 012B 012C 012D 012E 012F 0000 0131 0132 0133 0000 0135
0383 0000 0000 0000 0387 0388 0389 0000 0000 0000 0000 0000 0000 0000 0000 0000 0000 0000 0000 0000 0000 014B 014C 014D 014E 014F 0000 0151 0152 0153 0154 0155
03A3 0000 0000 0000 03A7 03A8 03A9 03AA 03AB 03AC 0000 0000 0000 0000 0000 0000 0000 0000 0000 0000 0000 016B 016C 016D 0000 016F 0000 0000 0000 0000 0174 0175
03C3 0000 0000 0000 0000 0000 0000 03CA 03CB 03CC 03CD 03CE 03CF 03D0 03D1 0000 0000 0000 0000 0189 018A 018B 018C 018D 018E 018F 0190 0191 0192 0193 0194 0195
0000 0000 0000 0000 0000 0000 0000 0000 0000 03EC 03ED 03EE 03EF 03F0 03F1 0000 0000 0000 0000 01A9 01AA 01AB 01AC 0000 0000 0000 0000 0000 0000 0000 0000 01B5
0352 0000 0000 0000 0000 0000 0000 0000 0000 0000 0000 0000 0000 0000 0000 0000 0000 0000 0000 0000 0000 0000 0000 01CD 01CE 01CF 01D0 01D1 01D2 01D3 01D4 01D5
0372 0000 0000 0000 0000 0000 0000 0000 0000 0000 0000 0000 0356 0000 0000 0000 0357 0000 0000 0000 0359 0000 0000 0000 01EE 01EF 0000 01F1 0000 01F3 01F4 01F5
0392 0393 0394 0000 0000 0000 0000 0000 0000 0000 0000 0375 0000 0000 0000 0000 0377 0378 0000 0000 0000 037A 0000 020D 020E 020F 0000 0211 0212 0213 0000 0000
03B2 03B3 03B4 0000 0000 0000 0000 0000 0000 0000 0000 0000 0000 0000 0000 0000 0000 0000 0000 0000 0000 0000 0000 0000 0000 0000 0230 0231 0232 0233 0234 0235
0000 0000 0000 0000 0000 0000 0000 0000 0000 0000 0000 0000 0000 0000 0000 0000 0000 0000 0000 0000 0000 0000 0000 0000 0000 024F 0250 0251 0252 0253 0000 0000
0000 0000 0000 0000 0000 0000 0000 0000 0000 0400 0401 0402 0000 0000 0000 0000 0000 0000 0000 0000 0000 040C 040D 040E 0000 0000 0000 0271 0272 0273 0000 0000
0411 0000 0000 0000 0000 0000 0000 0000 0000 0420 0421 0422 0000 0000 0000 0000 0000 0000 0000 0000 0000 042C 042D 042E 042F 0430 0000 0000 0000 0000 0294 0295
0431 0000 0000 0000 0000 0000 0000 0000 0000 0440 0441 0442 0443 0444 0445 0446 0447 0448 0449 044A 044B 044C 044D 044E 044F 0450 0000 0000 0000 02B3 02B4 02B5
0000 0000 0000 0000 0000 0000 0000 0000 0000 0460 0461 0462 0463 0464 0000 0000 0000 0000 0000 046A 046B 046C 046D 046E 0000 0000 0000 0000 02D2 02D3 02D4 0000
04A0 04A1 04A2 04A3 0000 0000 0000 0000 0000 0000 0481 0482 0483 0000 0000 0000 0000 0000 0000 0000 048B 048C 048D 0000 0000 0000 0000 0000 0000 0000 0000 02F5
04C0 0000 0000 0000 0000 0000 0000 0000 0000 0000 0000 0000 0000 0000 0000 0000 0000 0000 0000 0000 0000 0000 0000 0000 04B8 04B9 04BA 0000 0000 0000 0314 0315
0000 04E1 04E2 04E3 04E4 04E5 04E6 04E7 04E8 04E9 0000 0000 0000 0000 0000 0000 0000 0000 0000 0000 0000 0000 0000 0000 0000 0000 0000 0000 0000 0000 0000 0335
0000 0501 0502 0503 0504 0505 0506 0507 0508 0509 0000 0000 0000 0000 0000 0000 0000 0000 0000 0000 0000 04BC 04BD 04BE 0000 0000 0000 0000 0000 0000 0000 0000
0000 0000 0000 0000 0000 0000 0000 0000 0000 0000 052A 0000 0000 0000 0000 0000 0000 0000 0000 0000 0000 04DC 04DD 04DE 04DF 0000 0000 0000 0000 0000 0000 0000
0000 0000 0000 0000 0000 0000 0000 0000 0000 0549 054A 054B 054C 054D 0000 054F 0550 0551 0000 0000 0000 04FC 04FD 0000 0000 0000 05E0 0000 0000 0000 0000 0000
0000 0000 0000 0000 0000 0000 0000 0000 0000 0569 056A 056B 056C 056D 0000 056F 0570 0571 0000 0000 051B 051C 051D 0000 0000 0000 0000 0000 0000 0000 0000 0000
0580 0581 0582 0583 0584 0585 0586 0587 0588 0589 0000 0000 0000 0000 0000 058F 0590 0591 0000 0000 0000 0000 0000 0000 0000 0000 0000 0000 0000 0000 0000 05E2
05A0 05A1 05A2 05A3 05A4 05A5 05A6 05A7 05A8 05A9 05AA 05AB 05AC 05AD 05AE 05AF 05B0 05B1 05B2 05B3 05B4 05B5 05B6 05B7 0000 0000 0000 0000 0000 0000 0601 0602
05C0 0000 0000 0000 0000 0000 0000 0000 0000 0000 0000 0000 0000 0000 0000 0000 0000 0000 0000 0000 0000 0000 0000 0000 0000 0000 0000 0000 0000 0000 0621 0622
