ATARI GAUNTLET MOTION OBJECT 16X16 TILEMAP
SOURCE: level-034.png
GRID: 32 X 32
TILE_SIZE: 16 X 16
ATLAS_TILES: 992
UNIQUE_PIXEL_TILES: 176
CONNECTED_OBJECT_GROUPS: 7

0020 0021 0022 0023 0000 0000 0000 0027 0000 0000 002A 0000 0000 0000 0000 0000 0000 0000 0000 0000 0000 0035 0036 0037 0000 0000 0000 0000 003C 0000 003E 003F
0040 0041 0042 0043 0000 0000 0046 0047 0000 0000 004A 0000 0000 004D 0000 0000 0000 0000 0000 0000 0000 0055 0056 0057 0058 0000 0000 0000 005C 0000 005E 005F
0060 0061 0062 0063 0064 0065 0000 0067 0000 0000 006A 0000 0000 006D 006E 006F 0070 0071 0072 0073 0000 0000 0000 0077 0000 0079 007A 007B 007C 007D 007E 007F
0000 0000 0000 0000 0084 0000 0000 0087 0000 0000 008A 0000 0000 008D 008E 008F 0090 0000 0092 0000 0000 0095 0000 0097 0000 0000 009A 0000 009C 0000 0000 0000
00A0 00A1 0000 0000 00A4 0000 0000 00A7 00A8 00A9 00AA 0000 0000 00AD 0000 0000 0000 0000 00B2 0000 0000 00B5 0000 00B7 00B8 00B9 00BA 00BB 00BC 00BD 00BE 00BF
00C0 0000 0000 0000 00C4 0000 0000 00C7 00C8 00C9 00CA 0000 0000 00CD 00CE 00CF 00D0 00D1 00D2 0000 0000 00D5 0000 00D7 0000 0000 0000 0000 00DC 00DD 00DE 0000
00E0 0000 0000 0000 00E4 0000 0000 00E7 00E8 00E9 00EA 0000 0000 0000 0000 0000 0000 0000 00F2 0000 0000 00F5 00F6 00F7 00F8 00F9 00FA 00FB 00FC 00FD 00FE 00FF
0100 0000 0000 0000 0104 0000 0106 0107 0108 0109 010A 010B 010C 010D 010E 010F 0110 0111 0112 0113 0114 0115 0116 0117 0000 0119 0000 0000 0000 0000 011E 011F
0120 0000 0000 0000 0124 0000 0000 0000 0000 0000 0000 0000 0000 0000 0000 0000 0000 0000 0132 0133 0134 0135 0136 0137 0000 0139 0000 0000 0000 0000 0000 013F
0140 0141 0000 0000 0144 0000 0000 0000 0000 0000 0000 014B 014C 014D 014E 014F 0150 0151 0152 0153 0154 0155 0156 0157 0158 0159 015A 015B 015C 015D 015E 015F
0160 0161 0000 0163 0164 0165 0166 0167 0168 0169 016A 016B 016C 0000 0000 016F 0000 0171 0172 0173 0174 0175 0000 0000 0000 0000 0000 0000 0000 0000 0000 017F
0180 0181 0000 0183 0000 0000 0000 0000 0000 0000 0000 0000 0000 0000 0000 018F 0000 0191 0000 0000 0000 0195 0196 0197 0198 0199 019A 019B 0000 0000 0000 019F
01A0 01A1 01A2 01A3 01A4 01A5 01A6 01A7 01A8 01A9 01AA 01AB 01AC 01AD 0000 01AF 0000 01B1 0000 0000 0000 01B5 0000 01B7 01B8 0000 01BA 01BB 0000 01BD 01BE 01BF
0000 01C1 0000 01C3 0000 0000 0000 0000 0000 0000 01CA 0000 01CC 01CD 0000 01CF 0000 01D1 0000 0000 0000 01D5 0000 01D7 0000 0000 0000 01DB 0000 01DD 01DE 01DF
0000 01E1 0000 01E3 0000 01E5 01E6 01E7 01E8 01E9 01EA 0000 01EC 01ED 0000 01EF 0000 01F1 0000 0000 0000 01F5 0000 01F7 0000 0000 0000 01FB 0000 01FD 0000 01FF
0000 0201 0000 0203 0000 0000 0206 0000 0208 0209 020A 020B 020C 020D 020E 020F 0210 0211 0212 0213 0214 0215 0000 0217 0000 0000 0000 021B 021C 021D 0000 021F
0000 0221 0000 0223 0000 0000 0226 0000 0228 0229 022A 0000 0000 0000 0000 0000 0230 0231 0232 0000 0000 0000 0000 0237 0000 0000 0000 023B 023C 023D 0000 023F
0000 0241 0000 0243 0000 0000 0246 0247 0248 0249 024A 024B 024C 024D 024E 0000 0000 0000 0252 0253 0254 0255 0256 0257 0000 0259 0000 0000 025C 0000 0000 025F
0000 0261 0000 0263 0000 0000 0266 0000 0000 0269 0000 0000 026C 0000 026E 026F 0270 0271 0272 0000 0274 0000 0000 0000 0000 0279 0000 0000 027C 0000 0000 027F
0000 0281 0000 0283 0000 0000 0286 0000 0000 0289 0000 0000 028C 0000 028E 0000 0290 0000 0292 0000 0294 0000 0296 0000 0000 0299 0000 0000 029C 0000 0000 029F
0000 0000 0000 0000 0000 0000 02A6 0000 0000 02A9 0000 0000 02AC 0000 02AE 0000 02B0 02B1 02B2 0000 02B4 0000 02B6 02B7 02B8 02B9 0000 0000 02BC 0000 0000 02BF
0000 0000 0000 0000 0000 0000 02C6 0000 0000 02C9 0000 0000 0000 0000 02CE 0000 02D0 0000 02D2 0000 02D4 0000 02D6 02D7 02D8 02D9 02DA 02DB 02DC 0000 0000 02DF
0380 0381 0382 0383 0000 0000 0000 0000 0000 02E9 0000 0000 0000 0000 02EE 0000 02F0 0000 0000 0000 02F4 02F5 02F6 02F7 02F8 02F9 02FA 02FB 02FC 02FD 02FE 02FF
03A0 03A1 0000 0000 0000 0000 0000 0000 0000 0309 0000 030B 030C 030D 030E 0000 0310 0000 0000 0000 0314 0000 0316 0000 0000 0000 0000 0000 0000 0000 0000 031F
03C0 0000 0000 0000 0324 0325 0326 0327 0328 0329 032A 0000 032C 032D 032E 0000 0330 0331 0332 0333 0334 0335 0336 0337 0338 0339 033A 033B 033C 033D 033E 033F
0000 0000 0000 0000 0000 0000 0000 0347 0348 0349 0000 0000 0000 0000 034E 0000 0000 0000 0000 0000 0000 0000 0356 0357 0358 0000 0000 0000 0000 0000 0000 0000
0000 0000 0000 0000 0000 0000 0000 0000 0000 0369 0000 0000 0000 036D 036E 036F 0370 0371 0372 0373 0374 0375 0376 0377 0000 0000 0000 0000 0000 0000 0000 0000
0000 0000 0000 0000 0000 0000 0000 0000 0000 0000 0000 0000 0000 0000 0000 0000 0000 0000 0000 0000 0000 0000 0000 0000 0000 0000 0000 0000 0000 0000 0000 0000
0000 0000 0000 0000 0000 0000 0000 0000 0000 0000 0000 0000 0000 0000 0000 0000 0000 0000 0000 0000 0000 0000 0000 0000 0000 0000 0000 0000 0000 0000 0000 0000
0000 0000 0000 0000 0000 0000 0000 0000 0000 0000 0000 0000 0000 0000 0000 0000 0000 0000 0385 0386 0000 0000 0000 0000 0000 0000 0000 0000 0000 0000 0000 0000
0000 0387 0388 0389 038A 038B 0000 0000 0000 038C 038D 038E 038F 0390 0000 0000 0000 03A4 03A5 03A6 0000 0000 0000 0391 0392 0393 0394 0395 0000 0000 0397 0398
0000 0000 0000 0000 0000 0000 0000 0000 0000 0000 0000 0000 0000 0000 0000 0000 0000 03C4 03C5 03C6 0000 0000 0000 0000 0000 0000 0000 0000 0000 03B6 03B7 03B8
