ATARI GAUNTLET MOTION OBJECT 16X16 TILEMAP
SOURCE: level-038.png
GRID: 32 X 32
TILE_SIZE: 16 X 16
ATLAS_TILES: 512
UNIQUE_PIXEL_TILES: 116
CONNECTED_OBJECT_GROUPS: 32

0000 0000 0000 0000 0000 0000 0000 0000 0000 0000 0000 0000 0000 0020 0021 0022 0000 0000 0000 0023 0024 0025 0000 0000 0000 0000 0000 0000 0000 0000 0000 0000
0026 0027 0000 0000 0000 0000 0000 0000 0000 0000 0000 0000 0000 0040 0041 0042 0000 0000 0000 0043 0044 0045 0000 0000 0000 0000 0000 0000 0000 0000 0000 0028
0046 0000 0000 0000 0000 0000 0000 0000 0029 002A 002B 0000 0000 0000 0000 0000 0000 0000 0000 0000 0000 0000 0000 002C 0000 0000 0000 0000 0000 0000 0000 0000
0066 0067 0000 0000 0000 0000 0000 0000 0000 0000 0000 0000 0000 0000 0000 0000 0000 0000 0000 0000 0000 0000 0000 0000 0000 0000 0000 0000 0000 0000 0000 0000
0000 0000 0000 0000 0000 0000 0000 0000 0000 0000 0000 0000 0000 0000 0000 0000 0000 0000 0000 0000 0000 0000 0000 0000 0000 0000 0000 0000 0000 0000 0000 0000
002D 002E 0000 0000 0000 0000 0000 0000 0000 0000 0000 0000 0000 0000 0000 0000 0000 0000 0000 0000 0000 0000 0000 0000 0000 0000 0000 0000 0000 0000 0000 002F
004D 004E 0000 0000 0000 0031 0032 0000 0000 0000 0000 0000 0000 0000 0000 0000 0000 0000 0000 0000 0000 0000 0000 0000 0034 0035 0036 0037 0038 0000 0000 004F
0000 0000 0000 0000 0050 0051 0052 0000 0000 0000 0000 0000 0000 0000 0000 003C 003D 003E 0000 0000 0000 0000 0000 0000 0054 0055 0056 0057 0058 0000 0000 0000
00E0 00E1 00E2 0000 0000 0071 0072 0073 0000 0000 0000 0000 0000 0000 0000 005C 005D 005E 0000 0000 0000 0000 0000 0000 0000 0075 0076 0077 0000 0000 007A 007B
0000 0000 0102 0000 0000 0091 0092 0093 0000 0000 0000 0000 0000 0000 0000 0000 0000 0000 0000 0000 0000 0000 0000 0000 0000 0095 0096 0097 0000 0000 009A 0000
00E3 0000 0000 0000 0000 0000 0000 0000 0000 0000 0000 0000 0000 0000 0000 0000 0000 00E4 00E5 00E6 00E7 00E8 00E9 0000 0000 0000 0000 0000 00B8 00B9 00BA 00BB
0103 0000 0000 0000 0000 0000 0000 0000 0000 0000 0000 0000 0000 0000 0000 0000 0000 0104 0105 0106 0107 0108 0109 0000 0000 0000 0000 0000 00D8 00D9 00DA 00DB
0000 0000 0000 0000 0000 0000 0000 0000 0000 0000 0000 0000 0000 0000 0000 0000 0000 0000 0000 0000 0127 0128 0129 0000 0000 0000 0000 0000 0000 0000 0000 0000
00EA 00EB 00EC 0000 0000 0000 0000 0000 0000 0000 0000 0000 0000 0000 0000 0000 0000 0000 0000 0000 0147 0148 0149 0000 0000 0000 0000 0000 0000 0000 0000 0000
010A 010B 010C 0000 0000 0000 0000 0000 0000 0000 0000 0000 0000 0000 0000 0000 0000 0000 0000 0000 0000 0000 0000 0000 0000 0000 0000 0000 0000 0000 0000 0000
012A 0000 0000 012D 012E 0000 0000 0000 0000 0000 0000 0000 0000 0000 00EF 0000 00F0 0000 0000 0000 0000 0000 0000 0000 0000 0000 0000 0000 0000 00F1 00F2 00F3
014A 0000 0000 0000 0000 0000 0000 0000 0000 0000 0000 0000 0000 0000 0000 0000 0000 0000 0000 0000 0000 0000 0000 0000 0000 0000 0000 0000 0000 0000 0112 0113
0000 0000 0000 0000 0000 0000 0000 0000 0000 0000 0000 0000 0000 00F4 00F5 00F6 0000 00F7 00F8 00F9 0000 0000 0000 0000 0000 0000 0000 0000 0000 0000 0000 0000
0000 0000 0000 0000 0000 0000 0000 0000 0000 0000 0000 0000 0000 0000 0000 0000 0000 0000 0000 0000 0000 0000 0000 0000 0000 0000 0000 0000 0000 0000 0000 0000
0000 0000 0000 0000 0000 0000 0000 0000 0000 0000 0000 0000 0000 00FA 00FB 0000 0000 00FD 00FE 0000 0000 0000 0000 0000 0000 0000 0000 0000 0000 0000 0000 0000
0160 0161 0000 0000 0000 0000 0000 0000 0000 0000 0000 0000 0000 011A 011B 011C 0000 011D 011E 011F 0000 0000 0000 0000 0000 0000 0000 0000 0000 0000 0000 0000
0000 0181 0182 0183 0000 0000 0000 0000 0000 0000 0000 0000 0000 0000 0000 0000 0000 0000 0000 0000 0000 0000 0000 0000 0000 0000 0000 0000 0000 0164 0165 0166
0000 01A1 01A2 01A3 0000 0000 0000 0000 0000 0000 0000 0000 0000 0000 0000 0000 0000 0000 0000 0000 0000 0000 0000 0000 0000 0000 0000 0000 0000 0184 0185 0186
0000 01C1 01C2 01C3 0000 0000 0000 0167 0168 0169 0000 0000 0000 0000 0000 0000 0000 0000 0000 0000 0000 0000 0000 016A 016B 016C 0000 0000 0000 01A4 01A5 01A6
0000 0000 0000 0000 0000 0000 0000 0000 0000 0000 0000 0000 0000 0000 0000 0000 0000 0000 0000 0000 0000 0000 0000 0000 0000 0000 0000 0000 0000 0000 0000 0000
0000 0000 0000 0000 0000 0000 0000 0000 0000 0000 0000 0000 0000 0000 0000 0000 0000 0000 0000 0000 0000 0000 0000 0000 0000 0000 0000 0000 0000 0000 0000 0000
0000 0000 0000 0000 0000 0000 0000 0000 0000 0000 0000 0000 0000 0000 0000 0000 0000 0000 0000 0000 0000 0000 0000 0000 0000 0000 0000 0000 0000 0000 0000 0000
0000 0000 0000 0000 0000 016E 016F 0170 0171 0000 0000 0000 0000 0000 0000 0000 0000 0000 0000 0000 0000 0000 0000 0000 0176 0177 0178 0179 017A 0000 0000 0000
0000 0000 0000 0000 018D 018E 018F 0190 0191 0000 0000 0000 0000 0000 0000 0000 0000 0000 0000 0000 0000 0000 0000 0000 0196 0197 0198 0199 019A 0000 0000 0000
0000 0000 0000 0000 0000 0000 0000 0000 01B1 01B2 01B3 0000 0000 0000 0000 0000 0000 0000 0000 0000 0000 0000 01B4 01B5 01B6 0000 0000 0000 0000 0000 0000 0000
017B 017C 0000 0000 0000 0000 0000 0000 0000 0000 0000 0000 0000 0000 0000 0000 0000 0000 0000 0000 0000 0000 0000 0000 0000 0000 0000 0000 0000 0000 0000 017D
019B 019C 0000 01E0 01E1 01E2 0000 0000 0000 0000 0000 0000 0000 0000 0000 0000 0000 0000 0000 0000 0000 0000 0000 0000 0000 0000 0000 01E3 01E4 01E5 0000 019D
