ATARI GAUNTLET MOTION OBJECT 16X16 TILEMAP
SOURCE: level-037.png
GRID: 32 X 32
TILE_SIZE: 16 X 16
ATLAS_TILES: 1056
UNIQUE_PIXEL_TILES: 117
CONNECTED_OBJECT_GROUPS: 23

0000 0000 0000 0000 0020 0021 0022 0000 0000 0000 0000 0000 0000 0028 0000 0000 0000 0000 0000 0000 0000 0000 0000 0000 0000 0000 0000 0000 0000 0000 0000 0000
0000 0000 0000 0000 0040 0041 0042 0043 0044 0000 0000 0000 0000 0048 0000 0000 004B 0000 0000 0000 0000 0000 0000 0000 0000 0000 0000 0000 0000 0000 0000 0000
0000 0000 0000 0000 0000 0000 0000 0000 0000 0000 0065 0066 0067 0068 0000 0000 006B 0000 0000 0000 0000 002D 002E 002F 0000 0000 0000 0000 0000 0000 0000 0000
0000 0000 0000 0000 0000 0000 0000 0000 0000 0000 0000 0000 0000 0088 0000 0000 008B 0000 0000 0000 0000 004D 004E 004F 0000 0000 0000 0000 0000 0000 0000 0000
0000 0000 0000 0000 0000 0030 0031 0032 0000 0000 0000 0000 0000 00A8 0000 0000 00AB 0000 0000 0000 0000 0000 0000 0000 0000 0000 0000 0000 0000 0000 0000 0000
0000 0000 0000 0000 0000 0050 0051 0052 0053 0000 00C5 00C6 00C7 00C8 0000 0000 00CB 0000 0000 0000 0000 0000 0000 0000 0000 0000 0000 0000 0000 0000 0000 0000
0000 0000 0000 0000 0000 0000 0000 0000 0000 0000 00E5 00E6 00E7 00E8 0000 0000 00EB 0000 0000 0000 0000 0000 0000 0000 0000 0000 0000 0000 0000 0000 0000 0000
0034 0000 0000 0000 0000 0000 0000 0000 0000 0000 0000 0000 0000 0108 0000 0000 010B 0000 0000 0000 0000 0000 0000 0000 0000 0000 0000 0035 0036 0037 0038 0039
0054 0000 0000 0000 003A 003B 003C 0000 0000 0000 0000 0000 0000 0128 0000 0000 012B 0000 0000 0000 0000 003D 003E 003F 0000 0000 0000 0055 0056 0057 0058 0059
0074 0000 0000 0000 005A 005B 005C 0000 0300 0000 0000 0000 0000 0148 0000 0000 014B 0000 0000 0000 0000 005D 005E 005F 0000 0000 0000 0075 0076 0077 0078 0079
0000 0000 0000 0000 0000 0000 0000 0000 0000 0000 0000 0000 0000 0168 0000 0000 016B 0000 0000 0000 0000 0000 0000 0000 0000 0000 0000 0000 0000 0000 0000 0000
0301 0000 0000 0000 0000 0000 0000 0000 0000 0000 0000 0000 0000 0188 0000 0000 018B 0000 0000 0000 0000 0000 0000 0000 0000 0000 0000 0000 0303 0304 0305 0306
0321 0000 0000 0000 0000 0000 0000 0000 0000 0000 0000 0000 0000 01A8 0000 0000 01AB 0000 0000 0000 0000 0000 0000 0000 0000 0000 0000 0322 0323 0324 0325 0326
0341 0000 0000 0000 0000 0000 0000 0000 0307 0000 0000 0000 0000 01C8 0000 0000 01CB 0000 0000 0000 0000 0000 0000 0000 0000 0000 0000 0342 0343 0344 0345 0346
0361 0000 0000 0000 0000 0000 0000 0000 0000 0000 0000 0000 0000 01E8 0000 0000 01EB 0000 0000 0000 0000 0000 0000 0308 0000 0000 0000 0362 0363 0364 0365 0366
0000 0000 0000 0000 0000 0000 0000 0000 0000 0000 0000 0000 0000 0208 0000 0000 020B 0000 0000 0000 0000 0000 0000 0000 0000 0000 0000 0000 0000 0000 0000 0000
0000 0000 0000 0000 0309 030A 030B 0000 0000 0000 0000 0000 0000 0228 0000 0000 022B 0000 0000 0000 0000 0000 0000 0000 0000 0000 0000 0000 0000 0000 0000 0000
0000 0000 0000 0000 0329 032A 032B 0000 030C 0000 0000 0000 0000 0248 0000 0000 024B 0000 0000 0000 0000 0000 0000 0000 0000 0000 0000 0000 0000 0000 0000 0000
0000 0000 0000 0000 0000 0000 0000 0000 0000 0000 0000 0000 0000 0268 0000 0000 026B 0000 0000 0000 0000 0000 0000 0000 0000 0000 0000 0000 0000 0000 0000 0000
0000 0000 0000 0000 0000 0000 0000 0000 0000 0000 0000 0000 0000 0288 0000 0000 028B 0000 0000 0000 0000 0000 0000 0000 0000 0000 0000 0000 0000 0000 0000 0000
0000 0000 0000 0000 0000 0000 0000 0000 0000 0000 0000 02A6 02A7 02A8 0000 0000 02AB 0000 0000 0000 0000 0000 0000 0000 0000 0000 0000 0000 0000 0000 0000 0000
0000 0000 0000 0000 0000 0000 0000 0000 0000 0000 0000 02C6 02C7 02C8 02C9 02CA 02CB 02CC 0000 0000 0000 0000 0000 0000 0000 0000 0000 0000 0000 0000 0000 0000
0000 0000 0000 0000 0000 0000 0000 0000 0000 0000 0000 0000 0000 0000 02E9 02EA 02EB 02EC 0000 0000 0000 0000 0000 0000 0000 0000 0000 0000 0000 0000 0000 0000
0000 0000 0000 0000 0000 0000 0000 0000 0000 0000 0000 0000 0000 0000 0000 0000 0000 0000 0000 0000 0000 0000 0000 0000 0000 0000 0000 0000 0000 0000 0000 0000
0000 0000 0000 0000 0000 0000 0000 0000 0000 0000 0000 0000 030D 030E 0000 0000 0000 0000 0310 0311 0312 0000 0000 0000 0000 0000 0000 0000 0000 0000 0000 0000
0000 0000 0000 0000 0000 0000 0000 0000 0000 0000 0000 0000 032D 032E 032F 0000 0000 0000 0330 0331 0332 0000 0000 0000 0000 0000 0000 0000 0000 0000 0000 0000
0000 0000 0000 0000 0000 0000 0000 0000 0000 0000 0000 0000 0000 0000 0000 0000 0000 0000 0000 0000 0000 0000 0000 0000 0000 0000 0000 0000 0318 0319 031A 0000
0000 0000 0000 0000 0000 0000 0000 0000 0000 0000 0000 0000 0000 0000 0000 0000 0000 0000 0000 0000 0000 0000 0000 0000 0000 0000 0000 0000 0338 0339 033A 0000
0000 031B 031C 031D 0000 03A0 03A1 03A2 0000 0000 03A4 0000 0000 0000 0000 0000 0000 0000 0000 0000 0000 0000 0000 0000 0000 0000 0000 0000 0358 0359 035A 0000
0000 033B 033C 033D 0000 03C0 03C1 03C2 0000 03C3 03C4 03C5 0000 0000 0000 0000 0000 0000 0000 0000 0000 0000 0000 0000 0000 0375 0376 0377 0000 0000 0000 0000
0000 0000 0000 0000 0000 0000 0000 0000 0000 03E3 03E4 03E5 0000 0000 0000 0000 03A6 0000 0000 0000 0000 0000 0000 0393 0394 0395 0396 0397 0000 0000 0000 0000
0000 0000 0000 0000 0000 0000 0000 0000 0000 0403 0404 0405 0000 0000 0000 0000 03C6 03C7 0000 0000 0000 0000 0000 0000 0000 0000 0000 0000 0000 0000 0000 03A8
