ATARI GAUNTLET MOTION OBJECT 16X16 TILEMAP
SOURCE: level-050.png
GRID: 32 X 32
TILE_SIZE: 16 X 16
ATLAS_TILES: 480
UNIQUE_PIXEL_TILES: 130
CONNECTED_OBJECT_GROUPS: 35

0020 0021 0022 0000 0000 0000 0000 0000 0000 0000 0000 0000 0000 0000 0000 0000 0000 0000 0000 0000 0000 0000 0000 0000 0000 0000 0000 0000 0000 0000 0023 0024
0040 0041 0042 0000 0000 0000 0000 0000 0000 0000 0000 0000 0000 0000 0000 0000 0000 0000 0000 0000 0000 0000 0000 0000 0000 0000 0000 0000 0000 0000 0043 0044
0000 0000 0000 0000 0000 0000 0000 0000 0000 0000 0000 0025 0026 0027 0000 0000 0000 0000 0000 0000 0000 0000 0000 0000 0000 0000 0000 0000 0000 0000 0000 0064
0000 0000 0000 0000 0000 0000 0000 0000 0000 0000 0000 0045 0046 0047 0000 0000 0000 0000 0000 0000 0000 0000 0000 0000 0000 0000 0000 0000 0000 0000 0000 0000
0000 0028 0029 002A 0000 0000 0000 0000 0000 0000 0000 0000 0000 0000 0000 0000 002E 002F 0030 0031 0032 0000 0000 0000 0000 0000 0000 0000 0000 0000 0000 0000
0000 0048 0049 004A 0000 0000 0000 0000 0000 0000 0000 0000 0000 0000 004C 004D 004E 0000 0000 0000 0000 0000 0000 0000 0000 0000 0000 0000 0000 0000 0000 0000
0000 0000 0000 0000 0000 0000 0033 0034 0035 0000 0000 0000 0000 006B 006C 006D 006E 0000 0000 0000 0000 0000 0000 0000 0000 0000 0000 0000 0000 0000 0037 0038
0039 0000 0000 0000 0000 0000 0000 0000 0000 0000 0000 0000 0000 008B 008C 008D 0000 0000 0000 0000 0000 0000 0000 0000 0000 0000 0000 0000 0000 0056 0057 0058
0000 0000 0000 0000 0000 0000 0000 0000 0000 0000 0000 0000 0000 0000 0000 0000 0000 0000 0000 0000 0000 0000 0000 0000 0000 0000 003B 003C 0000 0000 0000 0000
0000 0000 003D 003E 003F 0000 0000 0000 0000 0000 0000 0000 0000 0000 0000 0000 0000 0000 0000 00A1 0000 0000 0000 0000 0000 005A 005B 005C 0000 0000 0000 0000
0000 0000 005D 005E 005F 0000 0000 0000 0000 0000 0000 0000 0000 0000 0000 0000 0000 0000 00C0 00C1 00C2 0000 0000 0000 0000 0000 0000 0000 0000 0000 0000 0000
0000 0000 0000 0000 0000 0000 0000 0000 0000 0000 0000 0000 0000 0000 0000 0000 0000 0000 0000 0000 0000 0000 0000 0000 0000 0000 0000 0000 0000 0000 0000 0000
0000 0000 0000 0000 0000 0000 0000 0000 0000 0000 0000 0000 00A3 0000 0000 0000 0000 0000 0000 0000 0000 0000 0000 0000 0000 0000 0000 0000 0000 0000 0000 0000
0000 0000 0000 0000 0000 0000 00A4 00A5 00A6 0000 0000 0000 00C3 0000 0000 0000 0000 0000 0000 0000 0000 0000 0000 00A8 00A9 0000 0000 0000 0000 0000 0000 0000
0000 0000 0000 0000 0000 0000 00C4 00C5 00C6 0000 0000 0000 00E3 0000 00AA 00AB 00AC 0000 0000 0000 0000 0000 00C7 00C8 00C9 0000 0000 0000 0000 0000 00AE 00AF
0000 0000 0000 0000 0000 0000 0000 0000 0000 0000 0000 0000 0103 0000 00CA 00CB 00CC 0000 0000 0000 0000 0000 0000 0000 0000 0000 0000 0000 0000 00CD 00CE 00CF
0000 00B0 00B1 00B2 0000 0000 0000 0000 00B3 00B4 0000 0000 0000 0000 0000 0000 0000 0000 0000 0000 0000 0000 0000 0000 0000 0000 0000 0000 0000 0000 0000 0000
0000 00D0 00D1 00D2 0000 0000 0000 0000 00D3 00D4 00D5 0000 0000 0000 0000 0000 00B6 00B7 00B8 0000 0000 0000 0000 00B9 0000 0000 0000 0000 0000 0000 0000 0000
0000 00F0 00F1 00F2 0000 0000 0000 0000 0000 0000 0000 0000 0000 0000 0000 0000 00D6 00D7 00D8 0000 0000 0000 0000 0000 0000 0000 0000 0000 0000 00BA 00BB 00BC
0000 0110 0111 0112 0000 0000 0000 0000 0000 0000 0000 0000 00BE 00BF 0000 0000 0000 0000 0000 0000 0000 0000 0000 0000 0000 0000 0000 0000 0000 0000 0000 0000
0000 0000 0000 0000 0000 0000 0000 0000 0000 0000 0000 00DD 00DE 00DF 0000 0000 0000 0000 0000 0000 0000 0000 0000 0000 0122 0123 0124 0125 0126 0127 0000 0000
0000 0128 0129 012A 0000 0000 012B 012C 012D 0000 0000 0000 0000 0000 0000 0000 0000 0000 0000 0000 0000 0000 0140 0141 0142 0000 0000 0000 0000 0000 0000 0000
0000 0148 0149 014A 0000 0000 014B 014C 014D 0000 0000 0000 0000 0000 0000 0000 0000 0000 0000 0000 0000 0000 0160 0161 0162 0000 0000 0000 0000 0000 0000 0000
0000 0000 0000 0000 0000 0000 0000 0000 0000 0000 0000 0000 0000 0000 0000 0000 0000 0000 0000 0000 0000 0000 0180 0181 0182 0000 0000 0000 0000 012E 012F 0130
0000 0132 0133 0134 0000 0000 0000 0000 0000 0000 0000 0000 0000 0000 0000 0000 0135 0136 0137 0138 0139 0000 0000 0000 0000 0000 0000 0000 0000 0000 0000 0150
0151 0152 0153 0154 0000 0000 0000 0000 0000 0000 0000 0000 0000 0000 0000 0000 0000 0000 0000 0000 0000 0000 0000 0000 0000 0000 0000 0000 0000 013A 0000 0170
0000 0000 0000 0000 0000 0000 0000 013B 0000 0000 0000 0000 0000 0000 0000 0000 0000 0000 0000 0000 0000 0000 0000 0000 0000 0000 0000 0000 0000 0000 0000 0000
0000 0000 0000 0000 0000 0000 0000 0000 0000 0000 0000 0000 0000 0000 0000 0000 0000 0000 0000 0000 0000 0000 0000 0000 0000 0000 0000 0000 0000 0000 0000 0000
013C 0000 0000 0000 013D 0000 0000 0000 0000 0000 0000 0000 0000 0000 0000 0000 0000 0000 0000 0000 0000 0000 0000 0000 0000 0000 0000 0000 01A0 01A1 01A2 01A3
0000 0000 0000 0000 015D 0000 0000 0000 0000 0000 0000 0000 0000 0000 0000 0000 0000 0000 0000 0000 0000 0000 0000 0000 0000 0000 0000 0000 0000 0000 0000 0000
0000 0000 0000 0000 017D 0000 0000 0000 0000 0000 0000 0000 0000 01A4 01A5 01A6 0000 0000 0000 0000 0000 0000 01A9 01AA 0000 0000 0000 0000 0000 0000 0000 0000
0000 0000 0000 0000 019D 0000 0000 0000 0000 0000 0000 0000 0000 01C4 01C5 01C6 01C7 0000 0000 0000 0000 01C8 01C9 01CA 0000 0000 0000 0000 0000 0000 0000 0000
