ATARI GAUNTLET MOTION OBJECT 16X16 TILEMAP
SOURCE: level-090.png
GRID: 32 X 32
TILE_SIZE: 16 X 16
ATLAS_TILES: 736
UNIQUE_PIXEL_TILES: 155
CONNECTED_OBJECT_GROUPS: 21

0020 0021 0022 0000 0000 0000 0000 0000 0000 0000 0000 0000 0024 0000 0000 0000 0000 0000 0000 0000 002C 002D 002E 0000 0030 0031 0032 0033 0000 0035 0036 0037
0040 0041 0042 0000 0000 0000 0000 0000 0000 0000 0000 0000 0044 0045 0000 0000 0000 0000 004A 0000 004C 004D 004E 004F 0050 0051 0052 0053 0000 0055 0056 0057
0060 0061 0062 0000 0000 0000 0000 0000 0000 0000 0000 0000 0064 0000 0066 0000 0000 0069 0000 006B 006C 006D 006E 006F 0070 0071 0072 0073 0000 0075 0076 0077
0080 0081 0082 0083 0000 0000 0000 0000 0000 0000 0000 0000 0084 0000 0000 0087 0088 0000 0000 0000 0000 0000 0000 0000 0000 0000 0000 0000 0094 0095 0096 0097
0000 0000 0000 0000 0000 0000 0000 0000 0000 0000 0000 0000 00A4 0000 0000 0000 0000 0000 0000 0000 0000 0000 0000 0000 0000 0000 0000 0000 0000 0000 0000 0000
0000 0000 0000 0000 0000 0000 0000 0000 0000 0000 0000 0000 0000 00C5 00C6 00C7 00C8 00C9 00CA 00CB 0000 0000 0000 0000 0000 0000 0000 0000 0000 0000 0000 0000
0000 0000 0000 0000 0000 0000 0000 0038 0039 003A 0000 0000 0000 0000 0000 0000 0000 0000 0000 0000 0000 0000 0000 0000 0000 0000 0000 0000 0000 0000 0000 0000
0000 0000 0000 0000 0000 0000 0000 0000 0000 0000 0000 0000 0000 0000 003B 003C 003D 0000 0000 0000 0000 0000 0000 0000 0000 0000 0000 0000 00E0 00E1 00E2 0000
00E4 00E5 00E6 00E7 0000 0000 0000 0000 0000 0000 0000 0000 0000 0000 0000 0000 0000 0000 0000 0000 0000 0000 0000 0000 0000 0000 0000 0000 0100 0101 0102 0103
0104 0105 0106 0107 0108 0000 0000 0000 0000 0000 0000 0000 0000 0000 0000 0000 0000 0000 0000 0000 0000 0000 0000 0000 0000 0000 0000 0000 0000 0000 0000 0123
0000 0000 0000 0000 0000 0000 0000 0000 0000 0000 0000 0000 0000 0000 00E9 00EA 00EB 0000 0000 0000 0000 0000 0000 0000 0000 0000 0000 0000 0000 0000 0000 0000
0000 0000 0000 0000 0000 0000 0000 0000 0000 0000 0000 0000 0000 0000 0109 010A 010B 0000 00EC 0000 00EE 00EF 0000 0000 0000 0000 0000 0000 0000 0000 0000 0000
0000 0000 0000 0000 0000 0000 0000 0000 0000 0000 0000 0000 0000 0000 0000 0000 0000 0000 0000 010D 010E 010F 0000 0000 0000 0000 0000 0000 0000 0000 0000 0000
0000 0000 0000 0000 00F0 00F1 00F2 00F3 00F4 0000 0000 0000 00F6 00F7 0000 0000 0000 0000 0000 0000 0000 0000 0000 0000 0000 0000 0000 0000 0000 0000 0000 0000
0000 0000 0000 0000 0000 0000 0000 0000 0000 0000 0000 0115 0116 0117 0000 0000 0000 0000 0000 0000 0000 0000 00FA 00FB 00FC 0000 0000 0000 01A0 0000 01A4 0000
0000 0000 0000 0000 0000 0000 0000 0000 0000 0000 0000 0000 0000 0000 0000 0000 0000 0000 0000 0000 0000 0000 011A 011B 011C 0000 0000 0000 01C0 0000 0000 0000
0000 0000 0000 0000 0000 0000 01A5 01A6 01A7 0000 0000 0000 0000 0000 0000 0000 0000 0000 0000 0000 0000 0139 013A 013B 013C 0000 0000 0000 01E0 0000 01E2 0000
0000 0000 0000 0000 0000 0000 0000 0000 0000 0000 0000 0000 0000 0000 0000 0000 0000 0000 0000 0000 0158 0159 015A 015B 015C 0000 0000 0000 0200 0000 0202 0203
0000 0000 0000 0000 0000 0000 01A8 0000 0000 0000 0000 0000 0000 0000 0000 0000 0000 0000 0000 0000 0178 0179 017A 017B 017C 0000 0000 0000 0220 0221 0000 0000
0000 0000 0000 0000 0000 0000 0000 0000 0000 0000 0000 0000 0000 0000 0000 0000 0000 0000 0000 0000 0000 0000 019A 019B 019C 0000 0000 0000 0240 0000 0000 0000
0000 0000 0000 01A9 01AA 01AB 0000 0000 0000 0000 0000 0000 0000 0000 0000 0000 0000 01AE 01AF 01B0 0000 0000 0000 0000 0000 0000 0000 0000 0000 0261 0262 0263
0000 0000 0000 0000 0000 0000 0000 0000 0000 0000 0000 0000 0000 0000 0000 0000 0000 01CE 01CF 01D0 0000 0000 0000 0000 0000 0000 0000 0000 0000 0281 0282 0283
0000 0000 0000 0000 0000 0000 0000 0000 0000 0000 0000 0000 0000 0000 0000 01EC 01ED 01EE 0000 0000 0000 0000 0000 0000 0000 0000 0000 0000 0000 0000 0000 0000
0000 0000 0000 0000 0000 0000 0000 0000 0000 0000 0000 0000 0000 0000 0000 020C 020D 020E 0000 0000 0000 0000 0000 0000 0000 0000 0000 0000 0000 0000 0000 0000
0000 0000 0000 0000 0000 0000 0000 0000 0000 0000 0000 0000 0000 0000 0000 0000 0000 0000 0000 0000 0000 0000 0000 0000 0000 0000 01B1 01B2 01B3 0000 0000 0000
0000 0000 0000 0000 0000 0000 0000 0000 0000 0000 0000 0000 0000 0000 0000 0000 0000 0000 0000 0000 0000 0000 0000 0000 0000 0000 01D1 01D2 01D3 01D4 01D5 0000
01B7 01B8 01B9 0000 0000 0000 0000 0000 0000 0000 0000 0000 0000 0000 0000 0000 0000 0000 0000 0000 0000 0000 0000 0000 0000 0000 0000 0000 01F3 01F4 01F5 01F6
01D7 01D8 0000 0000 0000 0000 0000 0000 0000 0000 0000 0000 0000 0000 0000 0000 0000 0000 0000 01BA 01BB 01BC 0000 0000 0000 0000 0000 0000 0000 0000 0000 0216
01F7 01F8 01F9 0000 0000 0000 0000 0000 0000 02A0 02A1 02A2 02A3 0000 0000 0000 0000 0000 0000 01DA 01DB 01DC 0000 0000 0000 0000 0000 0000 0000 0000 0000 0000
0000 0000 0000 0000 0000 0000 0000 0000 0000 0000 02C1 02C2 02C3 0000 0000 0000 0000 0000 0000 01FA 01FB 01FC 0000 0000 0000 0000 0000 0000 0000 0000 0000 0000
0000 0000 0000 0000 0000 0000 0000 0000 0000 0000 0000 0000 0000 0000 0000 0000 0000 0000 0000 0000 0000 0000 0000 0000 0000 0000 0000 0000 0000 0000 0000 0000
0000 0000 0000 0000 0000 0000 0000 0000 0000 0000 0000 0000 0000 0000 0000 0000 0000 0000 0000 0000 0000 0000 0000 0000 0000 0000 0000 0000 0000 0000 0000 0000
