ATARI GAUNTLET PLAYFIELD 16X16 TILEMAP
SOURCE: level-047-playfield.png
GRID: 32 X 32
TILE_SIZE: 16 X 16
UNIQUE_TILES: 49

0000 0000 0000 0000 0000 0000 0000 0000 0001 0002 0000 0003 0000 0000 0003 0000 0000 0004 0002 0000 0000 0000 0000 0000 0000 0000 0000 0003 0000 0004 0002 0000
0005 0006 0007 0008 0005 0006 0007 0009 000A 000B 0007 0008 0005 0006 0007 0008 0005 000A 000C 0008 0005 0006 0007 0008 0005 0006 0007 0008 0005 000A 000C 0008
0008 000D 000E 000F 0010 0011 0012 0007 000A 0013 0006 0007 0008 0005 0006 0007 0008 000A 000B 0007 0008 0005 0006 0007 0008 0005 0006 0007 0008 000A 000B 0007
0007 0014 0000 0000 0000 0015 0016 0006 000A 0017 0005 0018 000F 0010 0011 0012 0007 000A 0013 0006 0019 0010 0011 000E 001A 0008 000D 0012 0007 000A 0013 0006
0006 0007 0008 0005 0006 0007 0008 0005 000A 000C 0008 0014 0000 0000 0015 0016 0006 001B 001C 0005 0014 0000 0000 0015 001D 0007 001E 0013 0006 001B 001C 0005
0005 0006 0007 001F 0011 000E 000F 0010 0020 000B 0007 0008 0005 0006 0007 0008 0005 0006 0007 0008 0005 0006 0007 0008 0005 0006 000A 0017 0005 0006 0007 0008
0010 0021 0006 0022 0002 0000 0000 0000 0023 0013 0006 0019 0024 0005 0018 000F 0010 0011 0012 0007 0008 0005 0006 0019 0024 0005 000A 000C 0008 000D 000E 000F
0015 001C 0005 001B 0025 0008 0005 0006 000A 0017 0005 001E 000C 0008 0014 0000 0000 0015 0016 0006 0007 0008 0005 001E 000C 0008 001B 001D 0007 0014 0000 0000
0006 0007 0008 0005 0006 0007 0008 0005 000A 000C 0008 000A 000B 0007 0008 0005 0006 0007 0008 0005 0006 0007 0008 000A 000B 0007 0008 0005 0006 0007 0008 0005
0005 0018 000F 0010 0011 000E 001A 0008 000A 000B 0007 000A 0013 0006 0019 0024 0005 0018 000F 0010 0011 0012 0007 000A 0013 0006 0019 0010 0011 000E 001A 0008
0008 0014 0000 0000 0000 0015 001D 0007 000A 0013 0006 001B 001C 0005 001E 000C 0008 0014 0000 0000 0015 0016 0006 001B 001C 0005 0014 0000 0000 0015 001D 0007
0007 0008 0005 0006 0007 0008 0005 0006 000A 0017 0005 0006 0007 0008 000A 000B 0007 0008 0005 0006 0007 0008 0005 0006 0007 0008 0005 0006 0007 0008 0005 0006
000E 001A 0008 0005 0018 000F 0010 0011 0020 0026 0010 0011 0012 0007 000A 0013 0006 0019 0024 0005 0018 000F 0010 0011 0012 0007 001F 0021 0006 0019 0010 0011
0015 001D 0007 0008 0022 0002 0000 0000 0003 0000 0000 0015 0016 0006 001B 001C 0005 001E 000C 0008 0014 0000 0000 0015 0016 0006 001E 0017 0005 0014 0000 0000
0008 0005 0006 0007 000A 0013 0006 0007 0008 0005 0006 0007 0008 0005 0006 0007 0008 000A 000B 0007 0008 0005 0006 0007 0008 0005 000A 000C 0008 0005 0006 0007
0007 0008 0005 0006 000A 0017 0005 0006 0019 0024 0005 0018 000F 0010 0011 0012 0007 000A 0013 0006 0019 0024 0005 0018 001A 0008 000A 000B 0007 0008 000D 0012
0006 0007 0008 0005 001B 0025 0008 0005 001E 000C 0008 0014 0000 0000 0015 0016 0006 001B 001C 0005 001E 000C 0008 001E 000B 0007 001B 0016 0006 0007 001E 0013
0005 0006 0007 0008 0005 0006 0007 0008 000A 000B 0007 0008 0005 0006 0007 0008 0005 0006 0007 0008 000A 000B 0007 000A 0013 0006 0007 0008 0005 0006 000A 0017
0008 000D 000E 000F 0010 0011 000E 000F 0020 0027 000E 001A 0008 0005 0018 000F 0010 0011 0012 0007 000A 0013 0006 000A 0028 0011 000E 000F 0010 0011 0020 000C
0007 0014 0000 0000 0000 0000 0000 0004 0029 0000 002A 000B 0007 0008 0014 0000 0000 0015 0016 0006 001B 001C 0005 0023 0002 0000 0004 0002 0000 0000 0023 000B
0006 0007 0008 0005 0006 0007 0008 000A 000B 0007 000A 0013 0006 0007 0008 0005 0006 0007 0008 0005 0006 0007 0008 000A 000B 0007 000A 0013 0006 0007 000A 0013
0005 0006 0007 001F 0021 0006 0007 000A 0013 0006 000A 0028 0011 000E 000F 0010 0011 000E 000F 0010 0011 000E 000F 0020 0013 0006 000A 0017 0005 0006 000A 0017
0010 0011 000E 002B 0017 0005 0006 000A 0017 0005 002C 0000 0000 0000 0004 0002 0000 0000 0000 0004 0002 0000 0000 002D 001C 0005 000A 000C 0008 0005 000A 0026
0000 0000 0000 0023 000C 0008 0005 000A 000C 0008 0005 0006 0007 0008 000A 000B 0007 0008 0005 000A 000C 0008 0005 0006 0007 0008 000A 000B 0007 0008 0023 0002
0006 0007 0008 000A 000B 0007 001F 0020 002E 000F 0010 0011 000E 000F 0020 0013 0006 0007 0008 000A 002E 000F 0010 0011 000E 000F 0020 0027 0012 0007 000A 0013
0005 0006 0007 000A 0027 000E 002F 0029 0004 0002 0000 0000 0000 0000 0023 0017 0005 0006 0007 0023 0002 0000 0000 0004 0002 0000 0003 002A 0027 000E 0020 0017
0008 0005 0006 002C 0000 0000 002D 0025 000A 0013 0006 0007 0008 0005 000A 0026 0010 0011 000E 0020 0017 0005 0006 000A 0017 0005 0006 0023 0002 0000 002D 0025
0007 0008 0005 0006 0007 0008 0005 0006 000A 0017 0005 0006 0007 0008 0023 0002 0000 0000 0000 0023 000C 0008 0005 000A 000C 0008 0005 000A 000C 0008 0005 0006
000E 000F 0010 0011 000E 000F 0010 0011 0020 000C 0008 000D 000E 000F 0020 0013 0006 0007 0008 000A 002E 000F 0010 0020 002E 000F 0010 0020 002E 000F 0010 0011
0000 0000 0000 0000 0000 0000 0000 0000 0023 000B 0007 0022 0002 0000 0023 0017 0005 0006 0007 002C 0000 0000 0000 0003 0000 0000 0000 0001 0002 0000 0000 0000
0008 0005 0006 0007 0008 0005 0006 0007 000A 0013 0006 000A 0017 0005 000A 000C 0008 0005 0006 0007 0008 0005 0006 0007 0008 0005 0006 000A 0017 0005 0006 0007
000F 0010 0011 000E 000F 0010 0011 000E 0020 0028 0011 0020 0026 0010 0020 002E 000F 0010 0011 000E 000F 0010 0011 000E 000F 0010 0011 0020 0030 0010 0011 000E
