ATARI GAUNTLET PLAYFIELD 16X16 TILEMAP
SOURCE: level-034-playfield.png
GRID: 32 X 32
TILE_SIZE: 16 X 16
UNIQUE_TILES: 28

0000 0000 0000 0000 0000 0000 0000 0000 0000 0000 0000 0000 0000 0000 0000 0000 0000 0000 0000 0000 0000 0000 0000 0000 0000 0000 0000 0000 0000 0000 0000 0000
0001 0002 0003 0004 0001 0002 0003 0004 0001 0002 0003 0004 0001 0002 0003 0004 0001 0002 0003 0004 0001 0002 0003 0004 0001 0002 0003 0004 0001 0005 0003 0004
0004 0001 0002 0003 0004 0001 0002 0003 0004 0001 0002 0003 0004 0001 0002 0003 0004 0001 0002 0003 0004 0001 0002 0003 0004 0001 0002 0003 0004 0001 0002 0003
0003 0004 0001 0002 0003 0004 0001 0002 0003 0004 0001 0002 0003 0004 0001 0002 0003 0004 0001 0002 0003 0004 0001 0006 0007 0004 0001 0002 0003 0004 0001 0002
0002 0003 0004 0008 0002 0003 0004 0001 0002 0003 0004 0001 0002 0003 0004 0001 0002 0003 0004 0001 0002 0003 0004 0009 000A 0003 0004 0001 0002 0003 0004 0001
0001 0002 0003 0004 0001 0002 0003 0004 0001 0002 0003 0004 0001 0002 0003 0004 0001 0002 0003 0004 0001 0002 0003 0004 0001 0002 0003 0004 0001 0002 0003 0004
0004 0001 0002 0003 0004 0001 0002 0003 0004 0001 0006 0007 0004 0001 0002 0003 0004 0001 0002 0003 0004 0001 0002 0003 0004 0001 0002 0003 0004 0001 0002 0003
0003 000B 0001 0002 0003 0004 0001 0002 0003 0004 0009 000A 0003 0004 0001 0002 0003 0004 0001 0002 0003 0004 0001 0002 0003 0004 0001 0002 0003 0004 0001 0002
0002 0003 0004 0001 0002 0003 0004 0001 0002 0003 0004 0001 0002 0003 0004 0001 0002 000C 000D 0001 0002 000C 000D 0001 0002 0003 0004 0001 0002 0003 0004 0001
0001 0002 0003 0004 0001 0002 0003 0004 0001 0002 0003 0004 0001 0002 0003 0004 0001 0009 000E 0004 0001 0009 000E 0004 0001 0002 0003 0004 0001 0002 0003 0004
0004 0001 0002 0003 0004 0001 0002 0003 0004 0001 0002 0003 0004 0001 0002 0003 0004 0001 0002 0003 0004 0001 0002 0003 0004 0001 0002 000C 000D 0001 0002 0003
0003 0004 0001 0002 0003 0004 0001 0002 0003 0004 0001 0002 0003 0004 0001 0002 0003 0004 0001 0002 0003 0004 0001 0002 0003 0004 0001 0009 000E 000F 0010 0002
0002 0003 0004 0001 0002 0003 0004 0001 0002 0003 0004 0001 0002 0003 0004 0001 0002 0003 0004 0001 0002 0003 0004 0001 0002 0011 0004 0001 0002 0009 0012 0001
0001 0002 0003 0004 0001 0002 0003 0004 0001 0002 0003 0004 0001 0002 0003 0004 0001 0002 0003 0004 0001 0002 0003 0004 0001 0002 0003 0004 0001 0002 0003 0004
0004 0001 0002 0003 0004 0001 0002 0003 0004 0001 0002 0003 0004 0001 0002 0003 0004 0001 0002 0003 0004 0001 0002 0003 0004 0001 0002 0003 0004 0001 0002 0003
0003 0004 0001 0002 0003 0004 0001 0002 0003 0004 0001 0002 0003 0004 0001 0002 0003 0004 0001 0002 0003 0004 0001 0002 0003 0004 0001 0002 0003 0004 0001 0002
0002 0003 0004 0001 0002 0003 0004 0001 0002 0003 0004 0001 0002 0003 0004 0001 0002 0003 0004 0001 0002 0003 0004 0001 0002 0003 0004 0001 0002 0003 0004 0001
0001 0002 0003 0004 0001 0002 0003 0004 0001 0002 0003 0004 0001 0002 0003 0004 0001 0002 0003 0004 0001 0002 0003 0004 0001 0002 0003 0004 0001 0002 0003 0004
0004 0001 0013 0007 0004 0001 0002 0003 0004 0001 0002 0003 0004 0001 0002 0003 0004 0001 0002 0003 0004 0001 0002 0003 0004 0001 0002 0003 0004 0001 0002 0003
0003 0004 0009 000A 0003 0004 0001 0002 0003 0004 0001 0002 0003 0004 0001 0002 0003 0004 0001 0002 0003 0004 0001 0002 0003 0004 0001 0002 0003 0004 0001 0002
0002 0003 0004 0001 0002 0003 0004 0001 0002 0003 0004 0001 0002 0003 0004 0001 0002 0003 0004 0001 0002 0003 0004 0001 0002 0003 0004 0001 0002 0003 0004 0001
0001 0002 0003 0004 0008 0002 0003 0004 0001 0002 0011 0004 0001 0002 0003 0004 0001 0002 0003 0004 0001 0002 0003 0004 0001 0006 0007 0004 0001 0002 0003 0004
0004 0001 0002 0003 0004 0001 0002 0003 0004 0001 0002 0003 0004 0001 0002 0003 0004 0001 0002 0003 0004 0001 0002 0003 0004 0009 000A 0003 0004 0001 0002 0003
0003 0004 0001 0002 0003 0004 0001 0002 0003 0004 0001 0002 0003 0004 0001 0002 0003 0004 0001 0002 0003 0004 0001 0002 0003 0004 0001 0002 0003 0004 0001 0002
0002 0003 0004 0001 0002 0003 0004 0001 0002 0003 0004 0001 0002 0003 0004 0001 0002 0003 0004 0001 0002 0003 0004 0001 0002 0003 0004 0001 0002 0003 0004 0001
0001 0002 0003 0004 0001 0002 0003 0004 0001 0002 0003 0004 0001 0002 0003 0004 0001 0002 0003 0004 0001 0005 0003 0004 0001 0002 0003 0004 0001 0002 0003 0004
0004 0001 0002 0003 0004 0001 0002 0003 0004 0001 0002 0003 0004 0001 0002 0003 0004 0001 0002 0003 0004 0001 0002 0003 0004 0001 0002 0003 0004 0001 0002 0003
0003 0004 0001 0006 0007 0004 0001 0002 0003 0004 0001 0006 0007 0004 0001 0002 0003 0004 0001 0002 0003 0004 0001 0002 0003 000F 0010 0002 0003 0004 0001 0002
0006 0007 000F 0014 0015 0007 000F 0010 0006 0007 000F 0014 0015 0007 000F 0010 0006 0007 000F 0010 0006 0007 000F 0010 0006 0014 0016 0010 0006 0007 000F 0010
0014 0015 0014 0012 0009 0015 0014 0016 0014 0015 0014 0012 0009 0015 0014 0016 0014 0015 0014 0016 0014 0015 0014 0016 0014 000A 0009 0016 0014 0015 0014 0016
0012 0009 000A 0003 0004 0009 000A 0009 0012 0009 000A 0003 0004 0009 000A 0009 0012 0009 000A 0009 0012 0009 000A 0009 0012 0001 0002 0009 0012 0009 000A 0009
0017 0018 0019 001A 0017 0018 0019 001B 0017 0018 0019 001A 0017 0018 0019 001B 0017 0018 0019 001B 0017 0018 0019 001B 0017 001A 0019 001B 0017 0018 0019 001B
