ATARI GAUNTLET MOTION OBJECT 16X16 TILEMAP
SOURCE: level-018.png
GRID: 32 X 32
TILE_SIZE: 16 X 16
ATLAS_TILES: 960
UNIQUE_PIXEL_TILES: 179
CONNECTED_OBJECT_GROUPS: 31

0000 0000 0000 0000 0024 0000 0000 0000 0000 0000 0000 0000 0000 0000 002E 002F 0030 0000 0031 0032 0033 0000 0000 0000 0000 0000 0000 0000 0000 0000 0000 0000
0000 0000 0000 0000 0044 0000 0000 0000 0000 0000 0000 004B 004C 004D 004E 004F 0050 0000 0051 0052 0053 0054 0055 0056 0000 0000 0000 0039 003A 003B 0000 0000
0000 0000 0000 0063 0064 0065 0066 0067 0000 0000 006A 006B 006C 006D 006E 006F 0070 0000 0071 0072 0073 0074 0075 0076 0000 0000 0000 0059 005A 005B 0000 0000
0000 0000 0000 0000 0084 0000 0000 0087 0088 0089 0000 0000 0000 0000 0000 0000 0000 0000 0000 0000 0000 0000 0000 0000 0000 0077 0078 0079 0000 0000 0000 0000
00A0 00A1 00A2 00A3 00A4 0000 0000 00A7 00A8 00A9 0000 00AB 00AC 00AD 0000 0000 0000 0000 0000 0000 0000 003C 003D 003E 0000 0097 0098 0099 0000 0000 0000 0000
0000 0000 0000 0000 0000 00C5 00C6 00C7 00C8 00C9 00CA 00CB 00CC 00CD 0000 0000 0000 0000 0000 0000 0000 005C 005D 005E 0000 0000 0000 0000 0000 0000 0000 0000
00E0 00E1 00E2 0000 0000 0000 0000 0000 0000 0000 0000 0000 0000 0000 0000 0000 0000 0000 0000 0000 0000 0000 0000 0000 0000 0000 0000 00E8 00E9 00EA 0000 00EC
0100 0101 0102 0000 0000 0000 0000 0000 0000 0000 0000 0000 0000 0000 00ED 0000 0000 0000 0000 0000 00F3 0000 0000 0000 0000 0000 0000 0108 0109 010A 010B 010C
0000 0000 0000 0000 0000 00F7 00F8 0000 0000 0000 0000 0000 0000 0000 0000 010E 010F 0110 0111 0112 0000 0000 0123 0124 0125 0126 0127 0128 0000 0000 0000 0000
0000 0000 0114 0115 0116 0117 0118 0000 00FD 00FE 00FF 0000 0000 0000 0000 0000 0000 0000 0000 0132 0000 0000 0143 0144 0145 0146 0147 0148 0000 0000 0000 0000
0000 0000 0134 0135 0136 0000 0000 0000 0000 0000 0000 0000 0000 0180 0000 0000 0000 0000 0000 0000 0000 0000 0163 0164 0165 0000 0000 0000 0000 0000 0000 0000
0000 0000 0000 0000 0000 0157 0158 0159 0000 0000 0000 0000 0000 0000 0000 0000 0000 0000 0000 0000 0000 0000 0000 0000 0000 0000 0000 0000 0000 0000 0000 0000
0000 0000 0000 0000 0176 0177 0178 0179 017A 017B 017C 0000 0000 0000 0000 0000 0000 0000 0000 0000 0000 0000 0000 0181 0182 0183 0000 0000 0000 0000 0000 0000
0000 0000 0000 0000 0000 0000 0000 0000 0000 0000 0000 0000 0000 0184 0000 0000 0000 0000 0000 0000 0000 0000 0000 01A1 01A2 01A3 0000 0000 0000 0000 0000 0000
0000 0000 0000 0000 0000 0000 0000 0000 0000 0000 0000 0000 0000 0000 0000 0000 0000 0000 0000 0000 0000 0000 0000 0000 0000 0000 0000 0000 0000 0000 0000 0000
0000 0000 0187 0188 0189 0000 018A 018B 018C 0000 018E 018F 0000 0000 0000 0000 0000 0000 0000 0000 0000 0000 0000 0000 0000 0000 0000 0000 0000 0000 0000 0000
0000 0000 01A7 01A8 01A9 0000 01AA 01AB 01AC 01AD 01AE 01AF 0000 0000 0000 0000 0000 0000 0000 0193 0194 0195 0196 0000 0000 0000 0000 0000 0000 0197 0198 0199
01C5 01C6 0000 0000 0000 0000 0000 0000 0000 0000 01CE 01CF 01D0 01D1 01D2 0000 0000 0000 0000 01B3 01B4 01B5 01B6 0000 0000 0000 0000 0000 0000 01B7 01B8 01B9
01E5 01E6 0000 0000 0000 019A 0000 0000 0000 01ED 01EE 01EF 01F0 01F1 01F2 0000 0000 0000 0000 0000 0000 0000 0000 0000 0000 0000 0000 0000 0000 0000 0000 01D9
0000 0000 0000 0000 0000 0000 0000 0000 0000 0000 0000 0000 0000 0000 0000 0000 0000 0000 0000 0000 0209 020A 020B 0000 0000 0000 0000 0000 0000 0000 0000 0000
020C 020D 020E 020F 0000 0000 0000 0000 0000 0000 0000 0220 0221 0222 0223 0224 0000 0000 0000 0228 0229 022A 022B 0000 0000 0000 0000 0216 0217 0218 0000 021A
022C 022D 022E 022F 0000 0000 0000 0000 0000 0000 0000 0240 0241 0242 0243 0244 0245 0246 0247 0248 0249 024A 0000 0000 0000 0000 0000 0236 0237 0238 0000 023A
0000 0000 0000 024F 0250 0251 0252 0253 0254 0255 0000 0000 0000 0000 0000 0264 0265 0266 0267 0268 0000 0000 0000 0000 0000 0000 0000 0000 0000 0000 0259 025A
021B 0000 026E 026F 0270 0271 0272 0273 0274 0275 0000 0000 0000 0000 0000 0000 0000 0000 0000 0000 0000 0000 021C 021D 021E 0000 0000 0000 0000 0278 0279 027A
023B 0000 028E 028F 0290 0000 0000 0000 0000 0000 0000 0000 0000 0000 0000 0000 0000 0000 0321 0000 0000 0000 0000 0000 0000 0000 0000 0000 0000 0000 0299 029A
0000 0000 02AE 0000 0000 02B1 02B2 02B3 0000 0000 0000 0000 0000 0000 0000 0000 0000 0000 0341 0342 0343 0000 0000 0000 0324 0325 0326 0000 02B7 02B8 02B9 02BA
02CC 02CD 02CE 0000 0000 02D1 02D2 02D3 0000 0000 0000 0000 0000 0327 0328 0329 0000 0360 0361 0362 0363 0000 0000 0000 0344 0345 0346 0000 02D7 02D8 02D9 02DA
0000 0000 02EE 0000 0000 0000 0000 0000 0000 032A 032B 032C 0000 0347 0348 0349 0000 0380 0381 0382 0383 0000 0000 0000 0364 0365 0366 0000 0000 0000 0000 02FA
032D 0000 030E 0000 0000 0000 0000 0000 0000 034A 034B 034C 0000 0000 0000 0000 0000 0000 03A1 03A2 03A3 0000 0000 0000 0384 0385 0386 0000 0000 0000 0000 031A
0000 0000 0000 0000 0000 0000 0000 0000 0000 036A 036B 036C 0000 0000 0000 0000 0000 0000 0000 0000 0000 0000 0000 0000 0000 0000 0000 0000 0000 0000 0000 0000
0000 0000 0000 0000 0000 0000 0000 0000 0000 038A 038B 038C 0000 032E 0000 0000 0000 0000 0000 0000 0000 0000 0000 0000 0000 0000 0000 0000 0000 0000 0000 032F
0330 0000 0000 0000 0000 0000 0000 0000 0000 03AA 03AB 03AC 0000 0000 0000 0000 0000 0000 0000 0000 0000 0000 0331 0000 0000 0000 0000 0000 0000 0000 0000 034F
