ATARI GAUNTLET MOTION OBJECT 16X16 TILEMAP
SOURCE: level-083.png
GRID: 32 X 32
TILE_SIZE: 16 X 16
ATLAS_TILES: 1024
UNIQUE_PIXEL_TILES: 197
CONNECTED_OBJECT_GROUPS: 17

0000 0021 0022 0023 0000 0000 0000 0000 0025 0026 0027 0028 0029 0000 0000 0000 0000 0000 0000 0000 0000 0000 0000 0000 0000 0000 0000 002F 0030 0031 0000 0032
0040 0041 0042 0043 0044 0000 0000 0000 0045 0046 0047 0048 0049 004A 004B 004C 004D 004E 0000 0033 0034 0000 0000 0000 0000 0000 0000 004F 0050 0051 0000 0052
0060 0061 0062 0063 0000 0000 0000 0000 0000 0000 0000 0000 0069 006A 006B 006C 006D 006E 0000 0000 0000 0000 0000 0000 0000 0000 0000 0000 0000 0000 0000 0000
0080 0081 0082 0000 0000 003A 0000 0000 0000 0000 0000 0000 0000 0000 0000 0000 0000 0000 0000 0000 0000 0000 0000 003C 003D 003E 0000 0000 0000 0000 0000 0000
0000 0000 0000 0000 0000 005A 0000 0000 0000 0000 0000 0000 0000 00A0 00A1 0000 0000 0000 0000 0000 0000 0000 0000 005C 005D 005E 0000 0000 0000 0000 0000 0000
0075 0076 0077 0078 0079 007A 007B 0000 0000 0000 0000 0000 0000 0000 0000 0000 0000 0000 0000 0000 0000 0000 0000 0000 0000 0000 0000 0000 0000 0000 0000 0000
0000 0000 0000 0000 0000 0000 0000 0000 0000 0000 0000 0000 0000 0000 0000 0000 0000 0000 00A2 00A3 00A4 0000 0000 00A5 00A6 00A7 0000 0000 0000 0000 0000 0000
0000 0000 0000 0000 0000 0000 00AE 0000 0000 0000 0000 0000 0000 0000 0000 0000 0000 0000 0000 0000 0000 0000 0000 00C5 00C6 00C7 0000 0000 0000 0000 0000 0000
0000 0000 0000 0000 0000 0000 00CE 0000 0000 0000 0000 0000 0000 0000 0000 0000 0000 0000 0000 0000 0000 0000 0000 00E5 00E6 00E7 0000 0000 0000 0000 0000 00ED
0000 0000 0000 0000 0000 0000 0000 0000 0000 0000 0000 0000 0000 0000 0000 0000 0000 0000 0000 0000 0000 0000 0000 0000 0000 0107 0108 0109 010A 010B 010C 010D
0000 0000 0000 0000 0000 0000 0000 0000 0000 0000 0000 0000 0000 0000 0000 0000 0000 0000 0000 0000 0000 0000 0000 0000 0000 0000 0000 0000 0000 0000 0000 0000
0000 0000 0000 0000 0000 0000 0000 0000 0000 0000 0000 0000 0000 0000 0000 0000 0000 0000 0000 0000 0000 0000 0000 0000 0000 0000 0000 0000 0000 0000 0000 0000
0000 0000 0000 0000 0000 0000 0000 0000 0000 0000 0000 0000 00B3 00B4 00B5 00B6 00B7 00B8 00B9 0000 0000 0000 0000 0000 0000 0000 0000 0000 0000 0000 0000 0000
0000 0000 0000 0000 0000 0000 0000 0000 0000 0000 0000 0000 0000 00D4 0000 0000 0000 00D8 0000 0000 0000 0000 0000 0000 0000 0000 0000 0000 0000 0000 0000 0000
0000 0000 0000 0000 0000 0000 0000 0000 0000 0000 0000 0000 00F3 00F4 0000 0000 0000 00F8 00F9 0000 0000 0000 0000 0000 0000 0000 0000 0000 0000 0000 0000 0000
0000 0000 0000 0000 0000 0000 0000 0000 0000 0000 0000 0000 0000 0000 0000 0000 0000 0118 0119 0000 0000 00BA 00BB 00BC 0000 0000 0280 0281 0282 0283 0284 0000
0000 0000 0000 0000 0000 0000 0000 0000 0000 0000 0000 0000 0000 0000 0000 0000 0137 0138 0139 0000 0000 00DA 00DB 00DC 0000 0000 02A0 02A1 02A2 02A3 02A4 0000
0000 0000 0000 0000 0000 0000 0000 0000 0000 0000 0000 0000 0000 0000 0000 0000 0000 0158 0159 0000 0000 0000 0000 0000 0000 0000 0000 0000 0000 0000 0000 0000
0000 0000 0000 0000 0000 0000 0000 0000 0000 0170 0171 0000 0000 0000 0000 0176 0177 0178 0179 0000 0000 0000 0000 0000 0000 0000 0000 0000 0000 0000 0000 0000
0000 0000 0000 0000 0000 0000 0000 0000 018F 0190 0191 0192 0193 0194 0195 0196 0197 0198 0199 0000 0000 0000 0000 0000 0000 0000 0000 0000 0000 0000 0000 0000
0000 0000 0000 0000 0000 0000 0000 0000 0000 01B0 01B1 01B2 01B3 01B4 01B5 01B6 01B7 01B8 01B9 0000 028A 028B 028C 028D 028E 028F 0290 0000 0000 0000 0000 0296
0000 0000 0000 0000 0000 0000 0000 0000 0000 0000 0000 0000 0000 0000 01D5 01D6 01D7 0000 0000 0000 02AA 02AB 02AC 02AD 02AE 02AF 02B0 0000 0000 0000 0000 0000
0000 0000 0000 0000 0000 0000 0000 0000 0000 0000 0000 0000 0000 01F4 01F5 01F6 0000 0000 0000 0000 02CA 02CB 02CC 02CD 02CE 02CF 02D0 0000 0000 0000 0000 0000
0000 0000 0000 0000 0000 0000 0000 0000 0000 0000 0000 0000 0213 0214 0215 0000 0000 0000 0000 0000 02EA 02EB 02EC 02ED 02EE 02EF 02F0 0000 0000 0000 0000 0000
0000 0000 0000 0000 0000 0000 0000 0000 0000 0000 0000 0232 0233 0234 0000 0000 0000 0000 0308 0309 030A 030B 030C 030D 030E 030F 0310 0000 0000 0000 0000 0000
0297 0000 0000 0000 0000 0000 0000 0000 0000 0000 0251 0252 0253 0000 0000 0000 0000 0000 0328 0329 032A 032B 032C 0000 032E 032F 0330 0000 0332 0333 0334 0335
02B7 02B8 0000 0000 0000 0000 0000 0000 0000 0270 0271 0272 0000 0000 0000 0000 0346 0347 0348 0000 034A 034B 034C 0000 034E 034F 0350 0000 0352 0353 0354 0355
02D7 02D8 02D9 02DA 02DB 0000 0000 0000 0000 0000 0000 0000 0000 0000 0000 0365 0366 0367 0368 0000 036A 036B 036C 036D 036E 036F 0370 0000 0372 0373 0374 0375
02F7 0000 02F9 02FA 02FB 0000 0000 0000 0000 0000 0000 0000 0000 0000 0000 0000 0386 0387 0388 0000 0000 0000 0000 0000 0000 0000 0390 0391 0392 0393 0394 0395
0317 0318 0319 031A 0000 0000 0000 0000 0000 0000 0000 0000 0000 0000 0000 0000 03A6 03A7 03A8 0000 0000 0000 0000 0000 0000 0000 03B0 03B1 03B2 0000 03B4 03B5
0000 0338 0339 0000 0000 0000 0000 0000 0000 0000 0000 0000 0000 0000 0000 0000 0000 0000 0000 0000 0000 0000 0000 0000 0000 0000 03D0 03D1 03D2 03D3 03D4 03D5
0357 0358 0359 0000 0000 0000 0000 0000 0000 0000 0000 0000 0000 0000 0000 0000 0000 0000 0000 0000 0000 0000 0000 0000 0000 0000 03F0 03F1 03F2 0000 0000 0000
