ATARI GAUNTLET MOTION OBJECT 16X16 TILEMAP
SOURCE: level-089.png
GRID: 32 X 32
TILE_SIZE: 16 X 16
ATLAS_TILES: 1216
UNIQUE_PIXEL_TILES: 181
CONNECTED_OBJECT_GROUPS: 26

0000 0000 0000 0000 0000 0000 0000 0000 0000 0000 0000 0000 0000 0000 0000 0000 0000 0000 002F 0030 0031 0000 0000 0000 0032 0033 0034 0000 0000 0000 0000 0000
0000 0035 0036 0037 0000 0000 0000 0038 0039 003A 0000 0000 0000 0000 0000 0000 0000 004E 004F 0050 0051 0000 0000 0000 0052 0053 0054 0000 0000 003B 003C 003D
0000 0000 0000 0000 0000 0000 0000 0058 0059 005A 0000 0000 0000 0000 0000 006C 006D 006E 006F 0070 0000 0000 0000 0000 0000 0000 0000 0000 0000 0000 0000 0000
0000 0000 0000 0000 0000 0000 0000 0000 0079 0000 0000 0000 0000 008A 008B 008C 008D 0000 0000 0000 0000 0000 0000 0000 0000 0000 0000 0000 0000 0000 0000 0000
0000 0000 0000 0000 0000 0000 0000 0000 0000 0000 0000 0000 00A9 00AA 00AB 00AC 0000 0000 0000 0000 0000 0000 0000 0000 0000 003E 0000 0000 0000 0000 0000 0000
0000 0000 0000 0000 00C1 00C2 00C3 0000 0000 00C6 00C7 00C8 00C9 0000 0000 0000 0000 0160 0161 0162 0000 0175 0176 0177 0000 0000 0000 0000 0000 0000 0000 0000
0000 0000 0000 0000 00E1 00E2 00E3 0000 0000 00E6 00E7 00E8 00E9 0000 0000 0000 0000 0180 0181 0182 0000 0195 0196 0197 0000 0000 0000 0000 0000 0000 0000 0000
0000 0000 0000 0000 0000 0000 0000 0104 0105 0106 0107 0000 0000 0000 017E 0000 0000 0000 01A1 0000 0000 0000 01B6 01B7 01B8 01B9 0000 0000 0000 0000 0000 0000
0000 0000 0000 0120 0121 0122 0123 0124 0125 0126 0000 0000 0000 0000 0000 0000 0000 0000 0000 0000 0000 0000 0000 01D7 01D8 01D9 01DA 01DB 01DC 01DD 0000 0000
0000 0000 0000 0000 0000 0142 0000 0000 0000 0000 0000 0000 0000 0000 0000 0000 0000 0000 01F2 01F3 0000 0000 0000 0000 0000 0000 0000 01FB 01FC 01FD 0000 0000
0000 0000 0000 0000 0000 0000 0000 0000 0000 017F 0000 0000 0000 0000 0000 0000 0000 0211 0212 0213 0000 0000 0000 0000 0000 0219 021A 021B 021C 021D 0000 0000
0000 0000 0000 0000 0000 0000 0000 0000 0000 0000 0000 022B 022C 022D 0000 022F 0230 0231 0000 0233 0234 0235 0000 0237 0238 0239 023A 023B 023C 0000 0000 0000
0000 0000 0000 0000 0244 0245 0000 0247 0248 0249 0000 024B 024C 024D 0000 024F 0250 0251 0000 0253 0254 0255 0000 0257 0258 0259 025A 025B 025C 025D 0000 0000
0360 0361 0000 0263 0264 0265 0266 0267 0268 0269 026A 026B 0000 0000 026E 026F 0000 0000 0000 0000 0274 0275 0276 0000 0000 0000 0000 0000 0000 0000 0000 0362
0380 0381 0000 0000 0000 0000 0000 0000 0000 0289 028A 028B 0000 028D 028E 028F 0000 0000 0000 0000 0294 0295 0296 0000 0000 0365 0366 0367 0368 0369 0000 0382
03A0 03A1 0000 0000 0000 0000 0000 0000 0000 0000 0000 02AB 02AC 02AD 0000 0000 0000 0000 0000 0000 0000 0000 0000 0000 0384 0000 0386 0387 0388 0389 0000 03A2
0000 0000 0000 036A 036B 036C 036D 036E 036F 0370 0000 02CB 02CC 02CD 0000 0000 02D0 0000 0000 02D3 0000 0000 0000 03A3 0000 03A5 03A6 03A7 03A8 03A9 0000 0000
0000 0000 0000 0000 0000 0000 0000 0000 0000 0000 0000 0000 0000 02ED 02EE 02EF 0000 02F1 02F2 02F3 0000 0000 0000 0000 0000 0000 0000 0000 0000 0000 0000 0000
0000 0000 0000 0371 0372 0373 0374 0375 0376 0377 0378 0379 0000 030D 030E 030F 0000 0311 0312 0313 0000 03C0 03C1 03C2 03C3 03C4 03C5 03C6 03C7 03C8 0000 0000
0000 0000 0000 0000 0000 0000 0000 0000 0000 0397 0398 0399 0000 0000 0000 032F 0330 0331 0000 0000 0000 03E0 03E1 03E2 0000 0000 0000 0000 0000 0000 0000 0000
0000 0000 0000 0000 0000 0000 0000 0000 0000 0000 0000 0000 0000 0000 0000 034F 0350 0351 0000 0000 0000 0000 0000 0000 0000 0000 0000 0000 0000 0000 0000 0000
0000 0000 0000 0000 0000 0000 03C9 03CA 03CB 0000 0000 0000 0000 0000 0000 0000 0000 0000 0000 0000 0000 0000 0000 0000 03CC 03CD 03CE 0000 0000 0000 0000 0000
0000 0000 0000 0000 0000 0000 0000 0000 0000 0000 0000 0000 0000 0000 0000 0000 0000 0000 0000 0000 0000 0000 0000 0000 0000 0000 0000 0000 0000 0000 0000 0000
0000 0000 0000 0000 0000 0000 0000 0000 0000 0000 0000 0000 0000 0000 0000 0000 0000 0000 0000 0000 0000 0000 0000 0000 0000 0000 0000 0000 0000 0000 0000 0000
0000 0000 0000 0000 0000 0000 0000 0000 0000 0000 0000 0000 0000 0000 0000 03CF 03D0 03D1 0000 0000 0000 0000 0000 0000 0000 0000 0000 0000 0000 0000 0000 0000
0000 0000 0000 0000 0000 0000 0000 0000 03D2 0000 0000 0000 0000 0000 0000 03EF 03F0 03F1 0000 0000 0000 0000 0000 0000 03D3 0000 0000 0000 0000 0000 0000 0000
0000 0000 0000 0000 0000 0000 0000 0000 0000 0000 0000 0000 0000 0000 0000 0000 0410 0411 0000 0000 0000 0000 0000 0000 0000 0000 0000 0000 0000 0000 0000 0000
03D4 03D5 0000 0000 0000 0000 0000 0000 0000 0000 0000 0000 0000 0000 0000 0000 0000 0000 0000 0000 0000 0000 0000 0000 0000 0000 0000 0000 0000 0000 0000 03D6
0000 0000 0000 0000 0000 0000 0000 0000 0000 03D8 03D9 03DA 03DB 0000 0000 0000 0000 0000 0000 0000 0000 0441 0442 0443 0000 0000 0000 0000 0000 0000 0000 0000
0445 0000 0000 0000 0000 0000 0000 0000 03F7 03F8 03F9 03FA 03FB 0000 0000 0000 0000 0000 0000 0000 0460 0461 0462 0463 0464 0000 0000 0000 0000 0000 0000 0000
0465 0466 0000 0000 0000 0000 0000 0000 0417 0418 0419 041A 041B 0000 0000 0000 0000 0000 0000 0000 0480 0481 0482 0483 0484 0000 0000 0000 0000 0000 0000 0000
0000 0000 0000 0000 0000 0000 0000 0000 0437 0438 0439 043A 043B 043C 0000 0000 0000 0000 0000 0000 04A0 04A1 04A2 04A3 04A4 0000 0000 0000 0000 0000 0000 0000
