ATARI GAUNTLET MOTION OBJECT 16X16 TILEMAP
SOURCE: level-035.png
GRID: 32 X 32
TILE_SIZE: 16 X 16
ATLAS_TILES: 1376
UNIQUE_PIXEL_TILES: 247
CONNECTED_OBJECT_GROUPS: 23

0020 0000 0000 0023 0000 0000 0000 0000 0026 0027 0028 0029 0000 0000 0000 0000 0000 002A 0000 0000 0000 0000 002D 002E 002F 0030 0000 0000 0000 0032 0033 0034
0040 0041 0042 0043 0044 0045 0000 0000 0046 0047 0048 0049 0000 0035 0000 0000 0000 004A 004B 0000 0000 004C 004D 004E 004F 0050 0000 0000 0051 0052 0053 0054
0060 0061 0062 0063 0000 0000 0000 0000 0066 0067 0068 0069 0000 0000 0000 0000 0000 0000 0000 0000 0000 0000 006D 006E 006F 0070 0000 0000 0000 0072 0000 0074
0080 0081 0082 0083 0000 0000 0000 0000 0086 0087 0088 0089 0000 0000 0000 0000 0000 0000 0000 0000 0000 0000 008D 008E 008F 0090 0000 0000 0000 0092 0093 0094
00A0 00A1 00A2 0000 0000 0000 0000 0000 0000 0000 0000 0000 0000 0000 0000 0000 0000 0000 0000 0000 0000 0000 0000 0000 0000 0000 0000 0000 0000 0000 00B3 00B4
0000 0000 0000 0000 0000 00C4 0000 0000 00C7 0000 0000 0000 00CB 0000 0000 0000 0000 0000 0000 0000 0000 0000 0000 00D6 0000 0000 0000 0000 0000 0000 0000 0000
0000 00DF 0000 0000 0000 00E4 00E5 00E6 00E7 00E8 00E9 00EA 00EB 00EC 00ED 00EE 00EF 00F0 00F1 00F2 00F3 00F4 00F5 00F6 00F7 00F8 00F9 00FA 00FB 0000 0000 0000
0000 0000 0000 0000 0000 0104 0105 0000 0000 0000 0000 010A 010B 0000 010D 0000 0000 0000 0111 0000 0113 0114 0115 0000 0000 0118 0119 011A 0000 0000 0000 0000
0220 0221 0222 0000 0000 0124 0125 0126 0127 0128 0129 012A 012B 012C 012D 012E 012F 0130 0131 0132 0133 0000 0135 0136 0137 0138 0000 013A 0000 0000 0000 0000
0240 0241 0242 0000 0143 0144 0000 0146 0147 0148 0149 0000 014B 0000 0000 014E 014F 0150 0000 0000 0153 0000 0155 0156 0157 0158 0000 015A 015B 0000 0000 0000
0000 0000 0000 0000 0000 0164 0000 0166 0167 0168 0169 0000 016B 016C 016D 016E 016F 0170 0171 0172 0173 0174 0175 0176 0177 0178 0000 017A 0000 0000 0000 0000
0000 0180 0181 0182 0000 0184 0185 0186 0187 0188 0189 018A 018B 0000 018D 0000 0000 0000 0191 0000 0193 0000 0195 0196 0197 0198 0199 019A 0000 019C 019D 019E
0000 01A0 01A1 01A2 0000 01A4 01A5 0000 0000 0000 0000 0000 01AB 01AC 01AD 01AE 01AF 01B0 01B1 01B2 01B3 01B4 0000 0000 0000 01B8 01B9 01BA 0000 01BC 01BD 01BE
0000 01C0 01C1 01C2 01C3 01C4 01C5 01C6 01C7 01C8 01C9 01CA 01CB 01CC 01CD 0000 0000 0000 01D1 01D2 01D3 01D4 01D5 01D6 01D7 01D8 01D9 01DA 01DB 01DC 01DD 01DE
0000 0000 0000 0000 0000 0000 0000 01E6 01E7 01E8 0000 0000 01EB 01EC 01ED 0000 0000 0000 01F1 01F2 01F3 0000 0000 01F6 01F7 01F8 0000 0000 0000 0000 0000 0000
0000 0223 0000 0227 0228 0000 0000 0000 0000 0000 0000 0000 0000 0000 0000 0000 0000 0000 0211 0000 0000 0000 0000 0000 0000 0000 0000 0234 0235 0000 0000 0000
0000 0000 0000 0247 0248 0249 0000 0000 0000 0000 0239 0000 0000 0000 0000 0000 0000 0000 0000 0000 0000 0000 0000 0000 0000 0000 0253 0254 0255 0256 0000 0000
0264 0000 0266 0000 0000 0000 0000 0000 0000 0000 0000 0000 0270 0271 0272 0000 0000 0000 0000 0000 0000 0000 0000 0000 0000 0000 0000 0000 0000 0000 0277 0278
0000 0285 0286 0287 0000 0000 0000 0000 028C 0000 0000 0000 0290 0291 0292 0000 0000 0000 0000 0000 0000 0000 0000 03C5 03C6 03C7 0000 0000 0000 0000 0297 0000
0000 02A5 02A6 02A7 02A8 02A9 02AA 02AB 02AC 02AD 02AE 02AF 02B0 0000 0000 0000 0000 0000 03E0 03E1 03E2 03E3 03E4 03E5 03E6 03E7 03E8 03E9 03EA 0000 0000 0000
0000 0000 0000 0000 0000 02C9 02CA 02CB 02CC 0000 0000 02CF 02D0 0000 0000 0000 0000 0000 0000 0000 0402 0000 0000 0000 0000 0407 0408 0409 0000 0000 0000 0000
0000 0000 0000 0000 0000 02E9 02EA 02EB 02EC 02ED 02EE 02EF 02F0 0000 03CE 0000 0000 0000 0000 0000 0422 0423 0424 0425 0426 0427 0428 0429 0000 042B 042C 042D
0000 0305 0306 0000 0000 0309 0000 030B 030C 030D 030E 030F 0310 0000 0000 0000 0000 0000 0000 0000 0442 0000 0444 0445 0446 0447 0000 0449 0000 044B 044C 044D
0324 0325 0326 0327 0328 0329 0000 032B 0000 0000 032E 0000 0330 0000 03CF 0000 0000 0000 03D0 0000 0462 0000 0464 0465 0466 0467 0000 0469 046A 046B 046C 046D
0344 0000 0346 0000 0000 0349 034A 034B 034C 034D 034E 034F 0350 0000 0000 0000 0000 0000 0000 0000 0482 0483 0484 0485 0486 0487 0488 0489 0000 0000 048C 048D
0364 0000 0000 0000 0000 0369 036A 036B 0000 0000 036E 036F 0370 0000 03D1 0000 0000 0000 0000 0000 04A2 04A3 0000 0000 0000 0000 0000 04A9 0000 0000 04AC 04AD
0000 0000 0000 0000 0388 0389 038A 038B 038C 038D 038E 038F 0390 0000 0000 0000 0000 0000 0000 04C1 04C2 04C3 04C4 04C5 04C6 04C7 04C8 04C9 04CA 0000 0000 0000
0000 0000 0000 0000 0000 0000 0000 0000 03AC 0000 0000 0000 0000 0000 0000 0000 0000 0000 0000 0000 0000 0000 0000 0000 04E6 0000 0000 0000 0000 0000 0000 0000
0000 0000 0000 0000 0000 0000 0000 0000 0000 0000 0000 0000 0000 0000 0000 0000 0000 0000 0000 0000 03D3 03D4 0000 0000 0000 0000 0000 0000 0000 0000 0000 0000
03D7 03D8 03D9 03DA 0000 0000 0000 0000 0000 0000 0000 0000 0000 0000 0000 0000 0000 0000 0000 03F2 03F3 03F4 03F5 03F6 0000 0000 0000 0000 0000 0503 0504 0505
0000 03F8 03F9 03FA 0000 0000 0000 0000 0000 0000 0000 0000 0000 0506 0507 0508 0000 0000 0000 0000 0000 0000 0000 0000 0000 0000 0520 0521 0522 0523 0524 0525
0000 0000 0419 041A 0000 0000 0000 0000 0000 0000 0509 0000 0000 0526 0527 0528 0000 0000 0000 0000 0000 0000 0000 0000 0000 0000 0540 0541 0542 0543 0544 0545
