ATARI GAUNTLET MOTION OBJECT 16X16 TILEMAP
SOURCE: level-012.png
GRID: 32 X 32
TILE_SIZE: 16 X 16
ATLAS_TILES: 512
UNIQUE_PIXEL_TILES: 91
CONNECTED_OBJECT_GROUPS: 26

0020 0021 0000 0000 0000 0000 0000 0000 0000 0000 0000 0000 0000 0000 0000 0000 0000 0000 0000 0000 0000 0000 0000 0000 0000 0000 0000 0000 0000 0000 0000 0023
0040 0041 0000 0024 0025 0026 0000 0000 0000 0000 0000 0000 0000 0000 0000 0000 0000 0000 0000 0000 0000 0000 0000 0000 0027 0028 0029 0000 0000 0000 0042 0043
0000 0000 0000 0044 0045 0046 0000 0000 0000 0000 0000 0000 0000 0000 0000 0000 0000 0000 0000 0000 0000 0000 0000 0000 0000 0000 0000 0000 0000 0000 0000 0000
0000 0000 0000 0064 0065 0066 0000 0000 0000 0000 0000 0000 0000 0000 0000 0000 0000 0000 0000 0000 0000 0000 0000 0000 0000 0000 0000 0000 0000 0000 0000 0000
0000 0000 0000 0000 0000 0000 0000 0000 0000 0000 0000 0000 0000 0000 0000 0000 0000 0000 0000 0000 002A 002B 002C 0000 0000 0000 0000 0000 0000 0000 0000 0000
0000 0000 0000 0000 0000 0000 0000 0000 0000 0000 0000 0000 0000 0000 0000 0000 002D 002E 002F 0000 0000 0000 0000 0000 0000 0000 0000 0000 0000 0000 0000 0000
0000 0000 0000 0000 0000 0000 0000 0000 0000 0000 0000 0000 0000 0000 0000 0000 0000 0000 0000 0000 0000 0000 0000 0000 0000 0000 0000 0000 0000 0000 0000 0000
0000 0000 0000 0000 0000 0000 0000 0000 0000 0000 0000 0000 0000 0000 0000 0000 0000 0000 0000 0000 0000 0000 0000 0000 0000 0030 0031 0000 0000 0000 0000 0000
0000 0000 0000 0000 0000 0000 0000 0032 0033 0034 0000 0000 0000 0000 0000 0000 0000 0000 0000 0000 0000 0000 0000 0000 0000 0000 0000 0000 0036 0037 0038 0000
0000 0000 0000 0000 0039 003A 0000 0052 0053 0054 0000 0000 0000 0000 0000 0000 003B 0000 0000 0000 0000 0000 0000 0000 0000 0000 0000 0000 0056 0057 0058 0000
0000 0000 0000 0000 0000 0000 0000 0072 0073 0074 0075 0000 003D 003E 003F 0000 005B 005C 0000 0000 0000 0000 00A0 00A1 00A2 0000 0000 0000 0000 0000 0000 0000
0000 0000 0000 0000 0000 0000 0000 0092 0093 0094 0095 0000 005D 005E 005F 0000 0000 0000 0000 0000 0000 0000 00C0 00C1 00C2 0000 0000 0000 0000 0000 0000 0000
00A3 0000 0000 0000 0000 0000 0000 0000 0000 0000 0000 0000 0000 0000 0000 0000 0000 0000 0000 0000 0000 0000 00E0 00E1 00E2 0000 0000 0000 0000 0000 00A7 00A8
00C3 0000 0000 0000 0000 0000 0000 0000 0000 0000 0000 0000 0000 0000 0000 0000 0000 0000 0000 0000 0000 0000 0100 0101 0102 0000 0000 0000 0000 0000 00C7 00C8
0000 00E4 00E5 00E6 0000 0000 0000 0000 0000 0000 0000 0000 00A9 00AA 00AB 0000 0000 0000 0000 0000 0000 0000 0000 0000 0000 0000 0000 0000 0000 0000 0000 0000
0000 0104 0105 0106 0000 0000 0000 0000 0000 0000 0000 0000 00C9 00CA 00CB 0000 0000 0000 0000 0000 0000 0000 0000 0000 0000 0000 00AC 00AD 00AE 0000 0000 0000
0000 0000 0000 0000 0000 0000 0000 0000 0000 0000 0000 0000 0000 0000 0000 0000 0000 0000 0000 0000 0000 0000 0000 0000 0000 0000 00CC 00CD 00CE 00CF 00D0 0000
0000 0000 0000 0000 0000 0000 0000 0000 0000 0000 0000 0000 00B1 00B2 00B3 0000 0000 0000 0000 0000 0000 0000 0000 0000 0000 0000 0000 0000 00EE 00EF 00F0 0000
0000 0000 0000 0000 0000 0000 0000 0000 0000 0000 0000 0000 00D1 00D2 00D3 0000 0000 0000 0000 00B7 00B8 00B9 00BA 00BB 00BC 0000 0000 0000 0000 0000 0000 0000
0000 0000 0000 0000 0000 0000 0000 0000 0000 0000 0000 0000 0000 0000 0000 0000 00D4 00D5 00D6 00D7 00D8 00D9 00DA 00DB 00DC 00DD 00DE 00DF 0000 0000 0000 0000
0120 0121 0000 0000 0000 0000 0000 0000 0000 0000 0000 0000 0000 0000 0000 0000 00F4 00F5 00F6 0000 0000 0000 0000 0000 0000 00FD 00FE 00FF 0000 0000 0000 0123
0140 0141 0142 0000 0000 0000 0000 0000 0000 0000 0000 0000 0000 0000 0000 0000 0000 0000 0000 0000 0000 0000 0000 0000 0000 0000 0000 0000 0000 0000 0000 0143
0160 0161 0162 0000 0000 0000 0000 0000 0000 0000 0000 0000 0000 0000 0000 0000 0000 0000 0000 0000 0000 0000 0000 0000 0000 0000 0000 0000 0000 0000 0000 0000
0180 0181 0000 0000 0000 0000 0000 0000 0000 0000 0000 0000 0000 0000 0000 0124 0125 0126 0000 0000 0000 0000 0000 0000 0000 0000 0000 0000 0000 0000 0000 0000
0000 0000 0000 0000 0000 0000 0000 0000 0000 0000 0000 0000 0000 0000 0000 0144 0145 0146 0000 0000 0000 0000 0000 0000 0000 0000 0000 0000 0000 0000 0000 0000
0000 0000 0000 0000 0000 0000 0000 0000 0000 0000 0000 0000 0000 0000 0000 0000 0000 0000 0000 0000 0000 0000 0000 0000 0000 0000 0000 0127 0128 0129 0000 0000
0000 0000 0000 0000 0000 0000 0000 0000 0000 0000 0000 0000 0000 0000 0000 0000 0000 0000 0000 0000 0000 0000 0000 0000 0000 0000 0000 0147 0148 0149 0000 0000
0000 0000 0000 0000 0000 0000 0000 0000 0000 0000 0000 0000 0000 0000 0000 0000 0000 0000 0000 0000 0000 0000 0000 0000 0000 0000 0000 0000 0168 0169 016A 016B
012C 012D 012E 0000 0000 0000 0000 0000 0000 0000 0000 0000 0000 0000 0000 0000 0000 0000 0000 0000 0000 0000 0000 0000 0000 0000 0000 0000 0188 0189 018A 018B
014C 014D 014E 0000 0000 0000 0000 0000 0000 0000 0000 0000 0000 0000 0000 0000 0000 0000 0000 0000 0000 0000 0000 0000 0000 0000 0000 0000 01A8 0000 0000 0000
0000 0000 0000 0000 0000 0000 0000 012F 0130 0131 0000 0000 0000 0000 0000 0000 0000 0000 0000 0000 0000 0000 0000 0000 0132 0133 0134 0000 01C8 0000 0000 0000
0000 0000 0000 0000 0000 0000 0000 014F 0150 0151 0000 0000 0000 0000 0000 0000 0000 0000 0000 0000 0000 0000 0000 0000 0152 0153 0154 0000 01E8 0000 0000 0000
