ATARI GAUNTLET MOTION OBJECT 16X16 TILEMAP
SOURCE: level-029.png
GRID: 32 X 32
TILE_SIZE: 16 X 16
ATLAS_TILES: 1184
UNIQUE_PIXEL_TILES: 137
CONNECTED_OBJECT_GROUPS: 5

0020 0021 0000 0000 0000 0000 0000 0000 0000 0000 0000 0000 0000 0000 0000 0000 0000 0000 0000 0000 0000 0075 0076 0000 0078 0079 0000 007B 007C 007D 007E 007F
0040 0041 0042 0000 0000 0000 0000 0000 0000 0000 0000 0000 0000 0000 0000 0000 0000 0000 0000 0000 0094 0095 0096 0097 0098 0099 009A 009B 009C 009D 009E 009F
0000 0000 0000 0000 0000 0000 0000 0000 0000 0000 0000 0000 0000 0000 0000 0000 0000 0000 0000 0000 00B4 00B5 00B6 00B7 00B8 00B9 0000 00BB 00BC 00BD 0000 0000
0000 0000 0000 0000 0000 0000 0000 0000 0000 0000 0000 0000 0000 0000 0000 0000 0000 0000 0000 0000 00D4 00D5 00D6 00D7 00D8 00D9 0000 0000 0000 0000 0000 0000
0000 0000 0000 0000 0000 0000 0000 0000 0000 0000 0000 0000 0000 0000 0000 0000 0000 0000 0000 0000 00F4 00F5 00F6 00F7 00F8 00F9 0000 00FB 00FC 0000 0000 0000
0000 0000 0000 0000 0000 0000 0000 0000 0000 0000 0000 0000 0000 0000 0000 0000 0000 0000 0000 0000 0114 0115 0116 0117 0118 0119 0000 011B 011C 011D 0000 0000
0000 0000 0000 0000 0000 0000 0000 0000 0000 0000 0000 0000 0000 0000 0000 0000 0000 0000 0000 0000 0134 0135 0136 0137 0138 0139 0000 013B 0000 0000 0000 0000
0000 0000 0000 0000 0000 0000 0000 0000 0000 0000 0000 0000 0000 0000 0000 0000 0000 0000 0000 0000 0154 0155 0156 0157 0158 0159 0000 015B 0000 0000 0000 0000
0000 0000 0000 0000 0000 0000 0000 0000 0000 0000 0000 0000 0000 0000 0000 0000 0000 0000 0000 0000 0174 0175 0176 0177 0178 0179 0000 017B 0000 0000 0000 0000
0000 0000 0000 0000 0000 0000 0000 0000 0460 0461 0000 0000 0000 0000 0000 0000 0000 0000 0000 0000 0194 0195 0196 0197 0198 0199 0000 019B 0000 0000 0000 0000
0000 0000 0000 0000 0000 0000 0000 0000 0480 0481 0482 0000 0000 0000 0000 0000 0000 0000 0000 0000 01B4 01B5 01B6 01B7 01B8 01B9 0000 01BB 0000 0000 0463 0000
0000 0000 0000 0000 0000 0000 0000 0000 0000 0000 0000 0000 0000 0000 0000 0000 0000 0000 0000 0000 01D4 01D5 01D6 01D7 01D8 01D9 0000 01DB 0000 0000 0000 0000
0000 0000 0000 0000 0000 0000 0000 0000 0000 0000 0000 0000 0000 0000 0000 0000 0000 0000 0000 0000 01F4 01F5 01F6 01F7 01F8 01F9 0000 01FB 01FC 01FD 0000 0000
0000 0000 0000 0000 0000 0000 0000 0000 0000 0000 0000 0000 0000 0000 0000 0000 0000 0000 0000 0000 0214 0215 0216 0217 0218 0219 0000 021B 0000 0000 0000 0000
0000 0000 0000 0000 0000 0000 0000 0000 0000 0000 0000 0000 0000 0000 0000 0000 0000 0000 0000 0000 0234 0235 0236 0237 0238 0239 0000 023B 0000 0000 0000 0000
0000 0000 0000 0000 0000 0000 0000 0000 0000 0000 0000 0000 0000 0000 0000 0000 0000 0000 0000 0000 0254 0255 0256 0257 0258 0259 0000 025B 0000 0000 0000 0000
0000 0000 0000 0000 0000 0000 0000 0000 0000 0000 0000 0000 0000 0000 0000 0000 0000 0000 0000 0000 0274 0275 0276 0277 0278 0279 0000 027B 0000 0000 0000 0000
0000 0000 0000 0000 0000 0000 0000 0000 0000 0000 0000 0000 0000 0000 0000 0000 0000 0000 0000 0000 0294 0295 0296 0297 0298 0299 0000 029B 0000 0000 0000 0000
0000 0000 0000 0000 0000 0000 0000 0000 0000 0000 0000 0000 0000 0000 0000 0000 0000 0000 0000 0000 02B4 02B5 02B6 02B7 02B8 02B9 0000 02BB 0000 0000 0000 0000
0000 0000 0000 0000 0000 0000 0000 0000 0000 0000 0000 0000 0000 0000 0000 0000 0000 0000 02D2 02D3 02D4 02D5 02D6 02D7 02D8 02D9 0000 02DB 0000 0000 0000 0464
0000 0000 0000 0000 0000 0000 0000 0000 0000 0000 0000 0000 0000 0000 0000 0000 0000 0000 02F2 02F3 02F4 02F5 02F6 02F7 02F8 02F9 0000 02FB 0000 0000 0000 0000
0000 0000 0000 0000 0000 0000 0000 0000 0000 0000 0000 0000 0000 0000 0000 0000 0000 0000 0000 0000 0314 0315 0316 0317 0318 0319 0000 031B 0000 0000 0000 0000
0000 0321 0322 0323 0324 0325 0326 0327 0328 0329 032A 032B 032C 032D 032E 032F 0330 0331 0332 0333 0334 0335 0336 0337 0338 0339 0000 033B 0000 0000 0000 0000
0340 0341 0342 0343 0344 0345 0346 0347 0348 0349 034A 034B 034C 034D 034E 034F 0350 0351 0352 0353 0354 0355 0356 0357 0358 0359 0000 035B 0000 0000 0000 0000
0000 0361 0362 0363 0364 0365 0366 0367 0368 0369 036A 036B 036C 036D 036E 036F 0370 0371 0372 0373 0374 0375 0376 0377 0378 0379 037A 037B 0000 0000 0000 0000
0380 0381 0382 0383 0384 0385 0386 0387 0388 0389 038A 038B 038C 038D 038E 038F 0390 0391 0392 0393 0394 0395 0396 0397 0398 0000 0000 039B 0000 0000 0000 0000
0000 0000 0000 0000 0000 0000 0000 0000 0000 0000 0000 0000 0000 0000 0000 0000 0000 0000 0000 0000 0000 0000 0000 0000 0000 03B9 03BA 03BB 0000 0000 0000 0000
0000 0000 0000 0000 0000 0000 0000 0000 0000 0000 0000 0000 0000 0000 0000 0000 0000 0000 0000 0000 0000 0000 03D6 03D7 03D8 03D9 03DA 03DB 0000 0000 0000 0000
0000 03E1 03E2 03E3 03E4 03E5 03E6 03E7 03E8 03E9 03EA 03EB 03EC 03ED 03EE 03EF 03F0 03F1 03F2 03F3 03F4 03F5 03F6 03F7 03F8 03F9 03FA 03FB 0000 0000 0000 0000
0400 0401 0402 0000 0000 0000 0000 0000 0000 0000 0000 0000 040C 040D 040E 0000 0000 0000 0000 0000 0000 0000 0000 0000 0000 0000 0000 0000 041C 041D 041E 041F
0420 0000 0000 0000 0000 0000 0000 0000 0000 0000 0000 0000 0000 0000 042E 042F 0430 0000 0000 0000 0000 0000 0000 0000 0000 0000 0000 0000 043C 043D 043E 043F
0440 0000 0000 0000 0000 0000 0000 0000 0000 0000 0000 0000 0000 0000 044E 044F 0450 0000 0000 0000 0000 0000 0000 0000 0000 0000 0000 0000 0000 0000 045E 045F
