ATARI GAUNTLET PLAYFIELD 16X16 TILEMAP
SOURCE: level-092-playfield.png
GRID: 32 X 32
TILE_SIZE: 16 X 16
UNIQUE_TILES: 66

0000 0000 0000 0001 0002 0003 0000 0000 0001 0002 0000 0000 0000 0003 0000 0000 0003 0000 0000 0004 0002 0000 0000 0000 0000 0000 0000 0000 0000 0000 0000 0000
0005 0006 0007 0008 0009 000A 000B 000C 000D 000E 0007 000F 0010 000A 0011 0012 0013 0014 0007 0008 0015 0014 0016 0017 0013 0018 0011 0012 0013 0014 0007 0012
0019 0009 0006 0007 001A 0000 0000 001B 001C 0013 0018 001D 0000 001E 001F 0007 0012 0013 0014 0007 0012 0005 0020 0021 000F 0020 0022 000B 0017 0005 0006 0007
0007 0023 0024 0014 0007 0012 0013 0014 0016 000C 0020 000E 0007 0025 0024 0018 000B 0017 0005 0006 0007 0023 0024 0014 0019 0026 001D 001B 0027 0020 0015 0014
0006 0025 0028 0013 0014 0007 0012 0005 001D 001B 0026 0010 000A 000D 0026 001D 001B 0027 0020 0009 0006 0008 001C 0013 0014 0019 001C 0013 0019 0021 0012 0005
0015 0008 0021 000F 0029 0014 0016 0020 0015 0018 001D 0000 001E 002A 0020 0026 0029 0019 0021 0023 0024 0014 0007 0012 0005 000A 0011 000F 0029 0018 000B 0020
0012 0013 0014 0023 0028 0005 0020 0021 0012 0019 0022 000B 002B 002C 002A 0020 0026 0029 0018 002D 002E 0029 0018 000B 001D 001B 0022 0020 001C 001A 001B 0021
000B 0017 0005 000D 0021 0019 0015 0014 0007 0012 001A 0000 002F 0030 001E 001F 0019 001C 001A 0003 001B 0026 001D 001B 0021 0012 0019 000E 0007 000F 0029 0018
0031 0021 0023 0024 0018 000B 0017 0005 000A 0011 0012 0013 0014 0007 0008 0009 0006 0007 0012 0013 0014 0019 001C 0005 0006 0016 000C 0029 0014 0023 0028 0032
0033 0006 0025 002E 001D 001B 0027 001D 001B 0022 000B 000C 0010 0006 0007 0019 0009 0006 0016 0017 0005 000A 0011 0019 0015 001A 001B 0026 0010 002D 0034 0025
0031 0015 0035 001B 001C 0013 0023 0036 000C 0037 0002 0000 002F 0015 0018 0011 0023 0024 0019 0027 001D 001B 000E 0016 0017 0005 0006 001A 0000 0038 000E 0039
0021 0012 0013 0014 0007 0012 0035 0000 0000 003A 0024 0018 000B 000C 0020 000E 0025 0028 0013 0019 0021 0012 0013 0023 0034 0019 0015 0018 000B 000C 0010 000D
0006 0007 0012 0013 0014 0007 0012 0013 0014 0025 0028 0032 0002 001B 001C 0005 000D 0027 0017 0005 0006 0007 0012 0008 0022 000B 000C 001D 0000 0000 001B 0009
0015 0014 0007 0012 0013 0014 0007 0012 0013 0025 0034 0025 0024 0018 0011 0019 0015 0019 0021 0019 0015 0014 0007 0012 001A 0000 001B 001C 0013 0018 000B 0020
0017 0005 000A 000B 000C 0029 0014 0016 0017 0008 000E 0008 0026 0020 0022 000B 000C 0010 000A 000B 000C 0010 000A 000B 000C 0010 000A 000B 0017 0032 0031 0027
0021 001A 0000 0000 001E 002E 0029 0023 0034 0012 0013 0018 003B 0028 001A 0000 0000 0000 0001 0002 0000 003C 003D 0000 0000 0001 0002 001B 0021 0025 0024 0019
0006 0016 0017 0013 0035 001B 0026 000D 000E 0007 0012 001A 0038 0021 0012 0013 0018 0011 0025 0024 0014 0007 0012 0013 0014 0025 0028 0005 0006 0025 0028 0005
0024 0023 0034 000F 0010 0006 0023 002E 0029 0014 0007 0012 0013 0014 0007 0012 0019 000E 0025 0028 0013 0014 0007 000F 0010 000D 0021 0023 0024 0025 0034 0023
0028 0025 001F 0032 0031 0015 0035 001B 001C 0005 0006 0007 000F 0010 0006 0007 0012 0013 0025 003E 000C 0010 000A 001D 001B 0015 0018 002D 0028 0025 001F 0025
0034 0025 0024 0025 0034 0012 0005 000A 0011 0023 0033 0006 0032 0031 0015 0014 0007 000F 003F 0002 0000 002F 003C 000E 0007 0012 0032 0040 0021 0025 0024 0025
000E 0025 0028 0025 001F 0007 001A 001B 000E 0035 001B 0015 003D 0034 0012 0013 0014 003C 0040 0009 000A 0011 0012 0013 0014 0016 000D 0015 0018 000D 001C 0008
0010 000D 0021 0025 0024 0014 0007 0012 0013 0014 0007 000F 000D 000E 0016 0017 0013 0025 0034 001A 001B 0022 0011 0012 0005 0020 0021 000F 0020 000E 0016 000C
001B 0015 0014 0025 0028 0013 0018 0011 000F 0010 000A 003B 0028 0005 0020 0027 0017 0008 0022 000B 000C 003B 001F 0007 0019 0015 0018 0020 001C 0013 001A 0000
0007 0012 0005 000D 0021 000F 0020 000E 001A 0000 0000 0038 0021 0023 0024 0019 0021 0012 001A 0000 0000 0038 0009 000A 000B 000C 0020 000E 0016 000C 0029 0014
0006 0007 002F 0024 0014 002F 0028 0005 000A 000B 000C 003E 000A 000D 001C 0013 0018 000B 000C 0029 0014 0007 001A 0000 0000 001B 001C 0005 001D 001B 0026 0010
0015 0018 003D 001C 0013 003D 0021 001A 0000 0000 0000 0000 001B 000E 0007 000F 001D 0000 001B 0026 0010 0006 0016 000C 0010 000A 000B 003B 0024 0014 001A 001B
0012 0019 000E 0016 0017 0013 0014 0007 0012 0005 0006 0007 0012 0013 0014 0023 0028 0013 0018 001D 001B 0015 002F 003C 0000 0000 0000 0038 001C 0013 0014 0007
0011 0012 0013 0023 0034 0012 0005 0006 0007 0023 0024 0014 0016 0017 0013 0025 0034 0012 0019 000E 0007 0012 0013 0014 0007 0012 0013 0014 0016 000C 0029 0018
000E 0041 000C 002D 001F 0007 0019 0009 0006 0008 0026 0029 0019 0027 0017 0008 000E 0007 0012 0005 0006 0007 0012 0013 0014 0007 000F 0029 001A 001B 0026 0020
0013 001A 0000 0038 0015 0014 0007 0019 0009 0006 0019 001C 0013 0019 0021 0012 0013 0014 0007 0019 0009 000A 000B 000C 0029 0018 0020 001C 0013 0014 0023 0028
0012 0013 0014 0007 0012 0005 0006 0007 0019 0015 0014 0007 0012 0005 0006 0007 000F 0029 0014 0016 001D 0000 003D 002F 001C 0019 000E 0007 0012 0013 0008 0021
000B 000C 0010 000A 000B 003D 0033 000A 000B 000C 0010 000A 000B 003C 0033 000A 003B 002E 0010 003B 0036 000C 0010 000A 000B 000C 0010 000A 000B 000C 0010 000A
