ATARI GAUNTLET MOTION OBJECT 16X16 TILEMAP
SOURCE: level-072.png
GRID: 32 X 32
TILE_SIZE: 16 X 16
ATLAS_TILES: 1152
UNIQUE_PIXEL_TILES: 177
CONNECTED_OBJECT_GROUPS: 24

0000 0000 0000 0000 0000 0000 0000 0000 0000 0000 0000 0000 0000 0000 0000 0000 0020 0000 0000 0000 0000 0000 0022 0023 0024 0000 0000 0000 0000 0000 0000 0000
0000 0026 0000 0000 0000 0000 0000 0000 0000 0000 0000 0000 0000 0000 0000 0000 0040 0041 0000 0000 0000 0000 0042 0043 0044 0000 0000 0000 0000 0000 0000 0000
0045 0046 0047 0048 0049 004A 004B 004C 004D 004E 004F 0050 0051 0052 0000 0000 0000 0000 0000 0000 0000 0000 0000 0000 0000 0000 0000 0000 0034 0035 0000 0000
0000 0000 0000 0000 0069 0000 006B 0000 006D 006E 006F 0070 0071 0072 0000 0000 0000 0000 0036 0037 0000 0000 0000 0000 0000 0000 0000 0053 0054 0055 0000 0000
0000 0000 0000 0000 0089 0000 008B 0000 008D 0000 0000 0000 0000 0000 0000 0000 0000 0000 0000 0057 0058 0059 0000 005B 0000 0000 0000 0000 0000 0000 0000 0000
0000 0000 0000 0000 00A9 0000 00AB 0000 00AD 0000 0000 0000 0000 0000 0000 0000 0000 0000 0000 0077 0078 0079 0000 007B 0000 0000 0000 0000 0000 0000 0000 0000
0000 0000 0000 0000 00C9 00CA 00CB 0000 00CD 0000 0000 0000 0000 0000 0000 0000 0000 0000 0000 0097 0098 0099 0000 009B 0000 0000 0000 0000 0000 0000 0000 0000
0000 0000 0000 0000 00E9 00EA 00EB 0000 00ED 0000 0000 0000 0000 0000 0000 0000 0227 0000 0000 00B7 00B8 00B9 0000 00BB 0000 0000 0000 0000 0000 0000 0000 0000
0000 0000 0000 0000 0109 0000 010B 0000 0000 0000 0000 0000 0000 0000 0245 0246 0247 0248 0000 00D7 00D8 00D9 0000 00DB 0000 0229 022A 022B 022C 0000 0000 0000
0125 0126 0127 0128 0129 0000 012B 0000 0000 0000 0000 0262 0263 0264 0000 0000 0000 0000 0000 00F7 00F8 00F9 00FA 00FB 0000 0000 0000 0000 0000 0000 0000 0000
0145 0000 0147 0000 0149 0000 014B 0000 0000 0280 0281 0282 0283 0284 0000 0000 0000 0000 0000 0000 0000 0119 011A 011B 0000 0000 0000 0000 0000 022D 022E 022F
0165 0000 0000 0000 0169 0000 016B 016C 0000 02A0 02A1 02A2 0000 0000 0000 0000 0000 0000 0000 0000 0000 0000 0000 013B 0000 0000 0000 0000 0000 024D 024E 024F
0000 0000 0000 0000 0189 0000 018B 0000 0000 0000 0000 0000 0000 0000 0236 0000 0000 0239 0000 0000 0000 0000 0000 0000 0000 0000 0000 0000 0000 0000 0000 0000
0000 0000 0000 0000 01A9 0000 01AB 0000 0000 0000 0000 0000 0000 0000 0256 0257 0258 0259 0000 0000 0000 0000 0000 0000 0000 0000 0000 0000 0000 0000 0000 023A
0000 0000 0000 0000 01C9 01CA 01CB 0000 0000 0000 0000 0273 0274 0275 0000 0000 0000 0000 0000 0000 0000 0000 0000 0000 0000 0000 0000 0000 0000 0000 0000 0000
0000 0000 0000 0000 01E9 01EA 01EB 0000 0290 0291 0292 0000 0000 0000 0000 0000 0000 0000 0000 0000 0000 023F 0000 0000 0000 0340 0341 0342 0343 0000 0000 0000
0000 0000 0000 0000 0209 020A 020B 0000 02B0 02B1 02B2 0000 0000 0000 0000 0000 0000 0000 025C 025D 025E 025F 0000 0000 0000 0360 0361 0362 0363 0000 0000 0000
0000 0000 0000 0000 0000 0000 0000 0000 0000 0000 02D2 02D3 02D4 0000 0000 0000 0000 0000 027C 027D 027E 0000 0000 0000 0000 0380 0381 0382 0000 0000 0000 0000
0000 0000 0000 0000 0347 0348 0349 0000 0000 0000 02F2 02F3 02F4 0000 0000 0000 0000 029B 029C 029D 0000 0000 0000 0000 0000 0000 0000 0000 0000 0000 0000 0000
0000 0364 0365 0366 0367 0368 0369 0000 0310 0311 0000 0000 0000 0000 0000 0000 0000 02BB 02BC 02BD 0000 0000 0000 0000 0000 0000 0000 0000 034B 034C 034D 034E
0000 0000 0000 0000 0000 0000 0000 0000 0000 0000 0000 0000 0000 0000 0000 0000 0000 0000 02DC 02DD 02DE 0000 0000 034F 0000 0000 0000 036A 036B 036C 0000 0000
0000 0000 0350 0000 0000 0000 0000 0000 0000 0000 0000 0000 0000 0000 0000 0000 0000 0000 02FC 02FD 02FE 0000 0000 0000 0000 0000 0000 038A 038B 038C 0000 0000
0000 0000 0370 0371 0372 0373 0000 0354 0355 0356 0357 0358 0000 0000 0000 0000 0000 0000 031C 031D 031E 0000 0000 0000 0000 0000 0000 0000 03AB 03AC 03AD 0000
0000 0000 0000 0000 0000 0000 0000 0374 0375 0376 0377 0378 0379 0000 0000 0000 0000 0000 033C 033D 033E 0000 0000 0000 0000 0000 0000 0000 03CB 03CC 03CD 0000
035A 035B 0000 0000 0000 0000 0000 0394 0395 0396 0397 0398 0399 0000 0000 0000 0000 0000 0000 0000 0000 0000 035C 035D 035E 0000 0000 0000 03EB 03EC 03ED 03EE
0000 0000 0000 0000 0000 0000 0000 03B4 03B5 03B6 0000 0000 0000 0000 0000 0400 0401 0402 0403 0000 0000 0000 037C 037D 037E 0000 0000 0000 0000 0000 0000 0000
0000 0000 0000 0000 0000 0000 0000 0000 0000 0000 0000 0000 0000 0000 0000 0420 0421 0422 0423 0000 0000 0000 0000 0000 0000 0000 0000 0000 0000 0000 0000 0000
0000 0000 0000 0000 0000 0000 0000 0000 0000 0000 0000 0000 0000 0000 0000 0000 0000 0000 0000 0000 0000 0000 0000 0000 0000 0000 0000 0000 0000 0000 0000 0000
0404 0405 0000 0000 0000 0000 0000 0000 0000 0000 0000 0000 0000 0000 0000 0000 0000 0000 0000 0000 0000 0000 0000 0000 0000 0000 0000 0000 0406 0407 0408 0409
0000 0000 0000 040C 040D 040E 040F 0410 0000 0000 0000 0000 0000 0000 0000 0000 0000 0000 0000 0000 0000 0000 0000 0000 0000 0000 0000 0000 0426 0000 0000 0000
0000 042A 042B 042C 042D 042E 0000 0000 0000 0000 0000 0000 0000 0000 0000 0412 0413 0000 0000 0000 0000 0000 0000 0000 0000 0000 0000 0000 0446 0000 0000 0000
0000 044A 044B 044C 0000 0000 0000 0000 0000 0000 0000 0000 0000 0000 0431 0432 0433 0000 0000 0000 0000 0000 0000 0000 0000 0000 0000 0000 0466 0000 0000 0000
