ATARI GAUNTLET MOTION OBJECT 16X16 TILEMAP
SOURCE: level-054.png
GRID: 32 X 32
TILE_SIZE: 16 X 16
ATLAS_TILES: 448
UNIQUE_PIXEL_TILES: 101
CONNECTED_OBJECT_GROUPS: 34

0020 0021 0022 0000 0000 0000 0000 0000 0000 0000 0000 0000 0000 0000 0000 0023 0024 0025 0000 0000 0000 0000 0000 0000 0000 0000 0000 0027 0028 0000 0000 0000
0040 0041 0042 0000 0000 0000 0000 0000 0000 0000 0000 0000 0000 0000 0000 0043 0044 0045 0000 0000 0000 0000 0000 0000 0000 0000 0046 0047 0048 0000 0000 0000
0060 0061 0062 0000 0000 0000 0000 0000 0000 0000 0000 0000 0000 0000 0000 0000 0000 0000 0000 0000 0000 0000 0000 0000 0000 0000 0000 0000 0000 0000 0000 0000
0000 0000 0000 0000 0000 0000 0000 0000 0000 0000 0000 0000 0000 0000 0000 0000 0000 0000 0000 0000 0000 0000 0000 0000 0000 0000 0000 0000 0000 0000 0000 0000
0000 0000 0000 0000 0000 0000 0000 0000 0000 0000 0000 0000 0000 0000 0000 0000 0000 0000 0000 0000 0000 0000 0000 0000 0000 0000 0000 0000 0000 0000 0000 0000
0000 0000 0000 0000 0000 0000 0000 0000 0000 0000 0000 0000 0000 0000 0000 0000 0000 0000 0000 0000 0000 0000 0000 0000 0000 0000 0000 0000 0000 0000 0000 0000
0000 0000 0000 0000 0000 0000 0000 0000 0000 0000 0029 002A 002B 0000 0000 002C 002D 002E 0000 002F 0030 0031 0000 0000 0000 0000 0000 0000 0000 0000 0000 0000
0032 0000 0000 0000 0000 0000 0000 0000 0000 0000 0000 0000 0000 0000 0000 0000 0000 0000 0000 0000 0000 0000 0000 0000 0000 0000 0000 0000 0000 0000 0033 0034
0052 0000 0000 0000 0000 0000 0000 0000 0000 0000 0000 0000 0000 0000 0000 0000 0000 0000 0000 0000 0000 0000 0000 0000 0000 0000 0000 0000 0000 0000 0053 0054
0000 0000 0000 0000 0000 0000 0000 0000 0000 0000 0035 0036 0037 0000 0000 0000 0000 0000 0000 0000 0038 0039 003A 0000 0000 0000 0000 0000 0000 0000 0000 0000
0000 0000 0000 0000 0000 0000 0000 0000 0000 0000 0000 0000 0000 0000 0000 0000 0000 0000 0000 0000 0000 0000 0000 0000 003B 003C 003D 0000 0000 0000 0000 0000
0000 0081 0082 0000 0000 0000 0000 0000 0000 0000 0000 0000 0000 0000 0085 0000 0000 0000 0000 0086 0000 0000 0000 0000 005B 005C 005D 0000 0000 0000 0000 0000
00A0 00A1 00A2 00A3 00A4 0000 0000 0000 0000 0000 0000 0000 0000 0000 0000 0000 0000 0000 0000 0000 00A7 00A8 00A9 0000 0000 0000 0000 0000 0000 0000 0000 0000
0000 0000 00C2 00C3 00C4 0000 0000 0000 0000 0000 008A 008B 008C 0000 0000 0000 0000 0000 0000 0000 0000 0000 0000 0000 0000 0000 0000 0000 0000 0000 0000 0000
00E0 00E1 00E2 0000 0000 0000 0000 0000 0000 0000 0000 0000 0000 0000 0000 008D 008E 008F 0090 0000 0000 0000 0000 0000 0000 0000 0000 0000 0000 0000 0000 0000
0000 0000 0000 0000 0000 0000 0000 0000 0000 0000 0000 0000 0000 0000 0000 0000 0000 00AF 0000 0000 0091 0092 0093 0000 0000 0000 0000 0000 0000 0000 0000 0000
0000 0000 0000 0000 0000 0000 0000 0000 0000 0000 0094 0095 0096 0000 0000 0000 0000 00CF 00D0 0000 0000 0000 0000 0000 0000 0000 0000 0000 0000 0000 0000 0000
0000 0000 0000 0000 0000 0000 0000 0000 0000 0000 0000 0000 0000 0000 0000 0000 0000 00EF 0000 0000 0097 0098 0099 0000 0000 0000 0000 0000 0000 0000 0000 0000
0000 0000 0000 0000 0000 0000 0000 0000 0000 0000 0000 0000 0000 0000 009A 009B 0000 010F 0110 0000 0000 0000 0000 0000 0000 0000 0000 0000 0000 0000 0000 0000
0000 0000 0000 0000 0000 0000 0000 0000 0000 0000 0000 0000 0000 0000 0000 0000 0000 0000 0000 0000 0000 0000 0000 0000 0000 0000 0000 0000 0000 0000 0000 0000
0000 009C 009D 009E 009F 0000 0120 0121 0000 0000 0000 0000 0000 0000 0000 0122 0123 0124 0000 0000 0000 0000 0000 0000 0000 0000 0000 0000 0000 0000 0000 0000
0000 0000 0000 0000 0000 0000 0000 0000 0000 0000 0000 0000 0000 0000 0000 0000 0000 0000 0000 0000 0000 0000 0000 0000 0000 0000 0000 0000 0000 0000 0000 0000
0125 0000 0000 0000 0126 0127 0128 0000 0000 0000 0000 0000 0129 012A 012B 012C 012D 012E 012F 0130 0131 0000 0000 0000 0000 0000 0000 0000 0000 0000 0132 0133
0145 0000 0000 0000 0146 0147 0148 0000 0000 0000 0000 0000 0000 0000 014B 014C 014D 014E 014F 0150 0000 0000 0000 0000 0134 0000 0000 0000 0000 0000 0152 0153
0000 0000 0000 0000 0000 0000 0000 0000 0000 0000 0000 0000 0000 0000 0000 0000 0000 0000 0000 0000 0000 0000 0000 0000 0000 0000 0000 0000 0000 0000 0000 0000
0000 0000 0000 0000 0000 0000 0000 0000 0000 0000 0000 0000 0000 0000 0000 0000 0000 0000 0000 0000 0000 0000 0000 0000 0000 0000 0000 0000 0000 0000 0000 0000
0000 0000 0000 0000 0000 0000 0000 0000 0000 0000 0000 0000 0000 0000 0000 0000 0000 0000 0000 0000 0000 0000 0000 0000 0000 0000 0000 0000 0000 0000 0000 0000
0135 0000 0000 0000 0000 0000 0000 0000 0000 0000 0000 0000 0000 0000 0000 0000 0000 0000 0000 0000 0000 0000 0000 0000 0000 0000 0000 0000 0000 0000 0136 0137
0000 0000 0000 0000 0000 0000 0000 0000 0000 0000 0000 0000 0000 0000 0000 0000 0000 0000 0000 0000 0000 0000 0000 0000 0000 0000 0000 0000 0000 0000 0000 0000
0138 0000 0000 0000 0000 0000 0000 0000 0000 0000 0000 0000 0000 0000 0000 0000 0000 0000 0000 0000 0000 0000 0000 0000 0000 0000 0000 0000 0000 0000 0180 0181
0158 0159 015A 015B 015C 0000 0000 0000 0000 0000 0000 0000 0182 0183 0184 0185 0186 0187 0188 0189 018A 018B 0000 0000 0000 0000 0000 0000 0000 0000 0000 0000
0178 0179 017A 017B 017C 017D 017E 017F 0000 0000 0000 0000 01A2 01A3 01A4 01A5 01A6 01A7 01A8 01A9 01AA 01AB 01AC 0000 0000 0000 018D 018E 018F 0190 0191 0000
