ATARI GAUNTLET MOTION OBJECT 16X16 TILEMAP
SOURCE: level-023.png
GRID: 32 X 32
TILE_SIZE: 16 X 16
ATLAS_TILES: 1280
UNIQUE_PIXEL_TILES: 193
CONNECTED_OBJECT_GROUPS: 20

0000 0000 0000 0000 0000 0000 0000 0000 0000 0000 0000 0000 0000 0000 0000 0000 0000 0000 0000 0000 0000 0000 0000 0033 0034 0035 0000 0000 0000 0000 0000 0000
0000 0000 003C 003D 003E 0000 0000 0000 0000 0000 0000 0000 0000 0000 0000 0000 0000 0000 0000 0000 0000 0000 0000 0053 0054 0055 0000 0000 0000 0000 0000 0000
0000 0000 0000 0000 0000 0000 0000 0000 0000 0000 0000 0000 0000 0000 0000 0000 0000 0000 0000 0000 0000 0000 0000 0073 0074 0075 0000 0000 0000 0000 0000 0000
0000 0000 0000 0403 0404 0405 0000 0000 0000 0000 0000 0000 0000 0000 0000 0000 0000 0000 0000 0000 0000 0000 0000 0093 0094 0095 0000 0000 0000 0000 0000 0000
0420 0421 0422 0423 0424 0425 0000 0000 0000 0000 0000 0000 0000 0000 0000 0000 0000 0000 0000 0000 0000 0000 0000 00B3 00B4 00B5 0000 0000 0000 0000 00BA 00BB
0440 0441 0442 0000 0000 0000 0000 0000 0000 0000 0000 0000 0000 0000 0000 0000 0000 0000 0000 0000 0000 0000 0000 00D3 00D4 00D5 00D6 00D7 00D8 0000 00DA 00DB
0460 0461 0462 0000 0000 0000 0000 0000 0000 0000 0000 0000 0000 0000 0000 0000 0000 0000 0000 0000 0000 0000 0000 0000 0000 0000 00F6 00F7 00F8 00F9 00FA 00FB
0480 0481 0482 0000 0000 0406 0407 0408 0000 0000 0000 0000 0000 0000 0000 0000 0000 0000 0000 0000 0000 0000 0000 0000 0114 0115 0116 0000 0118 0119 011A 0000
0000 0000 0000 0000 0000 0000 0000 0000 0000 0000 0000 0000 0000 0000 0000 0000 0000 0000 0000 0000 0000 0000 0000 0000 0000 0000 0136 0137 0138 0139 013A 013B
0409 040A 040B 040C 040D 040E 040F 0000 0000 0000 0000 0000 0000 0000 0000 0000 0000 0000 014E 014F 0150 0000 0152 0153 0154 0000 0156 0157 0158 0159 015A 0000
0429 042A 042B 0000 0000 0000 0000 0000 0000 0000 0000 0000 0000 0000 0000 0000 0000 0000 016E 016F 0170 0000 0172 0173 0174 0000 0176 0177 0178 0179 017A 0000
0000 0000 0000 0000 0000 0181 0182 0183 0184 0185 0186 0187 0188 0189 018A 018B 018C 018D 018E 018F 0190 0191 0192 0000 0000 0195 0196 0197 0198 0199 019A 0000
0000 0000 0000 0000 0000 0000 01A2 01A3 01A4 01A5 01A6 0000 0000 01A9 01AA 01AB 0000 01AD 01AE 01AF 01B0 01B1 01B2 0000 01B4 01B5 01B6 0000 0000 0000 01BA 0000
0000 0000 0000 0000 0000 0000 01C2 0000 01C4 01C5 01C6 01C7 01C8 01C9 01CA 01CB 01CC 01CD 01CE 01CF 01D0 01D1 01D2 0000 01D4 01D5 01D6 01D7 01D8 01D9 01DA 0000
0410 0411 0412 0000 0000 0000 01E2 0000 01E4 01E5 01E6 0000 01E8 0000 0000 0000 0000 0000 0000 0000 01F0 01F1 01F2 0000 01F4 0000 0000 0000 0000 0000 01FA 01FB
0000 0000 0000 0000 0000 0000 0202 0000 0204 0000 0000 0000 0208 0000 0000 0000 0413 0000 0000 0000 0210 0000 0212 0000 0214 0000 0000 0000 0000 0000 0000 0000
0000 0415 0000 0000 0220 0221 0222 0000 0224 0000 0000 0000 0228 0000 0000 0000 0433 0434 0000 0000 0230 0000 0232 0000 0234 0000 0000 0000 0000 0000 0000 0000
0000 0000 0000 0000 0240 0241 0242 0243 0244 0000 0000 0000 0248 0000 0000 0000 0000 0000 0000 0000 0250 0000 0252 0000 0254 0000 0416 0417 0418 0000 0000 0000
0000 0000 0000 0000 0000 0000 0262 0263 0264 0000 0000 0000 0268 0269 0000 0000 0000 0000 0000 0000 0270 0000 0272 0000 0274 0000 0000 0000 0000 0000 0000 0000
0419 041A 041B 0000 0000 0000 0282 0000 0284 0285 0286 0000 0288 0000 0000 0000 0000 0000 0000 0000 0290 0000 0292 0293 0294 0000 0000 0000 0000 0000 041C 041D
0439 043A 043B 0000 0000 0000 02A2 0000 02A4 02A5 02A6 0000 02A8 02A9 02AA 02AB 02AC 02AD 02AE 02AF 02B0 02B1 02B2 0000 02B4 0000 04A0 04A1 04A2 0000 043C 043D
0000 0000 0000 0000 0000 0000 02C2 0000 02C4 0000 0000 0000 0000 0000 0000 0000 02CC 0000 0000 0000 02D0 02D1 02D2 0000 02D4 0000 0000 0000 0000 0000 0000 0000
0000 04A3 0000 0000 02E0 02E1 02E2 0000 02E4 0000 0000 0000 0000 0000 0000 0000 0000 02ED 0000 0000 0000 0000 02F2 0000 02F4 0000 0000 0000 0000 0000 0000 04A4
0000 0000 0000 0000 0300 0301 0302 0000 0304 0305 0306 0000 0000 0309 030A 030B 0000 0000 030E 030F 0310 0311 0312 0000 0314 0000 04A5 04A6 04A7 0000 0000 0000
0000 0000 0000 0000 0000 0000 0322 0000 0324 0325 0326 0000 0000 0329 032A 032B 0000 0000 0000 032F 0330 0331 0332 0000 0334 0000 0000 0000 0000 0000 0000 0000
0000 0000 0000 0000 0000 0000 0342 0343 0344 0345 0346 0347 0348 0349 034A 034B 034C 034D 034E 034F 0350 0351 0352 0000 0354 0000 0000 0000 0000 0000 0000 0000
0000 0000 0000 0000 0000 0000 0362 0363 0364 0000 0000 0000 0368 0369 036A 0000 0000 0000 0000 0000 0000 0371 0372 0373 0374 0000 0376 0377 0378 0000 0000 0000
0000 04A8 04A9 04AA 0000 0000 0382 0383 0384 0385 0386 0387 0388 0389 038A 038B 038C 038D 038E 038F 0390 0391 0392 0393 0394 0395 0000 0000 0000 0000 0000 0000
0000 04C8 04C9 04CA 0000 0000 0000 03A3 03A4 03A5 0000 0000 0000 0000 0000 0000 0000 0000 0000 0000 0000 0000 0000 0000 0000 0000 0000 0000 0000 0000 0000 0000
0000 0000 0000 0000 0000 0000 0000 0000 0000 03C5 03C6 03C7 0000 0000 0000 04AB 04AC 04AD 0000 0000 0000 0000 0000 0000 0000 0000 0000 0000 0000 04AE 0000 0000
0000 0000 04B3 0000 0000 0000 0000 0000 0000 03E5 03E6 03E7 0000 0000 0000 04CB 04CC 04CD 0000 0000 04B4 04B5 04B6 0000 0000 0000 0000 0000 0000 04CE 04CF 04D0
04D1 04D2 04D3 0000 0000 0000 0000 0000 0000 0000 0000 0000 0000 0000 0000 04EB 04EC 04ED 0000 0000 0000 0000 0000 0000 0000 0000 0000 0000 0000 04EE 04EF 04F0
