ATARI GAUNTLET PLAYFIELD 16X16 TILEMAP
SOURCE: level-098-playfield.png
GRID: 32 X 32
TILE_SIZE: 16 X 16
UNIQUE_TILES: 47

0000 0001 0002 0002 0002 0002 0002 0002 0002 0002 0002 0002 0003 0001 0002 0002 0002 0002 0002 0002 0002 0003 0001 0002 0002 0002 0002 0002 0002 0002 0002 0002
0004 0005 0006 0007 0008 0009 0006 0007 0008 0009 0006 0007 0004 0005 0006 0007 0008 0009 0006 0007 0008 0004 000A 0007 0008 0009 0006 0007 0008 0009 0006 000B
0004 000C 0009 0006 0007 0008 0009 000D 000E 0008 0009 0006 0004 000C 0009 0006 000F 0010 0009 0006 0007 0004 0005 0006 0007 0008 0009 0006 0007 0008 0009 0006
0004 0011 0012 0013 0014 000E 0008 0015 000A 0007 0008 0009 0004 0016 0008 0009 0015 0016 0008 0009 0006 0017 0018 0009 0006 0007 0008 0009 0006 0007 0008 0009
0019 0001 0002 0002 001A 001B 0007 0004 0005 0006 0007 0008 0017 001B 0007 0008 0004 000A 0007 0008 0009 0006 0007 0008 0009 0006 0007 0008 0009 0006 0007 0008
0004 0005 0006 0007 0008 0009 0006 0004 000C 0009 0006 0007 0008 0009 0006 0007 0004 0005 0006 0007 0008 0009 0006 0007 0008 0009 0006 0007 0008 0009 0006 0007
0004 000C 0009 0006 0007 0008 0009 0004 0016 0008 0009 0006 000F 0010 0009 0006 0004 000C 0009 0006 0007 0008 0009 0006 0007 0008 0009 0006 0007 0008 0009 0006
0004 0016 0008 001C 001D 0007 0008 0017 001B 0007 0008 0009 0015 0016 0008 0009 0004 0016 0008 0009 0006 0007 0008 0009 0006 0007 0008 0009 0006 0007 0008 0009
0004 000A 0007 0015 0005 0006 0007 0008 0009 0006 0007 0008 0004 000A 0007 0008 0004 000A 0007 0008 0009 0006 0007 0008 0009 0006 0007 0008 0009 0006 0007 0008
0004 0005 0006 0004 000C 0009 0006 0007 0008 001C 001D 0007 0004 0005 0006 0007 0004 0005 0006 0007 0008 001C 001D 0007 0008 0009 0006 0007 0008 0009 0006 0007
0004 000C 0009 0004 0016 0008 0009 0006 0007 0015 0005 0006 0017 0018 0009 0006 0017 0018 0009 0006 0007 0015 0005 0006 0007 0008 0009 0006 0007 0008 0009 0006
0004 0016 0008 0004 001E 001F 0012 0013 0014 0020 000C 0009 0006 0007 0008 0009 0006 0007 0008 0009 0006 0004 000C 0009 0006 0007 0008 0009 0006 0007 0008 0009
0004 000A 0007 0021 0002 0002 0002 0002 0002 0022 0011 0012 0013 0014 001F 0012 0013 0014 001F 0012 0013 0020 0011 0012 0023 0006 0007 0008 0009 0006 0007 0008
0004 0005 0006 0007 0008 0009 0006 0007 0008 0019 0001 0002 0002 0003 0001 0002 0002 0002 0002 0003 0001 0024 0002 0025 000C 0009 0006 0007 0008 0009 0006 0007
0004 0026 0013 0014 001F 0012 0013 0014 000E 0004 0005 0006 0007 0004 0005 0006 0007 0008 0009 0004 0016 0008 0009 0004 0016 0008 0009 0006 0007 0008 0009 0006
0019 0001 0002 0002 0002 0002 0002 0025 000A 0004 000C 0009 0006 0004 000C 0009 0006 0007 0008 0004 000A 0007 0008 0004 000A 0007 0008 0009 0006 0007 0008 0009
0004 000A 0007 0008 0009 0006 0007 0004 0005 0004 0016 0008 0009 0004 0016 0008 0009 0006 0007 0004 0005 0006 0007 0004 0005 0006 0007 0008 0009 0006 0007 0008
0004 0005 0006 0007 0008 0009 0006 0004 000C 0004 000A 0007 0008 0017 001B 0007 0008 0009 0006 0017 0018 0009 0006 0004 000C 0009 0006 0007 0008 0009 0006 0007
0020 000C 0009 000D 000E 0008 0009 0004 0016 0004 0005 0006 0007 0008 0009 0006 0007 0008 0009 0006 0007 0008 0009 0004 0011 0012 0013 0014 000E 0027 0013 000B
0022 0016 0008 0015 000A 0007 0008 0017 001B 0004 0026 0013 0014 001F 0012 0023 0006 0007 0027 0013 0014 001F 0012 0028 0001 0002 0002 001A 001B 0029 0002 0002
0004 000A 0007 0004 0005 0006 0007 0008 0009 0019 0001 0002 0002 0003 002A 0018 0009 0006 0029 0003 0001 0002 0002 0022 0005 0006 0007 0008 0009 0006 0007 0008
0020 0005 0006 0004 0026 0013 0014 001F 0012 0020 000A 0007 0008 0004 000A 0007 0008 0009 0006 0004 000C 0009 0006 0004 000C 0009 0006 0007 0027 0013 0014 000B
0022 000C 0009 0021 0002 0002 0002 0002 0002 0022 0005 0006 0007 0004 0005 0006 0007 0008 0009 0004 0016 0008 0009 0004 0016 0008 0009 0006 0029 0002 0002 0002
0004 0016 0008 0009 0006 0007 0008 0009 0006 0004 000C 0009 0006 0004 000C 0009 0006 0007 0008 0004 000A 0007 0008 0004 000A 0007 0008 0009 0006 0007 0008 0009
0004 000A 0007 0008 0009 0006 0007 0008 0009 0004 0016 0008 0009 0017 002B 0008 0009 0006 0007 0017 002C 0006 0007 0004 002D 0014 001F 0012 0023 0006 0007 0008
0004 0005 0006 0007 0008 0009 0006 0007 0008 0004 000A 0007 0008 0009 0006 0007 0008 0009 0006 0007 0008 0009 0006 0019 0001 0002 0002 001A 0018 001C 001D 0007
0004 000C 0009 0006 0007 0008 0009 0006 0007 0004 002D 0014 001F 0012 0013 0014 000E 0027 0013 0014 001F 0012 0013 0020 0016 0008 0009 0006 0007 002E 002C 0006
0004 0016 0008 0009 0006 0007 0008 0009 0006 0019 0001 0002 0002 0002 0002 001A 001B 0029 0002 0002 0002 0002 0002 0022 000A 000F 0012 0023 0006 000F 0010 0009
0004 000A 0007 0008 0009 0006 0007 0008 0009 0004 0016 0008 0009 0006 0007 0008 0009 0006 0007 0008 0009 0006 0007 0004 0005 0029 001A 0018 0009 0015 0016 0008
0004 0005 0006 0007 0008 0009 0006 0007 0008 0004 000A 0007 0008 0009 0006 0007 0008 0009 0006 0007 0008 0009 0006 0004 000C 0009 0006 0007 0008 0004 000A 0007
0004 000C 0009 0006 0007 0008 0009 0006 0007 0017 002C 0006 0007 0008 0009 0006 0007 0008 0009 0006 0007 0008 0009 0017 002B 0008 0009 0006 0007 0017 002C 0006
0020 0011 0012 0013 0014 001F 0012 0013 0014 001F 0012 0013 0014 001F 0012 0013 0014 001F 0012 0013 0014 001F 0012 0013 0014 001F 0012 0013 0014 001F 0012 0013
