ATARI GAUNTLET MOTION OBJECT 16X16 TILEMAP
SOURCE: level-092.png
GRID: 32 X 32
TILE_SIZE: 16 X 16
ATLAS_TILES: 352
UNIQUE_PIXEL_TILES: 132
CONNECTED_OBJECT_GROUPS: 30

0020 0000 0000 0000 0000 0000 0022 0023 0024 0000 0000 0000 0000 0000 0000 0000 0000 0000 0000 0000 0000 0025 0026 0027 0000 0000 0000 0000 0000 002B 0000 002D
0040 0041 0000 0000 0000 0000 0042 0043 0044 0000 0000 0000 0000 0000 0000 0000 0000 0000 0000 0000 0000 0045 0046 0047 0000 0000 0000 0000 0000 004B 004C 004D
0060 0061 0000 0000 0000 0000 0000 0000 0000 0000 0000 0000 0000 0000 0000 0000 0000 0000 0000 0000 0000 0000 0066 0067 0068 0069 006A 0000 0000 006B 0000 006D
0080 0081 0000 0000 0000 0000 0000 0000 0000 0000 0000 0000 0000 0032 0033 0034 0000 0000 0000 0000 0000 0000 0086 0000 0088 0089 008A 0000 0000 0000 0000 008D
0000 0000 0000 0000 0000 0000 0000 0000 0000 0000 0000 0000 0051 0052 0053 0054 0000 0000 0000 0000 0000 0000 0000 0000 0000 0000 0000 0000 0000 0000 0000 0000
0000 0000 0000 0000 0000 0000 0000 0000 0000 006E 006F 0070 0071 0072 0073 0000 0000 0000 0000 0000 0000 0000 0000 0000 0000 0000 0000 0000 0000 0000 0000 0000
0000 0000 0000 0000 0000 0000 0000 0000 0000 008E 008F 0090 0091 0000 0093 0094 0095 0000 0000 0000 0000 0000 0000 0000 0000 0000 0000 0000 0000 0000 0000 0000
0000 0000 0000 0000 0000 0000 0000 0000 0000 0000 0000 0000 0000 0000 00B3 00B4 00B5 0000 0000 0036 0037 0038 0000 0000 0000 0000 0000 0000 0000 0000 003A 003B
003C 003D 0000 0000 0000 0000 0000 0000 0000 0000 0000 0000 0000 0000 0000 0000 0000 0000 0000 0056 0057 0058 0000 0000 0000 0000 0000 0000 0000 0059 005A 005B
005C 005D 0000 0000 0000 0000 00C0 00C1 00C2 00C3 0000 0000 00C4 00C5 0000 0000 0000 0000 0000 0000 0000 0000 0000 0000 0000 0000 0000 0000 0000 0000 0000 007B
0000 0000 0000 0000 0000 0000 00E0 00E1 00E2 00E3 0000 0000 00E4 00E5 00E6 0000 0000 0000 0000 00CA 00CB 0000 0000 0000 0000 0000 0000 0000 0000 0000 0000 0000
00CC 0000 0000 0000 0000 0000 0000 0000 0000 0000 0000 0000 0000 0000 0000 0000 00E7 00E8 00E9 0000 0000 0000 0000 0000 0000 0000 0000 0000 0000 0000 00CD 00CE
00EC 0000 0000 00D0 00D1 0000 0000 0000 0000 0000 0000 0000 0000 0000 0000 0000 0107 0108 0109 0000 00D2 00D3 00D4 0000 0000 0000 0000 0000 0000 0000 00ED 00EE
0000 0000 00EF 00F0 00F1 0000 0000 0000 0000 0000 0000 0000 0000 0000 0000 0000 0000 0000 0000 0000 00F2 00F3 00F4 0000 0000 0000 0000 0000 0000 0000 0000 0000
0000 0000 0000 0000 0000 0000 0000 0000 0000 0000 0000 0000 0000 0000 0000 0000 0000 0000 0000 0000 0000 0000 0000 0000 0000 0000 0000 0000 0000 00D5 00D6 0000
0000 0000 0000 0000 0000 0000 0000 0000 0000 0000 0000 0000 0000 0000 0000 0000 0000 0000 00D8 00D9 00DA 0000 0000 0000 0000 0000 0000 0000 0000 00F5 00F6 00F7
0000 0000 0000 0000 0000 0000 0000 0000 0000 0000 0000 0000 0000 0000 0000 0000 0000 0000 00F8 00F9 00FA 0000 0000 0000 0000 0000 0000 0000 0000 0000 0000 0000
0000 0000 0000 0000 0000 0000 0000 0000 0000 0000 0000 0000 0000 0000 0000 0000 0000 0000 0000 0000 0000 0000 0000 0000 00DB 00DC 00DD 0000 0000 0000 0000 0000
0000 0000 0000 0000 0000 0000 0000 0000 0000 0000 0000 0000 0000 0000 0000 0000 0000 0000 0000 0000 0000 0000 0000 0000 00FB 00FC 00FD 0000 0000 0000 0000 0000
0000 0000 0000 0000 0000 0000 0000 0000 0000 0000 0000 0000 0000 0000 0000 0000 0000 0000 0000 0000 0000 0000 0000 0000 0000 0000 0000 0000 0000 0000 0000 0000
0000 0000 0000 0000 0121 0122 0000 0000 0000 0000 0000 0000 0000 0000 0000 0000 0000 0000 0000 0000 0000 0000 0123 0124 0125 0126 0000 0000 0000 0000 0000 0000
0000 0000 0000 0140 0141 0142 0000 0000 0000 0000 0000 0000 0000 0000 0000 0000 0000 0000 0000 0000 0000 0000 0143 0144 0145 0146 0000 0000 0000 0127 0000 0000
0000 0000 0000 0000 0000 0000 0000 0000 0000 0000 0000 0000 0000 0000 0000 0000 0000 0000 0000 0000 0128 0000 0000 0000 0000 0000 0000 0000 0000 0000 0000 0000
0000 0000 0000 0000 0000 0000 0000 0000 0000 0000 0000 0129 012A 012B 0000 0000 0000 0000 0000 0000 0000 0000 0000 0000 0000 0000 0000 0000 0000 0000 0000 0000
0000 0000 0000 0000 0000 0000 0000 0000 0000 0000 0000 0149 014A 014B 0000 0000 0000 0000 0000 0000 0000 0000 0000 0000 0000 0000 0000 012C 012D 012E 0000 0000
0000 0000 0000 0000 0000 0000 0000 0000 0000 0000 0000 0000 0000 0000 0000 0000 0000 0000 0000 0000 0000 0000 0000 0000 0000 0000 0000 014C 014D 014E 0000 0000
012F 0130 0131 0000 0000 0000 0000 0000 0000 0000 0000 0000 0000 0000 0000 0000 0000 0000 0132 0133 0000 0000 0000 0000 0000 0000 0000 0000 0000 0000 0000 0000
014F 0150 0151 0000 0000 0000 0000 0000 0000 0000 0000 0000 0000 0000 0000 0000 0000 0000 0000 0000 0000 0000 0000 0000 0000 0000 0000 0000 0000 0000 0000 0000
0000 0000 0000 0000 0000 0134 0135 0136 0000 0000 0000 0000 0138 0139 0000 0000 0000 0000 0000 0000 0000 0000 0000 0000 013A 013B 013C 0000 0000 0000 0000 0000
0000 0000 0000 0000 0000 0154 0155 0156 0000 0000 0000 0157 0158 0159 0000 0000 0000 0000 0000 0000 0000 0000 0000 0000 015A 015B 015C 0000 0000 0000 0000 0000
0000 0000 0000 0000 0000 0000 0000 0000 0000 0000 0000 0000 0000 0000 0000 0000 0000 0000 0000 0000 013E 013F 0000 0000 0000 0000 0000 0000 0000 0000 0000 0000
0000 0000 0000 0000 0000 0000 0000 0000 0000 0000 0000 0000 0000 0000 0000 0000 0000 0000 0000 015D 015E 015F 0000 0000 0000 0000 0000 0000 0000 0000 0000 0000
