ATARI GAUNTLET MOTION OBJECT 16X16 TILEMAP
SOURCE: level-067.png
GRID: 32 X 32
TILE_SIZE: 16 X 16
ATLAS_TILES: 1184
UNIQUE_PIXEL_TILES: 165
CONNECTED_OBJECT_GROUPS: 24

0020 0021 0022 0000 0000 0000 0000 0000 0000 0000 0000 0000 0000 0023 0024 0025 0026 0027 0028 0000 0000 0000 0000 002D 002E 002F 0030 0031 0032 0033 0034 0000
0040 0041 0042 0000 0000 0000 0000 0000 0000 0038 0039 003A 0000 0043 0044 0045 0046 0047 0048 0000 0000 004B 004C 004D 004E 004F 0050 0051 0052 0053 0054 0000
0000 0000 0000 0000 0000 0000 0055 0056 0057 0058 0059 005A 0000 0000 0000 0000 0066 0067 0068 0069 006A 006B 006C 006D 0000 006F 0070 0071 0000 0000 0000 0000
0000 0000 0000 0000 0000 0000 0075 0076 0077 0078 0079 007A 0000 0000 0000 0000 0000 0000 0000 0089 008A 008B 008C 008D 0000 0000 0000 0000 0000 0000 0000 0000
0000 0000 0000 0000 003C 0000 0000 0000 0000 0000 0000 0000 0000 00A3 00A4 00A5 0000 0000 00A8 00A9 00AA 0000 0000 0000 0000 0000 0000 0000 0123 0000 0000 0000
0000 0000 0000 005B 005C 0000 0000 0000 0000 0000 0000 0000 0000 00C3 00C4 00C5 00C6 00C7 00C8 00C9 00CA 0000 0000 0000 0000 0000 0141 0142 0143 0000 0000 0000
0000 0000 0000 0000 007C 0000 0000 0000 0000 0000 0000 0000 0000 0000 0000 0000 00E6 0000 0000 0000 0000 0000 0000 0000 0000 0160 0161 0162 0163 0000 0000 0000
0000 0000 0000 0000 009C 0000 0124 0125 0126 0000 0000 0000 0000 0000 0000 0000 0106 0000 0000 0000 0000 0000 0000 0000 0000 0000 0000 0000 0183 0000 0000 0000
0000 0000 0000 0000 0000 0000 0000 0000 0146 0147 0148 0000 0000 0000 0000 0000 0000 0000 0000 0000 0000 0000 012B 012C 012D 0000 0000 0000 0000 0000 0000 0000
0000 0000 0000 012E 0000 0000 0000 0000 0166 0167 0168 0169 0000 0000 0000 0130 0131 0000 0000 0000 0000 014A 014B 014C 014D 0000 0000 0000 0000 0000 0000 0000
0000 0000 0000 0000 0000 0000 0000 0000 0000 0187 0188 0189 0000 0000 0000 0000 0151 0000 0000 0000 0000 016A 016B 016C 0000 0000 0000 0000 0000 0000 0000 0000
0000 0000 0000 0000 0000 0000 0000 0000 0000 0000 0000 0000 0000 0000 0000 0000 0171 0000 0000 0000 0000 0000 0000 0000 0000 0000 0000 0000 0000 0000 0000 0000
0000 0000 0000 0000 0000 0000 0261 0262 0000 0000 0000 0000 0000 0000 018F 0190 0191 0192 0193 0000 0000 0000 0000 0000 0000 0000 0000 0000 0000 0000 0000 0000
0000 0000 0000 0000 0000 0280 0281 0282 0000 0000 0000 0000 0000 0000 0000 0000 0000 0000 0000 01B4 0000 0000 0000 0000 0000 0000 0264 0265 0000 0000 0000 0000
0000 0000 0000 0000 0000 0000 0000 0000 0000 0000 0000 0000 0269 0000 0000 0000 0000 0000 0000 0000 01D5 0000 0000 0000 0000 0283 0284 0285 0000 0000 0000 0000
0000 0000 0000 0000 0000 026F 0000 0000 0000 0000 0000 0000 0289 0000 0000 0000 0272 0000 0000 0000 01F5 0000 0000 01F8 0000 0000 0000 0000 0000 0000 0000 0000
028A 028B 028C 028D 028E 028F 0290 0000 0000 02A6 02A7 02A8 02A9 0000 0000 0000 0292 0293 0000 0000 0215 0216 0217 0218 0219 021A 021B 021C 021D 0000 0000 0000
02AA 02AB 02AC 02AD 02AE 02AF 02B0 02B1 0000 0000 0000 0000 02C9 0000 0000 0000 0000 0000 0000 0000 0235 0000 0000 0238 0000 023A 023B 023C 0000 0000 0000 0000
0000 02CB 02CC 02CD 0000 0000 0000 0000 0000 0000 0000 0000 0000 0000 0000 0000 0000 0000 0000 0000 0000 0000 0000 0000 0000 025A 025B 025C 0000 0000 0000 0000
0000 0000 02EC 02ED 02EE 0000 0000 0000 0000 0000 0000 0000 0000 0274 0000 0000 0000 0000 0000 0000 0000 0000 0000 0000 0000 0000 0000 0000 0000 0000 0000 0000
0000 0000 030C 030D 030E 0000 0000 0000 0000 0000 0000 0000 0000 0000 0295 0296 0297 0298 0299 0000 0000 0000 0000 0000 0000 0000 0000 0000 0000 0000 0000 0000
0000 0000 032C 032D 032E 0000 0000 0000 0000 027C 027D 027E 0000 0000 0000 0000 02B7 0000 0000 0000 0000 03E0 03E1 03E2 0000 0000 0000 0000 0000 0000 0000 0000
034A 034B 034C 0000 0000 0000 0000 0000 0000 029C 029D 029E 0000 0000 0000 0000 02D7 02D8 02D9 0000 0000 0400 0401 0402 0000 0000 0000 0000 0000 0000 0000 0000
036A 036B 036C 0000 0000 0000 0000 0000 0000 02BC 0000 0000 0000 0000 0000 0000 02F7 02F8 02F9 0000 0000 0000 0000 0000 0000 0000 0000 0000 0000 0000 0000 0000
038A 038B 038C 0000 0000 0000 0000 0000 0000 0000 0000 0000 0000 0000 0000 0000 0000 0000 0319 031A 031B 0000 0000 0000 0000 0000 0000 0000 0000 0000 0000 0000
0000 0000 0000 0000 03E3 0000 03E5 03E6 0000 0000 0000 0000 0000 0000 0000 0000 0000 0338 0339 033A 033B 0000 0000 0000 0000 0000 03E8 03E9 0000 0000 0000 0000
03EA 0000 0000 0000 0403 0404 0405 0406 0000 0000 0000 0000 0000 0000 0355 0356 0357 0000 0000 0000 0000 0000 0000 0000 0000 0407 0408 0409 0000 0000 03EB 03EC
040A 0000 0000 0000 0423 0000 0000 0000 0000 0000 0000 0000 0000 0000 0375 0376 0377 0000 0000 0000 0000 0000 0000 0000 0000 0000 0000 0000 0000 0000 040B 040C
0000 0000 0000 0000 0000 0000 0000 0000 0000 0000 0000 0000 0000 0000 0000 0000 0397 0000 0000 03ED 03EE 03EF 03F0 03F1 03F2 03F3 03F4 03F5 03F6 0000 0000 0000
03FA 03FB 03FC 03FD 03FE 03FF 0000 0000 0460 0461 0462 0463 0464 0465 0000 0000 03B7 0000 0000 040D 040E 040F 0410 0411 0412 0000 0414 0415 0416 0417 0418 0419
041A 041B 041C 041D 041E 041F 0000 0000 0480 0481 0482 0483 0484 0485 0000 0000 03D7 0000 0000 0000 0000 0000 0000 0000 0000 0000 0434 0435 0436 0437 0438 0439
0000 043B 043C 043D 0000 0000 0000 0000 0000 0000 0000 0000 0000 0000 0000 0000 0000 0000 0000 0000 0000 0000 0000 0000 0000 0000 0454 0455 0456 0000 0458 0000
