ATARI GAUNTLET PLAYFIELD 16X16 TILEMAP
SOURCE: level-051-playfield.png
GRID: 32 X 32
TILE_SIZE: 16 X 16
UNIQUE_TILES: 57

0000 0000 0000 0000 0001 0002 0003 0002 0000 0000 0000 0003 0002 0000 0000 0000 0004 0000 0000 0000 0003 0002 0000 0000 0000 0000 0000 0000 0000 0003 0002 0000
0005 0006 0007 0008 0009 000A 000B 000C 000D 000E 000F 0009 0010 0006 0007 0011 000D 000E 0012 0013 000B 0014 0007 0008 0005 0006 0007 0008 0005 0015 0016 0017
0017 0005 0006 0007 0018 0000 0004 0000 0000 0019 001A 001B 001C 0005 0006 001D 0000 0000 0000 0000 001E 001F 0006 0020 0017 0005 0006 0007 0008 0005 0021 0016
0022 0008 0005 0006 0007 0008 0005 0006 0007 0008 0023 0014 0007 0008 0005 0006 0007 0008 0005 0006 0007 0008 0005 0023 0022 0008 0005 0006 0007 0011 0024 0023
0014 0007 0008 0025 000E 0012 0013 000D 000E 0012 000B 0026 000E 0012 0013 000D 000E 0012 0013 000D 000E 0012 0013 000B 000A 0012 0013 000D 0027 0021 001C 0009
0010 0006 0007 001D 0000 0000 0000 0000 0000 0000 0004 0003 0002 0000 0000 0000 0000 0000 0000 0000 0000 0000 0000 0004 0000 0000 0000 0019 0028 0027 0007 0009
0029 0005 0006 0007 0008 0005 0006 0007 0008 0005 0006 0009 0029 0005 0006 0007 0008 0005 0006 0007 0008 0005 0006 0020 0013 000D 0027 0007 0021 0028 0027 0009
002A 0008 0005 002B 000F 0008 0005 0006 0007 0008 0005 0009 0022 0008 0005 0006 0007 0008 0005 0006 0007 0008 0005 002C 0002 0019 0028 0027 0007 0021 0028 001B
0006 0007 0011 002D 002E 0007 0008 0005 0006 0007 0008 0009 0014 0007 0008 0005 0006 0007 0008 0005 0006 0007 0008 0009 0014 0007 0021 001F 0006 0007 0021 001F
0024 0006 0021 001C 0005 0006 0020 0017 0005 0006 0007 0009 0010 0006 0007 0008 0005 0006 0007 0008 0005 0006 0007 0009 0026 0027 0007 0008 0005 0006 0007 0011
001C 0005 0006 0007 0008 0005 0021 002A 0008 0005 0006 0009 0029 0005 0006 0007 0008 0005 0006 0007 0008 0005 0006 0003 002F 001F 0006 0007 0008 0005 002B 002D
0007 0008 0005 0006 0007 0008 0005 0006 0007 0008 0005 0009 0022 0008 0005 0006 0007 0008 0005 0006 0007 0008 0005 0009 0030 0013 000D 000E 0012 0013 0031 0014
0027 0007 0008 0005 0006 0007 0008 0005 0006 0007 0008 0009 0014 0007 0008 0005 0006 0007 0008 0005 0006 0007 0008 0018 0000 0000 0000 0000 0000 0000 001E 0028
0028 0027 0007 0008 0005 0006 0007 0008 0005 0006 0007 0009 0010 0006 0007 0008 0005 0006 0007 0008 0005 0006 0007 0008 0005 0006 0007 0008 0005 0006 0007 0021
0031 0010 0006 0007 0008 0005 0006 0007 0008 0005 0006 0009 000C 000D 000E 0012 0013 000D 000E 0012 0013 000D 000E 0012 0013 000D 000E 0012 0013 000D 000E 0012
001E 001C 0005 0006 0007 0008 0005 0006 0007 0008 0005 0003 0002 0000 0000 0000 0000 0000 0000 0000 0000 0000 0000 0000 0000 0000 0003 0002 0000 0000 0000 0000
0006 0007 0008 0005 0006 0007 0008 0005 0006 0007 0008 0009 0014 0007 0011 000D 0027 0007 0008 0005 0006 0007 0008 0005 0006 0007 0015 0028 0027 0007 0008 0005
0005 0006 0007 0008 0005 0006 0007 0008 0025 000E 000F 0009 0010 0006 001D 0032 0010 0006 0007 0008 0005 0006 0033 0008 0005 0006 0007 0021 0028 0027 0007 0008
0008 0005 0006 0007 0008 0005 0006 0007 002C 002F 002E 0009 0029 0005 0006 0009 0029 0005 0006 0007 0008 0005 0006 0007 0008 0005 0006 0007 0023 0010 0006 0007
0007 0008 0005 0006 0020 0013 000D 000E 000B 000C 000D 000B 0022 0008 0005 0009 0022 0008 0005 0006 0007 0008 0005 0006 0007 0008 0005 0006 0009 0029 0005 0006
0006 0007 0008 0005 002C 0002 0000 0000 0004 0000 0000 001E 002E 0007 0008 0009 0014 0007 0008 0005 0006 0007 0008 0005 0006 0007 0008 0005 0009 0022 0008 0005
0005 0006 0007 0008 0009 0014 0020 0017 0005 0006 0007 0008 0005 0006 0007 0009 0026 000E 0012 0013 0024 0006 0007 0008 0005 0006 0007 0008 0009 0014 0007 0008
0017 0005 0006 0020 000B 0026 002D 002A 0008 0005 0006 0007 0008 0005 0006 0018 0003 0002 0000 0032 0029 0005 0006 0007 0008 0005 0006 0007 0009 0026 000E 0012
002A 0008 0005 001D 0001 002F 001F 0006 0007 0008 0005 0006 0007 0008 0005 0006 0009 0029 0025 000B 0022 0008 0034 0006 0007 0008 0005 0006 0018 0000 0000 0019
0006 0007 0008 0005 0009 0022 0008 0005 0006 0007 0008 0005 0006 0007 0008 0005 0009 0035 0036 0037 002E 0007 0008 0005 0006 0007 0008 0034 0006 0007 0008 0005
0005 0006 0007 0008 0009 0014 0007 0008 0005 0006 0007 0008 0005 0006 0007 0008 0003 0002 001E 001C 0005 0006 0007 0008 0005 0006 0007 0008 0005 0006 0007 0008
0008 0005 0006 0007 0015 001F 0006 0007 0008 0005 0006 0007 0008 0005 0006 0007 0009 0010 0006 0007 0008 0005 0006 0007 0008 0005 0006 0007 0008 0005 0006 0007
0007 0008 0005 0006 0007 0008 0005 0006 0007 0008 0005 0006 0007 0008 0005 0006 0009 0029 0005 0006 0007 0008 0005 0006 0007 0008 0005 0006 0007 0008 0005 0006
0006 0007 0008 0005 0006 0007 0008 0005 0006 0007 0008 0005 0006 0007 0008 0005 0009 0022 0008 0005 0006 0007 0008 0034 0006 0007 0008 0005 0006 0007 0008 0005
0005 0006 0007 0008 0025 0027 0007 0008 0005 0006 0007 0008 0005 0006 0007 0008 0009 0014 0007 0008 0005 0006 0007 0008 0005 0006 0007 0038 0005 0006 0007 0008
0008 0005 0006 0007 0023 0010 0006 0007 0008 0005 0006 0007 0008 0005 0006 0007 0009 0010 0006 0007 0008 0005 0006 0007 0008 0005 0006 0007 0008 0005 0006 0007
0012 0013 000D 000E 000B 000C 000D 000E 0012 0013 000D 000E 0012 0013 000D 000E 000B 000C 000D 000E 0012 0013 000D 000E 0012 0013 000D 000E 0012 0013 000D 000E
