ATARI GAUNTLET MOTION OBJECT 16X16 TILEMAP
SOURCE: level-086.png
GRID: 32 X 32
TILE_SIZE: 16 X 16
ATLAS_TILES: 640
UNIQUE_PIXEL_TILES: 178
CONNECTED_OBJECT_GROUPS: 32

0000 0000 0000 0000 0000 0000 0000 0000 0000 0000 0000 0000 0000 0029 002A 0000 002C 002D 002E 0000 0000 0000 0000 0000 0000 0000 0000 0000 0000 0000 0000 0000
002F 0030 0031 0000 0000 0041 0042 0043 0044 0045 0046 0047 0048 0049 004A 004B 004C 004D 004E 0000 0000 0000 0000 0000 0000 0000 0032 0033 0034 0000 0000 0035
004F 0050 0000 0000 0060 0061 0062 0063 0064 0065 0066 0067 0068 0069 006A 006B 0000 0000 0000 0000 0000 0000 0000 0000 0000 0000 0052 0053 0054 0000 0000 0055
0000 0000 0000 0000 0080 0081 0082 0083 0084 0085 0086 0087 0088 0089 008A 008B 0000 0000 0000 0000 0000 0000 0000 0000 0000 0000 0000 0000 0000 0000 0000 0000
0000 0000 0000 0000 0000 0000 0000 0000 0000 0000 0000 00A7 00A8 00A9 00AA 00AB 0000 0000 0000 0000 0000 0037 0038 0000 0000 0000 003B 003C 0000 0000 0000 0000
0000 0000 0000 0000 0000 0000 0000 0000 0000 0000 0000 00C7 00C8 00C9 00CA 0000 0000 0000 0000 0000 0056 0057 0058 0059 0000 005A 005B 005C 005D 0000 0000 0000
003E 0000 0000 0000 0000 0000 0000 0000 0000 0000 0000 0000 0000 0000 0000 0000 0000 0000 0000 0000 0000 0077 0078 0079 0000 007A 007B 007C 0000 0000 00E0 00E1
005E 0000 0000 0000 0000 0000 0000 0000 0000 0000 0000 0000 0000 0000 0000 0000 0000 0000 0000 0000 0000 0000 0000 0000 0000 0000 0000 0000 0000 0000 0100 0101
0000 0000 0000 0000 0000 0000 0000 0000 0000 0000 0000 0000 0000 0000 0000 0000 0000 0000 00E3 00E4 0000 0000 0000 0000 00E6 0000 0000 0000 0000 0000 0000 0000
0000 0000 0000 0000 0000 0000 0000 0000 0000 0000 0000 0000 0000 0000 0000 0000 0000 0102 0103 0104 0000 0000 0000 0000 0106 0107 0000 0000 0000 00E9 00EA 00EB
0000 0000 0000 0000 0000 0000 0000 0000 0000 0000 0000 00F0 00F1 00F2 0000 0000 0000 0000 0000 0000 0000 0000 0000 0000 0126 0127 0128 0000 0000 0109 010A 010B
0000 0000 0000 0000 0000 0000 0000 0000 0000 0000 0000 0110 0111 0112 0000 0000 0000 0000 0000 0000 0000 0000 0000 0145 0146 0147 0148 0000 0000 0000 0000 0000
00F3 00F4 0000 0000 0000 0000 0000 012C 012D 012E 012F 0130 0131 0000 0000 0000 0000 0000 0000 0000 0000 0000 0000 0165 0166 0167 0000 0000 0000 0000 0000 00F5
0113 0114 0000 0000 0000 0000 0000 0000 0000 0000 014F 0150 0151 0000 0000 0000 0000 0000 00F6 0000 0000 0000 0000 0000 0000 0000 0000 0000 00F7 0000 0000 0115
0000 0000 0000 0000 00F8 00F9 00FA 0000 0000 0000 0000 0000 0000 0000 0000 0000 0000 0000 0000 0000 0000 0000 0000 0000 0000 0000 0000 0000 0000 0000 0000 0135
0000 0000 0000 0000 0118 0119 011A 0000 0000 0000 0000 0000 0000 0000 0000 0000 0000 00FB 00FC 00FD 0000 0180 0181 0182 0183 0184 0000 0000 0000 0000 0000 0000
0000 0000 0000 0000 0000 0000 0000 0000 0000 0000 0000 0000 0000 0000 0000 0000 0000 011B 011C 011D 0000 0000 0000 0000 0000 0000 0000 0000 0000 0000 0000 0000
0000 0000 0186 0187 0188 0000 0000 0000 0000 0000 0000 0000 0000 0000 0000 0000 0000 0000 0000 0000 0000 0000 0000 0000 0000 0000 0000 0000 0000 0000 0000 0000
0000 01A5 01A6 01A7 01A8 01A9 0000 0000 0000 0000 0000 0000 0000 0000 0000 0000 0000 0000 0000 0000 0000 0000 018B 0000 0000 018E 018F 0190 0000 0000 0000 0000
0000 01C5 01C6 01C7 01C8 01C9 0000 0000 0000 0000 0192 0193 0194 0000 0000 0000 0000 0000 0000 0000 0195 0000 01AB 01AC 01AD 01AE 01AF 01B0 0000 0000 0000 0000
0000 0000 01E6 01E7 01E8 0000 0000 0000 0000 0000 0000 0000 0000 0000 0000 0000 0000 0000 0000 0000 0000 0000 0000 0000 0000 0000 01CF 01D0 01D1 0000 0000 0000
0000 0000 0000 0000 0000 0000 0000 0000 0000 0000 0000 0000 0000 0000 0000 0000 0000 0000 0000 0000 0000 0000 0000 0000 0000 0000 01EF 01F0 01F1 0000 0000 0000
0000 0000 0000 0000 0000 0196 0197 0198 0000 0000 0000 0000 0000 0000 0000 019B 0000 0000 0000 0000 0000 020A 020B 020C 020D 020E 020F 0000 0000 0000 0000 0000
0220 0221 0222 0000 0000 01B6 01B7 01B8 0000 0000 0000 0000 0000 0000 0000 01BB 01BC 0000 0000 0000 0000 0000 0000 0000 0000 0000 0000 0000 0000 0000 0000 0000
0000 0000 0000 0000 0000 0000 01D7 01D8 01D9 0000 0000 0000 0000 0000 01DA 01DB 01DC 0000 0000 0000 0000 0000 0223 0000 0000 0000 0000 0000 0000 0000 0000 0000
0000 0000 0000 0000 0000 0000 01F7 01F8 01F9 0000 0000 0000 0000 0000 01FA 01FB 01FC 01FD 0000 0000 0000 0000 0243 0000 0000 0000 0000 0000 0000 0000 0000 0000
0000 0000 0000 0000 0000 0000 0000 0000 0000 0000 0000 0000 0000 0000 021A 021B 021C 0000 0000 0000 0000 0000 0263 0000 0000 0224 0225 0226 0000 0227 0000 0000
0000 0000 0000 0000 0000 0000 0000 0000 0000 0000 0000 0000 0000 0000 0000 0000 0000 0000 0000 0000 0000 0000 0000 0000 0000 0244 0245 0246 0000 0000 0000 0000
0000 0000 0000 0000 0000 0000 0000 0000 0000 0000 0000 0000 0000 0000 0000 0000 0000 0000 0000 0000 0000 0000 0000 0000 0000 0000 0000 0000 0000 0000 0000 0000
0000 0000 0000 0000 0000 0000 0000 0000 0000 0000 0000 0000 0000 0000 0000 0000 0000 0000 0000 0000 0000 0000 0000 0000 0000 0000 0000 0000 0000 0000 0000 0000
0000 0000 0000 0000 0228 0229 022A 022B 0000 0000 0000 0000 0000 0000 0000 0000 0000 0000 0000 022C 022D 022E 022F 0230 0231 0000 0000 0232 0233 0234 0000 0000
0000 0000 0000 0000 0248 0249 024A 024B 0000 0000 0000 0000 0000 0000 0000 0000 0000 0000 0000 024C 024D 024E 024F 0250 0251 0000 0000 0000 0000 0000 0000 0000
