ATARI GAUNTLET PLAYFIELD 16X16 TILEMAP
SOURCE: level-089-playfield.png
GRID: 32 X 32
TILE_SIZE: 16 X 16
UNIQUE_TILES: 88

0000 0000 0000 0000 0000 0000 0000 0000 0000 0000 0000 0000 0000 0000 0000 0000 0000 0001 0002 0000 0001 0002 0000 0000 0000 0000 0000 0000 0000 0000 0000 0000
0003 0004 0005 0006 0007 0008 0009 000A 0003 0004 0009 000A 0003 0004 0009 000B 000C 000D 000E 000B 000F 0010 0009 000A 0003 0004 0009 000A 0007 0008 0005 0006
000A 0003 0011 0012 0013 0014 0015 0016 000A 0003 0004 0009 000B 0017 0015 0018 0019 0007 0008 001A 001B 001C 001D 0009 000A 0003 001E 001F 0013 0014 0018 000E
0005 0006 0003 0020 0021 0002 0022 0023 0009 000A 0003 0004 0024 0002 0025 0026 0016 0011 001C 0004 0009 000A 0003 001D 0009 000A 0024 0002 0027 0028 0029 0004
002A 002B 000A 002C 002D 002E 000F 0014 002F 001F 0030 0017 000F 002E 0030 0013 0031 001F 0030 0017 0015 001F 0030 0017 0015 001F 000F 0014 0032 002D 0033 0003
000F 0031 0016 0034 0035 0000 0036 0037 0038 0002 0000 0000 0039 0002 0000 0036 0001 0002 0000 0000 0001 0002 0000 0000 0037 0038 003A 0000 003B 003C 002B 000B
0036 0025 003D 003E 0033 0003 003F 0034 0040 0041 0008 0005 0042 0041 0008 0005 0042 0041 0008 0005 0042 0041 0008 0005 0043 003C 0010 0009 003F 003E 0010 001A
0009 000A 0003 003E 002B 000A 0003 003E 002B 0011 0041 0018 000E 0011 0041 0018 000E 0011 0041 0018 000E 0011 0041 0018 000E 003E 0029 0004 0009 003E 0029 0004
0004 0009 000A 003E 0010 0009 000A 003E 0031 001F 0013 0014 0008 0005 0018 0041 0008 0005 0018 0041 0008 0005 0013 0014 0008 003E 0033 0003 0004 003E 0033 0003
0007 0008 0009 003E 0029 0004 0009 0044 0038 0002 0036 0025 0041 0018 0012 0018 001C 0011 000E 0011 0041 0045 0036 0022 0014 000F 002B 000A 0003 003E 002B 000A
0011 001C 0004 003E 0046 000C 0004 002C 002D 0029 0004 0005 0018 0041 0018 0012 0006 0007 0008 0005 0018 0041 0015 0047 0002 0048 0010 0009 000A 003E 0010 0009
0009 000A 0007 0049 0028 0033 0003 002C 002D 0033 0007 0018 000E 0011 0041 0018 000E 0011 0041 0018 000E 001A 0001 004A 000E 003E 0029 0004 0009 003E 0014 0008
0004 0009 001A 004B 0040 000E 000A 004C 003C 002E 0018 004D 0008 0005 0018 0041 0008 004E 0018 0041 0008 0005 0042 0041 0008 003E 0033 0003 0004 004F 0050 001C
0003 0004 0051 003E 0014 0008 0009 000B 0049 0028 002B 0011 0041 0018 000E 0011 0041 0018 0012 0018 0041 0018 000E 0011 0041 000F 002B 000A 0003 003E 0052 000A
0006 0007 0008 004F 0053 001C 0004 0053 004B 0040 003D 0005 0018 0041 0008 004E 0018 0041 0018 0012 0018 0041 0008 0009 001A 0048 0010 0009 000A 003E 0010 0005
0012 0018 001C 003E 002B 000A 0003 0004 003E 0033 0007 0018 000E 0011 001C 0011 000E 0011 001C 0011 000E 0011 0041 0008 0005 000F 0029 0004 0009 003E 0029 0011
0011 000E 000A 003E 0010 0009 000A 0003 000D 0012 0018 0041 0008 0005 0006 0007 0008 0005 0006 0007 0008 0005 0018 0041 0045 001B 0019 0003 0004 003E 0033 0003
0003 0004 0009 003E 0029 0004 0009 000A 0003 002A 002B 0011 0041 0018 000E 0011 001C 0011 000E 0011 0041 0018 000E 002A 0029 0004 0009 000A 0003 003E 002B 000A
000B 000C 0004 003E 0033 0003 0004 0009 000A 003E 0010 0005 0018 0041 0008 0005 0006 0007 0008 0005 0018 0041 0008 003E 0033 0003 0004 0009 000A 003E 0010 0009
0018 0054 0017 000F 002E 0030 0017 0015 001F 000F 0014 0018 000E 0011 0041 0018 000E 0011 0041 0018 000E 0011 0041 000F 002E 0030 0017 0015 001F 000F 0014 0015
003D 001A 0000 0036 0000 0000 0000 0000 0000 0036 0025 0041 0008 0005 0018 0041 0008 0005 0018 0041 0008 0005 0045 0036 0000 0000 0000 0000 0000 0036 0000 0025
0003 0004 0009 000A 0003 0004 0009 000A 0003 0004 0009 0011 0041 0018 0055 0011 0041 0018 0055 0011 0041 0018 000E 000A 0003 0004 0009 000A 0003 0004 0009 000A
000A 0003 0004 0009 000A 0003 0004 0009 000A 0003 0004 0009 0011 0041 0008 0009 0011 001C 0004 0005 0018 001C 0004 0009 000A 0003 0004 0009 000A 0003 0004 0009
001F 0030 0017 0015 001F 0030 0017 0015 001F 0030 0017 0015 001F 0013 0014 002F 001F 0056 0017 0013 002E 0030 0017 0015 001F 0030 0017 0015 001F 0030 0017 0015
0000 0000 0000 0000 0000 0000 0000 0000 0000 0000 0000 0000 0000 0036 0000 0000 0000 0000 0000 0036 0000 0000 0000 0000 0000 0000 0000 0000 0000 0000 0000 0000
0003 0004 0009 000A 0003 0004 0009 000A 0003 0004 0009 000A 0003 0004 0009 000B 000C 001E 0016 000A 0003 0004 0009 000A 0003 0004 0009 000A 0003 0004 0009 000A
000A 0003 0004 0009 000A 0003 0004 0009 000A 0003 0004 0009 000A 0003 0004 0011 0019 0011 003D 0009 000A 0003 0004 0009 000A 0003 0004 0009 000A 0003 0004 0009
0016 0057 0017 0015 001F 0030 0017 0015 001F 0030 0017 0015 001F 0030 0017 0015 001F 0030 0017 0015 001F 0030 0017 0015 001F 0030 0017 0015 001F 0030 0017 002F
003D 001A 0000 0000 0000 0000 0000 0000 0000 0000 0000 0000 0000 0000 0000 0000 0000 0000 0000 0000 0000 0000 0000 0000 0000 0000 0000 0000 0000 0000 0000 0025
0003 0004 0009 000A 0003 0004 0009 000A 0003 0004 0009 000A 0003 0004 0009 000A 0003 0004 0009 000A 0003 0004 0009 000A 0003 0004 0009 000A 0003 0004 0009 000A
000A 0003 0004 0009 000A 0003 0004 0009 000A 0003 0004 0009 000A 0003 0004 0009 000A 0003 0004 0009 000A 0003 0004 0009 000A 0003 0004 0009 000A 0003 0004 0009
001F 0030 0017 0015 001F 0030 0017 0015 001F 0030 0017 0015 001F 0030 0017 0015 001F 0030 0017 0015 001F 0030 0017 0015 001F 0030 0017 0015 001F 0030 0017 0015
