ATARI GAUNTLET MOTION OBJECT 16X16 TILEMAP
SOURCE: level-030.png
GRID: 32 X 32
TILE_SIZE: 16 X 16
ATLAS_TILES: 736
UNIQUE_PIXEL_TILES: 139
CONNECTED_OBJECT_GROUPS: 30

0000 0000 0000 0020 0000 0000 0000 0000 0000 0000 0000 0000 0000 0000 0000 0000 0000 0000 0021 0000 0000 0000 0000 0000 0000 0000 0000 0000 0000 0000 0000 0000
0000 0000 0000 0040 0000 0000 0000 0000 0000 0000 0000 0000 0000 0000 0000 0000 0000 0000 0041 0000 0000 0000 0000 0000 0000 0000 0000 0000 0000 0000 0000 0000
0000 0000 0000 0060 0000 0000 0000 0000 0000 0000 0000 0000 0000 0000 0000 0000 0000 0000 0061 0000 0000 0000 0000 0000 0000 0000 0000 0000 0000 0000 0000 0000
0000 0000 0000 0080 0000 0000 0000 0000 0000 0000 0000 0000 0000 0000 0000 0000 0000 0000 0081 0000 0000 0000 0000 0000 0000 0000 0000 0000 0000 0000 0000 0000
0000 0000 0000 00A0 0000 0000 0000 0000 0000 0000 0000 0000 0000 0000 0000 0000 0000 0000 00A1 0000 0000 0000 0000 0000 0000 0000 0000 0000 0000 0000 0000 0000
0000 0000 0000 00C0 0000 0000 0000 0000 0000 0000 0000 0000 0000 0000 0000 0000 0000 0000 00C1 0000 0000 0000 0000 0000 0000 0000 0000 0000 0000 0000 0000 0000
0000 0000 0000 0000 0000 0000 0022 0023 0024 0000 0000 0000 0000 0000 0025 0026 0027 0000 0000 0000 0000 002C 002D 002E 0000 0000 0000 0000 0000 0000 0000 0000
0000 0000 0000 0039 003A 0000 0000 0000 0000 0000 0000 0000 0000 0000 0000 0000 0000 0048 0049 004A 004B 004C 004D 004E 0000 0000 0051 0052 0053 0000 0000 0000
0000 0000 0058 0059 005A 0000 0000 003B 003C 0000 0000 003D 003E 0000 0000 0066 0067 0000 0069 006A 006B 0000 0000 006E 006F 0070 0071 0072 0073 0074 0075 0000
0000 0077 0078 0000 0000 0000 0000 0000 0000 0000 0000 0000 0000 0000 0000 0000 0000 0000 0000 0000 0000 0000 0000 0000 0000 0000 0000 0000 0000 0000 0000 0000
0096 0097 0098 0000 0000 00E0 00E1 0000 0000 00E2 00E3 0000 0000 00E4 00E5 0000 0000 00E8 00E9 00EA 0000 0000 0000 0000 0000 0000 0000 0000 0000 0000 0000 0000
0000 0000 0000 0000 0000 0000 0000 0000 0000 0000 0000 0000 0000 0000 0000 0000 0000 0000 0109 010A 010B 0000 0000 0000 0000 0000 0000 0000 0000 0000 0000 0000
0000 0000 0000 0000 0000 0000 0000 0000 0000 0000 0000 0000 0000 0000 0000 0000 0000 0128 0129 012A 0000 0000 0000 0000 0000 00EC 00ED 00EE 0000 0000 0000 0000
0000 0000 0000 0000 0000 0000 0000 0000 0000 0000 0000 0000 0000 0000 0000 0000 0000 0148 0149 014A 0000 0000 0000 0000 0000 010C 010D 010E 010F 0000 0000 00F2
0000 0000 0000 0000 0000 0000 0000 0000 0000 0000 0000 0000 0000 0000 0000 0000 0000 0168 0169 016A 0000 0000 0000 0000 0000 0000 0000 012E 012F 0130 0000 0000
0000 00F4 00F5 00F6 0000 0000 0000 0000 00F7 00F8 00F9 0000 0000 0000 0000 0186 0187 0188 0000 0000 0000 0000 00FB 00FC 00FD 0000 0000 0000 014F 0150 0151 0000
0000 0114 0115 0116 0000 0000 0000 0000 0117 0118 0119 0000 0000 0000 0000 01A6 01A7 01A8 0000 0000 0000 0000 011B 011C 011D 0000 0000 0000 0000 0000 0000 0000
0133 0134 0135 0000 0000 0000 0000 0000 0000 0000 0000 0000 0000 0000 0000 0000 0000 0000 0000 0000 0000 013A 013B 013C 013D 013E 0000 0000 0000 0000 0000 0000
0153 0154 0155 0000 0000 0000 0000 0000 0000 0000 0000 0000 0000 0000 0000 0000 0000 0000 0000 0000 0000 015A 015B 015C 015D 015E 0000 0000 01C0 01C1 0000 0000
0173 0000 0000 0000 0000 0000 0000 0000 0000 0000 01C4 01C5 01C6 01C7 0000 0000 0000 0000 0000 0000 0000 0000 0000 0000 0000 0000 0000 0000 01E0 01E1 01E2 01E3
0193 0000 0000 0000 01C9 01CA 01CB 0000 0000 0000 01E4 01E5 01E6 01E7 01E8 0000 0000 01CC 01CD 01CE 0000 0000 0000 0000 0000 0000 0000 0000 0200 0201 0202 0203
0000 0000 0000 0000 01E9 01EA 01EB 0000 0000 0000 0000 0000 0000 0000 0000 0000 0000 01EC 01ED 01EE 0000 0000 0000 0000 0000 0000 0000 0000 0220 0221 0222 0000
0000 0000 0000 0000 0000 0000 0000 0000 0000 0000 0000 0000 0000 0000 0000 0000 0000 0000 0000 0000 0000 0000 0000 0000 01CF 01D0 01D1 0000 0000 0000 0000 0000
0000 0000 0000 0000 0000 0000 0000 0000 0000 0000 0000 0000 0000 0000 0000 0000 0000 0000 0000 0000 0000 0000 0000 0000 01EF 01F0 01F1 0000 01D2 01D3 0000 0000
0000 0000 0000 0000 0000 0000 0000 0000 0000 0000 0000 01D5 01D6 01D7 0000 0000 0000 0000 0000 0000 01D8 01D9 01DA 0000 0000 0000 0000 0000 01F2 01F3 01F4 0000
0000 0000 0000 0000 0000 0000 0000 01DB 01DC 01DD 0000 01F5 01F6 01F7 0000 0000 0000 0000 0000 0000 01F8 01F9 01FA 0000 0000 0000 0000 0000 0000 0000 0000 0000
0000 0000 0000 0000 0000 0000 0000 01FB 01FC 01FD 0000 0000 0000 0000 0000 0000 0240 0241 0242 0000 0000 0000 0000 0000 0000 0000 0000 0000 0000 0000 0000 0000
0243 0000 0000 0000 0000 0000 0000 0000 0000 0000 0000 0000 0000 0000 0000 0000 0260 0261 0262 0000 0000 0000 0000 0244 0245 0246 0000 0000 0000 0000 0252 0253
0263 0000 0256 0257 0258 0000 0000 0000 0000 0000 0000 0000 0000 0000 0000 0000 0000 0000 0000 0000 0000 0000 0000 0264 0265 0266 0000 0000 0000 0000 0272 0273
0000 0000 0276 0277 0278 0000 0000 0000 0000 0000 0000 0000 0000 0000 0000 0000 0000 0000 0000 0000 0000 0000 0000 0000 0000 0000 0000 0000 0290 0291 0000 0000
0294 0295 0000 0000 0000 0000 0000 0000 0000 0000 0000 0000 0000 0000 0000 0000 0000 0000 0000 02A7 02A8 02A9 02AA 02AB 02AC 02AD 02AE 02AF 02B0 02B1 02B2 02B3
02B4 02B5 02B6 0000 0000 0000 0000 0000 0000 0000 0000 0000 0000 0000 0000 0000 0000 0000 0000 02C7 02C8 02C9 02CA 02CB 02CC 02CD 02CE 02CF 02D0 02D1 02D2 02D3
