ATARI GAUNTLET PLAYFIELD 16X16 TILEMAP
SOURCE: level-011-playfield.png
GRID: 32 X 32
TILE_SIZE: 16 X 16
UNIQUE_TILES: 53

0000 0001 0002 0002 0002 0002 0003 0002 0002 0002 0002 0002 0002 0002 0002 0001 0002 0002 0002 0002 0002 0002 0002 0000 0001 0002 0002 0002 0002 0001 0002 0002
0002 0004 0005 0006 0007 0002 0008 0009 000A 000B 0005 0006 0007 000B 0002 000C 0007 000B 0005 0009 000A 000B 0005 000D 000E 000B 0005 0009 000F 0010 0005 0006
0002 0011 000B 0005 0006 0002 0004 0012 0013 0007 000B 0005 0006 0007 0002 0008 0006 0007 0014 0015 0013 0007 000B 0005 0006 0007 000B 0012 0013 0007 000B 0005
0002 000C 0007 000B 0005 0002 0011 000B 0005 0006 0007 000B 0016 0006 0002 0004 0005 0006 0012 0010 0005 0006 0007 0014 0017 0006 0007 000B 0005 0006 0007 000B
0018 0008 0006 0007 000B 0002 0019 001A 001B 001C 001D 001A 001B 001C 000F 001E 001B 001C 001D 001A 001B 001C 001D 001F 0020 001C 0021 0007 000B 0005 0006 0022
0023 0004 0005 0006 0022 0024 0002 0002 0002 0002 0001 0002 0002 0002 0025 0026 0002 0002 0002 0002 0002 0002 0002 0000 0001 0002 0027 0006 0022 0028 0005 0002
000D 000E 000B 0005 0012 001E 0028 0005 0006 0002 0004 0005 0006 0007 0002 0008 0006 0007 0014 0017 0006 0007 000B 0002 000C 0007 000B 0029 0015 001E 0028 0005
0029 0021 0007 000B 0005 0002 0011 000B 0005 0002 0011 000B 0016 0006 0002 0004 0005 0006 0012 0010 0005 0006 0007 0002 0008 0006 0007 0012 0025 0015 000E 000B
0015 0025 001D 001A 001B 0018 000C 0007 000B 0002 0019 001A 001B 001C 0018 002A 001B 001C 001D 001A 001B 001C 001D 000F 002B 001C 001D 001A 001F 002C 001D 001A
001E 0026 0002 0002 0002 0023 0008 0006 0007 002D 0001 0002 0002 0002 0000 0001 0002 0002 0002 0001 0002 0002 0002 002E 0026 0002 0002 0002 0002 0002 0002 0002
0002 0011 000B 0005 0006 0002 0004 0005 0006 0002 0004 0005 0006 0022 000F 0027 0006 0007 0002 0008 0006 0007 000B 0002 000C 0007 0014 0017 0006 0007 0014 0017
0002 000C 0007 000B 0005 000D 000E 000B 0005 0002 0011 000B 0005 0002 0011 000B 0005 0006 0002 0004 0005 0006 0007 0002 0008 0006 0012 002B 0017 0009 0015 0010
0002 0008 0006 0007 000B 0029 0021 0007 000B 0002 000C 0007 000B 000D 002E 000A 000B 0005 0002 0011 000B 0005 0009 0018 0004 0005 0006 0012 002B 0015 0013 0007
000D 002B 001C 001D 001A 001F 002C 001D 001A 0018 0008 0006 0007 000B 0002 000C 0007 000B 0002 0019 001A 001B 0026 0023 0011 000B 0005 0006 0012 0010 0005 0006
0009 0026 0002 0002 0002 0002 0002 0002 0001 0023 0004 0005 0006 0007 0002 0008 0006 0007 002D 0001 0002 0002 0010 0002 000C 0022 0028 0005 0006 0007 000B 0005
0002 000C 0022 0028 0005 0006 0007 000D 0027 0002 0011 000B 0005 0006 0002 0004 0005 0006 0002 0020 0017 0006 0007 0002 0008 0012 001E 0028 0005 0006 0007 000B
0002 0008 0012 000E 000B 0029 0021 0007 000B 0002 000C 0007 000B 0005 0002 0011 000B 0005 002D 002F 0010 0005 0006 0002 0004 0005 0012 000E 000B 0005 0006 0007
0018 0020 001C 001D 001A 001F 002C 001D 001A 0018 002C 001D 001A 001B 0018 000C 0007 000B 0002 000C 0007 000B 0029 0018 002A 001B 001C 001D 001A 001B 001C 001D
0000 0001 0002 0002 0001 0000 0001 0002 0002 0000 0001 0002 0002 0002 0023 0008 0006 0007 0002 0008 0006 0007 0002 0002 0002 0002 0002 0002 0001 0002 0001 0002
0002 0019 000A 0002 0008 0002 0011 000B 0005 000D 001E 0028 0005 0006 0002 0004 0005 0006 0002 0004 0005 0009 000A 000B 0029 0021 0007 0002 0008 0002 002A 0028
0030 0002 0013 000D 0010 0002 000C 0007 000B 0005 0012 001E 001B 0017 0002 0011 000B 0005 0002 0011 0014 0015 0013 0007 0012 0025 0021 0002 0004 0030 0002 000E
0007 000B 0005 0009 001A 0018 0008 0009 000A 000B 0005 0002 0002 0010 0002 000C 0007 000B 0002 000C 0012 0010 0005 0006 0007 0012 0027 0002 002A 001B 0017 0006
0006 0007 000B 0002 0002 0023 0004 0012 002E 000A 0014 001C 001D 001A 000F 0025 001D 001A 0018 002C 001D 000A 000B 0029 001D 001A 001B 0031 0001 0002 0010 0005
0029 0021 0007 0014 001C 0018 002A 0028 0012 002E 0026 0002 0002 0002 000E 0002 0002 0002 0000 0001 0032 000C 0007 0033 0001 0002 0002 0034 0025 001D 000A 000B
0002 0008 0006 0002 0002 0000 002F 000E 000B 0002 000C 0007 000B 0029 0021 0007 000B 0005 0002 0011 000D 0025 0021 000D 0010 0005 0006 0007 0002 0002 0013 0007
0002 0004 0005 0006 0007 0002 0008 0006 0007 0002 0008 0006 0022 0015 0027 0006 0007 000B 0002 000C 0007 0012 0027 0006 0007 000B 0029 0021 0007 000B 0005 0006
000F 001E 0028 0005 0009 0018 0020 001C 001D 000F 0010 0029 0015 000E 000B 0005 0006 0007 0002 002C 001D 001A 001B 001C 0021 0022 0015 0025 0021 0007 000B 0029
0025 0015 000E 000B 0002 0002 0002 0001 0002 002E 000A 0012 0025 0021 0007 000B 0005 0006 0030 0002 0002 0002 0002 0032 0008 0012 000E 0012 0025 001D 001A 0015
0002 0008 0006 0007 000B 0005 000D 000E 000B 0002 000C 0007 0012 0027 0006 0022 0028 0005 0006 0007 000B 0005 0006 0002 0020 0017 0006 0007 0002 0002 0002 000E
0002 0004 0005 0006 0007 000B 0005 0006 0007 0002 0008 0006 0007 000B 0005 0012 001E 0028 0005 0006 0007 000B 0005 002D 002F 002B 001C 0021 0007 0014 0017 0006
0002 0011 000B 0005 0006 0007 0014 0017 0006 0002 0004 0005 0006 0007 000B 0005 0012 000E 000B 0005 0006 0007 000B 0002 000C 0002 0002 0027 0006 0012 0010 0005
0018 0019 001A 001B 001C 001D 001F 0020 001C 0018 002A 001B 001C 001D 001A 001B 001C 001D 001A 001B 001C 001D 001A 0018 002C 001D 001A 001B 001C 001D 001A 001B
