ATARI GAUNTLET MOTION OBJECT 16X16 TILEMAP
SOURCE: level-016.png
GRID: 32 X 32
TILE_SIZE: 16 X 16
ATLAS_TILES: 992
UNIQUE_PIXEL_TILES: 142
CONNECTED_OBJECT_GROUPS: 21

0000 0000 0000 0000 0000 0000 0000 0000 0020 0000 0000 0000 0000 0000 0000 0023 0024 0025 0000 0000 0000 0027 0028 0000 0029 002A 002B 0000 0000 002E 002F 0030
0000 0000 0000 0000 0000 0000 0000 0000 0040 0000 0000 0000 0000 0041 0042 0043 0044 0045 0000 0000 0046 0047 0048 0000 0049 004A 004B 0000 0000 004E 004F 0050
0000 0000 0000 0000 0000 0000 0000 0000 0060 0000 0000 0000 0000 0061 0062 0063 0000 0000 0000 0000 0000 0000 0000 0000 0000 0000 0000 006C 006D 0000 0000 0000
0000 0000 0000 0000 0000 0000 0000 0000 0000 0000 0000 0000 0000 0000 0000 0000 0000 0031 0032 0033 0034 0035 0036 0000 0000 0000 0000 008C 008D 0000 0000 0037
0038 0039 003A 0000 0000 0000 0000 00A3 00A4 00A5 0000 0000 0000 0000 0000 0000 0000 0000 0000 0000 0054 0055 0056 0000 0000 0000 0000 0000 0000 0000 0000 0057
0058 0059 005A 0000 0000 0000 0000 00C3 00C4 00C5 0000 0000 0000 00A9 00AA 0000 0000 0071 0072 0073 0074 0075 0000 0000 0000 0000 0000 0000 0000 0000 0000 0077
0000 0000 0000 0000 00E0 00E1 00E2 0000 0000 0000 00E6 0000 0000 0000 0000 0000 0000 0000 0000 0000 0000 0000 0000 0000 0000 0000 0000 0000 0000 0000 0000 0000
00AB 0000 0000 0000 0100 0101 0102 0000 0000 0000 0000 0107 0000 0000 0000 0000 0000 0000 0000 0000 0000 0000 0000 0000 0000 0000 0000 0000 0000 0000 00B1 00B2
00CB 0000 0000 0000 0000 0000 0000 0000 0000 0000 0126 0127 0128 0000 0000 0000 0000 0000 0000 0000 0000 0000 0000 0000 0000 0000 0000 0000 0000 0000 00D1 00D2
0000 0000 0000 0000 0000 0000 0000 0000 0000 0000 0146 0147 0148 0000 0000 0000 0000 0000 0000 0000 0000 0000 0000 0000 0000 0000 0000 0000 0000 00F0 0000 0000
0000 0000 0000 0000 0000 0000 0000 0000 0000 0165 0166 0167 0000 0000 0000 0000 0000 0000 00B5 0000 0000 00B6 00B7 00B8 00B9 0000 0000 0000 010F 0000 0000 0000
0000 0000 0000 0000 0000 0000 0000 0000 0184 0185 0186 0187 0000 0000 0000 0000 0000 0000 00D5 0000 0000 0000 0000 0000 0000 0000 0000 012E 0000 0000 0000 0000
0000 0000 0000 0000 0000 0000 0000 0000 0000 0000 0000 0000 0000 0000 0000 0000 0000 0000 00F5 0000 0000 0000 0000 0000 0000 0000 014D 0000 0000 0000 0000 0000
0000 0000 0000 0000 0000 0000 0243 0000 0000 0000 0000 0000 0000 0000 0000 0000 0000 0000 0115 0000 0000 0000 0000 0000 0000 016C 0000 0000 0000 0000 0000 0000
0000 0000 0000 0000 0000 0262 0263 0264 0000 0000 0000 0000 0000 0000 0000 0000 0133 0000 0135 0000 0000 0000 0000 0000 0000 0000 0000 0000 0000 0000 0000 0000
0000 0000 0000 0000 0000 0282 0283 0284 0000 0000 0000 0000 0000 0000 0000 0000 0153 0154 0155 0000 0000 0000 0000 0000 0000 0000 0000 0000 0000 0000 0000 0000
0000 0000 0000 02A0 02A1 02A2 0000 0000 0000 0000 0000 0000 0000 0000 0000 0000 0000 0000 0175 0000 0000 0000 0000 0000 0000 0000 0000 0000 0000 0000 0000 0000
0000 0000 0000 02C0 02C1 02C2 02C3 02C4 0000 0000 0000 0000 0000 0000 0000 0000 0000 0000 0195 0000 0000 0000 0000 0000 0000 0000 0000 0000 0000 0000 0000 0000
0000 0000 0000 0000 0000 02E2 02E3 02E4 02E5 02E6 02E7 02E8 02E9 02EA 0000 0000 0000 0000 01B5 0000 0000 0000 0000 0000 0000 0000 0000 0000 0000 0000 0000 0000
0000 0000 0000 0000 0000 0302 0303 0304 0305 0306 0307 0308 0309 030A 0000 0000 0000 0000 01D5 0000 0000 0000 0000 0000 0000 0000 0000 0000 0000 0000 0000 0000
0000 0000 0000 0000 0000 0000 0000 0000 0325 0326 0327 0000 0000 0000 0000 0000 0000 0000 01F5 0000 0000 0000 0000 0000 0000 0000 0000 0000 0000 0000 0000 0000
0000 0000 0000 0000 0000 0000 0000 0000 0345 0346 0347 0000 0000 0000 0000 0000 0000 0000 0215 0000 0000 0000 0000 0000 0000 0000 0000 0000 0000 0000 0000 0000
0000 0000 0000 0000 0000 0000 0000 0000 0000 0000 0000 0000 0000 0000 0000 0000 0000 0000 0235 0000 0000 0000 0000 0000 0000 0000 0000 0000 0000 0000 0000 0000
0000 024B 024C 024D 0000 0000 0000 0000 0000 0000 0252 0000 0000 0000 0000 0000 0000 0000 0000 0000 0000 0000 0000 0000 0000 0000 0000 0254 0255 0256 0000 0000
0000 026B 026C 026D 0000 0000 0000 0000 0000 0000 0000 0273 0000 0000 0000 0000 0000 0000 0000 0000 0000 0000 0000 0000 0000 0000 0000 0274 0275 0276 0000 0000
0000 0000 0000 028D 028E 028F 0000 0000 0000 0000 0000 0000 0000 0000 0000 0000 0000 0000 0000 0000 0000 0000 0000 0000 0000 0000 0000 0000 0000 0296 0297 0298
0000 02AB 02AC 02AD 02AE 02AF 0000 0000 0000 0000 0000 0000 0000 0000 0000 0000 0000 0000 0000 0000 0000 0000 0000 0000 0000 0000 0000 0000 0000 02B6 02B7 02B8
0000 0000 0000 0000 0000 02CF 02D0 02D1 0000 0000 0000 0000 0000 0000 0000 0000 0000 0000 0000 0000 0000 0000 0000 0000 0000 0000 0000 0000 0000 0000 0000 0000
0259 025A 0000 02ED 02EE 02EF 02F0 02F1 0000 0000 0000 0000 0362 0363 0364 0365 0000 0000 0000 0000 0000 0000 0000 0000 0000 0000 0000 0000 036A 036B 036C 036D
0279 027A 0000 0000 0000 0000 0000 0000 0000 0000 0000 0000 0382 0383 0384 0385 0386 0387 0388 0389 0000 0000 0000 0000 036E 036F 0370 0000 0000 0000 0000 038D
0299 029A 029B 0000 0000 0000 0000 0000 0000 0000 03A0 03A1 03A2 03A3 03A4 03A5 03A6 03A7 0000 0000 0000 0000 0000 0000 038E 038F 0390 0000 0000 0000 0000 03AD
0000 02BA 0000 0000 0000 0000 0000 0000 0000 0000 03C0 03C1 03C2 0000 0000 03C5 03C6 03C7 0000 0000 0000 0000 0000 0000 0000 0000 0000 0000 0000 0000 0000 0000
