ATARI GAUNTLET MOTION OBJECT 16X16 TILEMAP
SOURCE: level-076.png
GRID: 32 X 32
TILE_SIZE: 16 X 16
ATLAS_TILES: 608
UNIQUE_PIXEL_TILES: 116
CONNECTED_OBJECT_GROUPS: 35

0020 0000 0000 0000 0000 0000 0000 0000 0000 0000 0000 0000 0000 0000 0000 0000 0000 0000 0000 0000 0000 0000 0000 0000 0000 0000 0000 0000 0000 0000 0021 0022
0040 0000 0023 0000 0000 0000 0000 0000 0000 0000 0000 0000 0000 0000 0000 0000 0000 0000 0000 0024 0000 0000 0000 0000 0000 0000 0000 0000 0000 0000 0041 0042
0000 0000 0000 0000 0000 0000 0000 0000 0000 0000 0000 0000 0000 0000 0000 0000 0000 0000 0000 0000 0000 0000 0000 0000 0000 0000 0000 0000 0000 0000 0000 0000
0000 0000 0000 0000 0000 0000 0000 0000 0000 0000 0000 0000 0000 0000 0000 0000 0000 0000 0000 0000 0000 0000 0000 0000 0000 0000 0000 0000 0025 0000 0000 0000
0000 0000 0000 0026 0000 0000 0000 0000 0000 0000 0000 0000 0000 0000 0000 0000 0000 0000 0000 0000 0000 0000 0000 0000 0000 0000 0000 0000 0000 0000 0000 0000
0000 0000 0000 0000 0047 0048 0049 0000 0000 0000 0000 0000 0000 0000 0000 0000 0000 0000 0000 0000 0000 0000 0000 0000 0000 0000 0000 0000 0000 0000 0000 0000
0000 0000 0000 0000 0067 0068 0069 006A 006B 0000 0000 006E 006F 0070 0071 0000 0000 0000 0032 0033 0034 0000 0000 0000 0000 0000 0000 0000 0000 0000 0000 0000
0000 0000 0000 0000 0087 0088 0089 008A 008B 008C 008D 008E 008F 0090 0091 0000 0000 0000 0052 0053 0054 0000 0000 0000 0000 0000 0000 0000 0000 0000 0000 0000
0000 0000 0000 0000 00A7 00A8 00A9 0000 00AB 00AC 00AD 0000 0000 0000 0000 0000 0000 0000 0000 0000 0000 0000 0000 0000 0000 0000 0000 0000 0000 0000 0000 0000
0000 0000 0000 0000 0000 0000 0000 0000 0000 0000 0000 0000 0000 0000 0000 0000 0000 0000 0000 0000 0000 0000 0000 0000 0000 0000 0000 0000 0000 0000 0000 0000
0035 0036 0037 0000 0000 0039 003A 0000 0000 0000 0000 0000 0000 0000 00C0 00C1 00C2 00C3 00C4 0000 0000 0000 0000 0000 0000 0000 0000 0000 0000 0000 0000 0000
0055 0056 0057 0000 0058 0059 005A 005B 005C 0000 0000 00C5 00C6 0000 00E0 00E1 00E2 00E3 00E4 0000 0000 0000 0000 0000 0000 0000 0000 0000 0000 0000 0000 0000
0000 0000 0000 0000 0000 0000 0000 0000 0000 0000 0000 0000 0000 0000 0000 0000 0000 0000 0000 0000 0000 0000 0000 0000 0000 0000 0000 00C7 0000 0000 0000 0000
0000 0000 0000 0000 0000 0000 0000 00C8 00C9 0000 0000 00CA 00CB 0000 0000 0000 0000 0000 0000 0000 0000 0000 0000 0000 0000 0000 0000 0000 0000 0000 0000 0000
0000 0000 0000 00CD 0000 0000 0000 0000 0000 0000 0000 0000 0000 00EC 0000 0000 0000 0000 0000 0000 0000 0000 0000 0000 0000 0000 0000 0000 0000 00CE 0000 0000
0000 0000 0000 0000 0000 0000 0000 0000 0000 0000 0000 0000 0000 0000 0000 0000 0000 00CF 0000 0000 0000 0000 0000 0000 0000 0000 0000 0000 0000 0000 0000 0000
0000 0000 0000 0000 00D1 00D2 0000 00D3 00D4 0000 0000 00D5 00D6 0000 0000 0000 0000 0000 0000 0000 0000 0000 0000 0000 0000 0000 0000 0000 0000 0000 0000 0000
0000 0000 0000 00F0 00F1 00F2 0000 0000 0000 0000 0000 0000 0000 0000 0000 0000 0000 0000 0000 0000 0000 0000 0000 0000 0000 0000 0000 0000 0000 0000 0000 0000
0000 0000 0000 0000 0111 0112 0000 0000 0000 0000 0000 0000 00D7 00D8 00D9 00DA 0000 00DB 00DC 00DD 00DE 0000 0000 0000 0000 0000 0000 0000 0000 0000 0000 0000
0000 0000 0000 0130 0131 0132 0000 0000 0000 0000 0000 0000 00F7 00F8 00F9 00FA 0000 00FB 00FC 00FD 00FE 0000 0000 0000 0000 0000 0000 0000 0000 0000 0000 0000
0000 0000 0000 0000 0000 0000 0000 0000 0000 0000 0000 0000 0000 0000 0000 0000 0000 0000 0000 0000 0000 0000 0000 0000 0000 0000 0000 0000 0000 00DF 0000 0000
0000 0000 0000 0000 0143 0144 0145 0000 0000 0000 0000 0000 0000 0000 0000 0000 0000 0000 0149 014A 0000 0000 0000 0000 0000 0000 0000 0000 0000 0000 0000 014B
0000 0000 0000 0000 0163 0164 0165 0166 0167 0000 0000 014D 014E 0000 0000 0000 0000 0168 0169 016A 0000 0000 0000 0000 0000 0000 0000 0000 0000 0000 0000 0000
0000 0000 0000 0000 0000 0184 0185 0186 0187 0000 016C 016D 016E 0000 0170 0171 0000 0000 0000 0000 0000 0000 0000 0000 0000 0000 0000 0152 0153 0154 0000 0000
0000 0000 0000 0000 01A3 01A4 01A5 0000 0000 0000 0000 0000 0000 018F 0190 0191 0000 0000 0155 0156 0157 0000 0000 0159 0000 0000 0000 0172 0173 0174 0000 0000
0000 01C0 01C1 01C2 0000 0000 0000 0000 0000 0000 0000 0000 0000 0000 0000 0000 0000 0000 0175 0176 0177 0000 0000 0179 017A 0000 0000 0000 0000 0000 0000 0000
0000 01E0 01E1 01E2 0000 0000 0000 0000 0000 0000 0000 0000 0000 0000 0000 0000 0000 0000 0000 0000 0000 0000 0198 0000 0000 0000 0000 0000 0000 015B 0000 0000
0000 0000 0000 0000 0000 0000 0000 0000 0000 0000 0000 015D 015E 0000 0200 0201 0202 0000 0000 0000 0000 0000 01B8 0000 0000 0000 0000 0000 0000 0000 0000 0000
0000 0000 0000 0000 0000 0000 0000 0000 0000 0000 017C 017D 017E 0000 0220 0221 0222 0000 0000 0000 0000 0000 0000 0000 0000 0000 0000 0000 0000 0000 0000 0000
0000 0000 0204 0205 0000 0000 0000 0000 0000 0000 0000 019D 019E 0000 0000 0000 0000 0000 0000 0000 0000 0000 0209 020A 020B 0000 0000 0000 0000 0000 0000 0000
0000 0223 0224 0225 0226 0227 0228 0000 0000 0000 01BC 01BD 01BE 0000 0000 0000 0000 0000 0000 0000 0000 0000 0229 0000 0000 0000 0000 0000 0000 0000 0000 0000
0000 0000 0000 0000 0246 0247 0248 0000 0000 0000 0000 0000 0000 0000 0000 0000 0000 0000 0000 0000 0000 0000 0249 0000 0000 0000 0000 0000 0000 0000 0000 0000
