ATARI GAUNTLET PLAYFIELD 16X16 TILEMAP
SOURCE: level-072-playfield.png
GRID: 32 X 32
TILE_SIZE: 16 X 16
UNIQUE_TILES: 76

0000 0001 0002 0002 0002 0002 0002 0002 0002 0002 0002 0002 0002 0002 0002 0002 0002 0002 0002 0002 0002 0002 0002 0002 0002 0003 0002 0002 0002 0002 0002 0002
0004 0005 0006 0007 0008 0009 0006 0007 000A 000B 000C 000D 000E 000B 000C 000F 0008 0010 000C 000D 000E 000B 000C 000D 000E 000B 000C 000D 000E 000B 0011 0007
0004 0012 0009 0006 0013 0014 0010 0011 0015 0016 0002 0002 0002 0002 0017 0018 0007 0015 0016 0002 0002 0002 0002 0002 0002 0000 0016 0002 0002 0017 0019 001A
0004 001B 0008 0009 001C 001D 001C 001E 0004 001B 0008 0009 0006 0007 0004 0005 0006 0004 0012 0010 000C 000F 0008 0009 0006 0004 0012 0009 0006 0004 0012 0009
0004 0018 0007 0008 0009 0006 0007 0008 001F 0020 0007 0008 0009 0006 0004 0012 0009 0004 001B 0015 0021 0020 0007 0008 0009 0004 001B 0008 0009 0004 001B 0008
0004 0005 0006 0007 0008 0009 0006 0007 0008 0009 0006 0007 0008 0009 0004 001B 0008 0004 0018 0004 0012 0009 0006 0007 0008 0004 0018 0007 000A 0022 0018 0007
0004 0012 0009 0006 0007 0008 0009 0006 0007 0008 0009 0006 0007 0008 0004 0018 0007 0004 0005 0004 001B 0008 0009 0006 0007 0004 0005 0006 0023 0024 0019 001A
0004 001B 0008 0009 0006 0007 0008 0009 0025 000F 0008 0009 0006 0007 0004 0005 0006 0004 0012 0004 0018 0007 0008 0009 0006 0004 0012 0009 0026 0027 0012 0009
0004 0018 0007 0008 0009 0006 0007 0008 0028 0018 0007 0008 0010 0011 0004 0012 0009 0004 001B 0004 0005 0006 0007 0008 0009 0004 001B 0008 0029 002A 001D 0008
0004 0005 0006 0007 0008 0009 0006 0007 0004 0005 0025 000F 001C 001E 0004 001B 0008 0004 0018 0004 0012 0009 0006 0007 0008 0004 0018 0007 0004 0005 0006 0007
0004 0012 0009 0006 0007 0008 0009 0006 0004 0012 001C 0020 0007 0008 0004 0018 0007 0004 0005 0004 002B 000E 000B 0011 0007 0004 0005 0006 0004 0012 0009 0006
0022 001B 0008 0009 0006 0007 0008 0009 0004 001B 0008 0009 0006 0007 0004 0005 0006 0004 0012 002C 0002 0002 002D 001E 0006 001F 002E 0009 0004 002B 000E 000B
002F 0018 0007 0008 0009 0006 0007 0008 0004 0018 0007 0008 0010 0011 001F 002E 0009 001F 001D 0008 0010 0011 0013 0014 0009 0006 0007 0008 002C 0002 0002 0002
0004 0005 0025 000F 0008 0009 0006 0007 0004 0005 0006 0013 0030 001E 0025 000D 000E 000B 0011 0007 001C 001E 0028 001B 0008 0009 0006 0007 0008 0009 0006 0007
0004 0012 0028 0018 0007 0008 0009 0006 0004 0012 0009 001C 001D 0008 0023 0031 0031 0032 0005 0006 0013 0014 0004 0018 0007 0008 0010 0011 0007 0008 0009 0006
0004 001B 001F 001E 0006 0007 0008 0009 0004 001B 0008 0009 0006 0007 0033 0034 0034 0035 0036 000B 0037 001B 0004 0005 0006 0013 0030 001E 0006 0007 0008 0009
0004 0018 0007 0008 0009 0006 0007 0008 0004 0018 0013 000E 000B 0011 0007 0008 0009 0006 0015 0016 0038 0020 0004 0012 0009 001C 001D 0008 0009 0006 0007 0008
0004 0005 0006 0007 000A 000B 000C 000F 0004 0005 0015 0016 0017 0039 000C 000D 000E 000B 0022 001B 0008 0009 0004 001B 0008 0009 0006 0007 0008 0009 0006 0007
0022 0012 0009 0006 0015 0016 0017 0018 0004 0012 0004 0018 002C 0002 0002 0002 0002 0000 003A 0020 0007 0008 0004 003B 000D 000E 000B 000C 000D 0014 0009 0025
0038 003C 000E 003D 001F 001D 001F 001E 001F 001D 0004 0005 0006 0007 0008 0009 0006 0004 003E 000B 000C 000D 003F 0016 0002 0002 0002 0000 0021 001D 0008 0040
0009 0015 0021 002E 0009 0006 0007 0008 0009 0006 0004 0012 0009 0006 0007 0008 0009 002C 0002 0002 0041 0031 0024 0012 0009 0006 0007 0004 0005 0006 0007 0008
0008 0004 003B 000F 0008 0010 000C 000D 000E 000B 0022 001B 0008 0009 0006 0007 0008 0009 0006 0007 0026 0042 0027 001B 0008 0009 0006 0004 003E 000B 0011 0007
0007 0043 0021 0020 0007 0040 0002 0002 0002 0000 003A 0020 0007 0008 0009 0006 0007 0008 0044 0006 0029 0045 0046 0018 0007 0008 0009 002C 0000 0021 001E 0006
0006 0004 0012 0009 0006 0007 0008 0009 0006 0004 0012 0009 0025 000D 000E 000B 000C 000D 000E 000B 0022 001B 0004 0005 0006 0007 0008 0009 0004 001B 0008 0009
0009 0004 001B 0008 0009 0006 0007 0008 0009 0004 002B 000E 0047 0048 0016 0002 0002 0002 0002 0002 0038 0020 0004 0012 0009 0006 0007 0008 0004 0018 0007 0008
0008 0004 0018 0007 0008 0009 0006 0007 000A 0049 0002 0002 004A 0027 0018 0007 0008 0009 0006 0007 0008 0009 001F 003C 000E 000B 0011 0007 0004 0005 0006 0007
0007 0004 0005 0006 0007 0008 0009 0025 0030 002E 0009 0006 0026 0027 0005 0006 0007 0008 0009 0006 0007 0008 0009 0040 0002 0017 0005 0006 0004 0012 0009 0006
0006 0004 0012 0009 0006 0007 000A 0030 0020 0007 0008 0009 0026 0027 003E 000B 000C 000D 000E 000B 000C 000D 0014 0009 0006 001F 002E 0009 0004 001B 0008 0009
0009 0004 001B 0008 0009 0006 001C 002E 0009 0006 0007 0008 0033 004B 0002 0002 0002 0002 0002 0002 0002 0017 001B 0008 0009 0006 0007 0008 001F 0020 0007 0008
0008 0004 0018 0007 0008 0009 0006 0007 0008 0009 0025 000D 000E 000B 000C 000D 000E 000B 000C 000D 000E 0022 0018 0007 0008 0010 0011 0007 0008 0009 0006 0007
0007 0004 0005 0006 0007 0008 0009 0006 0007 0008 0040 0002 0002 0002 0002 0002 0002 0002 0002 0002 0002 0038 001E 0006 0007 0028 0005 0006 0007 0008 0009 0006
0044 0022 003E 000B 000C 000D 000E 000B 000C 000D 000E 000B 000C 000D 0044 000B 000C 000D 000E 000B 000C 000D 000E 000B 000C 0022 003E 000B 000C 000D 000E 000B
