ATARI GAUNTLET PLAYFIELD 16X16 TILEMAP
SOURCE: level-091-playfield.png
GRID: 32 X 32
TILE_SIZE: 16 X 16
UNIQUE_TILES: 56

0000 0001 0002 0003 0002 0002 0002 0002 0002 0002 0002 0002 0002 0003 0002 0003 0002 0002 0002 0002 0002 0002 0002 0002 0003 0002 0002 0002 0003 0002 0002 0002
0004 0005 0006 0007 0008 0009 0006 0007 0008 0009 0006 0007 0008 0009 0006 0007 0008 0009 0006 0007 0008 0009 0006 0007 0008 0009 0006 0007 0008 0009 0006 0007
0004 000A 0009 0006 0007 0008 0009 0006 0007 0008 0009 0006 0007 0008 0009 0006 0007 0008 0009 0006 0007 0008 0009 0006 0007 0008 0009 0006 0007 0008 0009 0006
0004 000B 000C 000D 000E 000F 000C 000D 000E 000F 0010 0009 0006 0007 0011 000D 000E 000F 000C 000D 000E 000F 000C 000D 000E 000F 000C 000D 000E 0012 0008 0009
0013 0001 0002 0002 0002 0002 0002 0002 0014 0015 0016 0008 0009 0006 0017 0002 0002 0002 0002 0002 0002 0002 0002 0002 0002 0002 0002 0002 0018 0019 0007 0008
0004 0005 0006 0007 0008 0009 0006 0007 0004 0005 0006 0007 0008 0009 0006 0007 0008 0009 0006 0007 0008 0009 0006 0007 0008 0009 0006 001A 0004 0005 0006 0007
0004 000A 0009 0006 0007 0008 0009 0006 0004 000A 0009 0006 0007 0008 0009 0006 0007 0008 0009 0006 0007 0008 0009 0006 0007 0008 001B 0006 0004 000A 0009 0006
0004 001C 0008 001D 000E 000F 0010 0009 0004 000B 000C 000D 000E 000F 000C 000D 000E 000F 000C 000D 000E 000F 000C 000D 000E 0012 0008 0009 0004 001C 0008 0009
0004 0019 0007 001E 0001 0018 001C 0008 001F 0002 0002 0002 0002 0002 0002 0002 0002 0002 0002 0002 0002 0002 0002 0002 0018 0019 0007 0008 0004 0019 0007 0008
0004 0005 0006 0004 0020 0021 0019 0007 0008 0009 0006 0007 0008 0009 0006 0007 0008 0009 0006 0007 0008 0009 0022 0023 0021 0005 0006 0007 0004 0005 0006 0007
0004 000A 0009 001F 0002 0024 0025 0006 0007 0008 0009 0006 0007 0008 0009 0006 0007 0008 0009 0006 0007 0008 001E 0001 0026 000A 0009 0006 0004 000A 0009 0006
0004 001C 0008 0009 0006 0007 0008 0009 0006 0007 0008 001D 000E 000F 0010 0009 0006 0027 000C 000D 0028 0007 0004 0029 0021 001C 0008 0009 0004 001C 0008 0009
0004 0019 0007 0008 0009 0022 000F 000C 002A 0006 0007 001E 0001 0018 001C 0008 0009 001E 0001 0018 0005 0006 001F 0002 0026 0019 0007 0008 0004 0019 0007 0008
0004 0005 0006 0007 0008 001E 0001 0018 000A 0009 0006 0004 0020 0021 0019 0007 0008 0004 002B 0021 000A 0009 0006 0007 0004 0005 0006 0007 0004 0005 0006 0007
0004 000A 0009 0006 0007 0004 0029 0021 001C 0008 0009 0013 0001 0026 0005 0006 0007 001F 0002 0024 0016 0008 0009 0006 0004 000A 0009 0006 0004 000A 0009 0006
0004 001C 0008 0009 0006 001F 0002 0024 002C 0007 0008 0004 002B 0021 000A 0009 0006 0007 0008 0009 0006 0007 0008 0009 0004 001C 0008 0009 0004 001C 0008 0009
0004 0019 0007 0008 0009 0006 0007 0008 0009 0006 0007 001F 0002 0024 0016 0008 0009 0006 0007 0011 000D 000E 0012 0008 0004 0019 0007 0008 0004 0019 0007 0008
0004 0029 000E 0012 0008 0009 0006 0007 0008 0009 0006 0007 0008 0009 0006 0007 0008 0009 0006 001E 0001 0018 0019 0007 0004 0005 0006 0007 0004 0005 0006 0007
0013 0001 0018 0019 0007 0008 0009 0006 0007 0008 0009 0006 0007 0008 0009 0006 0007 0008 0009 0004 000B 0021 0005 0006 0004 000A 0009 0006 0004 000A 0009 0006
0004 000B 0021 0005 0006 0007 0008 0009 0006 0007 0008 0009 0006 0007 0008 0009 0006 0007 0008 001F 0002 0024 002D 0009 0004 001C 0008 0009 0004 001C 0008 0009
0013 0001 0024 002D 0009 0006 0007 0008 0009 0006 0007 0008 0009 0006 0007 0008 0009 0006 0007 0008 0009 0006 0007 0008 0004 0019 0007 0008 0004 0019 0007 0008
0004 0005 0006 0007 0008 0009 0006 0027 000C 000D 0028 0007 0008 0009 0006 0007 0008 001D 000E 000F 0010 0009 0006 0007 0004 0005 0006 0007 0004 0005 0006 0007
0004 000A 0009 0022 0012 0008 0009 001E 0001 0018 0005 0006 0007 0008 0009 0006 0007 001E 0001 0018 001C 0008 0009 0006 0004 000A 0009 0006 002E 002D 0009 0006
0004 001C 0008 002F 0019 0007 0008 0004 002B 0021 000A 0009 0006 0007 0008 0009 0006 0004 0020 0021 0019 0007 0008 0009 0004 001C 0008 0009 0006 0007 0008 0009
0004 0019 0007 002E 0030 0028 0007 001F 0002 0024 0016 0008 0009 0006 0007 0008 0009 001F 0002 0024 0025 0006 0007 0008 0004 0019 0007 0008 0009 0006 0007 0008
0004 0005 0006 0007 002F 0005 0006 0007 0008 001D 000E 000F 0010 0009 0006 0007 0008 0009 0006 0007 0008 0009 0006 0007 0004 0005 0006 0007 0011 002A 0006 0007
0004 000A 0009 0022 0021 000A 0009 0006 0007 001E 0001 0018 001C 0008 0009 0006 0007 0008 001D 000E 000F 0010 0009 0006 0004 000A 0009 0006 002F 000A 0009 0006
0004 001C 0008 0031 0032 001C 0008 0009 0006 0004 0020 0021 0019 0007 0008 0009 0006 0007 001E 0001 0018 001C 0008 0009 0004 001C 0008 0009 0004 001C 0008 0009
0004 0019 0007 0033 0034 0019 0007 0008 0009 001F 0002 0024 0025 0006 0007 0008 0009 0006 0004 0020 0021 0019 0007 0008 0004 0019 0007 0008 0004 0019 0007 0008
0004 0005 0006 0033 0034 0005 0006 0007 0008 0009 0006 0007 0008 001D 000E 000F 0010 0009 001F 0002 0024 0025 0006 0007 0004 0005 0006 0007 0004 0005 0006 0007
0004 000A 0009 0035 0036 002D 0009 0006 0007 0008 0009 0006 0007 001E 0001 0018 001C 0008 0009 0006 0007 0008 0009 0006 0004 000A 0009 0006 0004 000A 0009 0006
0021 0037 0037 0021 002B 000F 000C 000D 000E 000F 000C 000D 000E 0021 0020 0021 002B 000F 000C 000D 000E 000F 000C 000D 0021 000B 000C 000D 0021 000B 000C 000D
