ATARI GAUNTLET PLAYFIELD 16X16 TILEMAP
SOURCE: level-019-playfield.png
GRID: 32 X 32
TILE_SIZE: 16 X 16
UNIQUE_TILES: 59

0000 0001 0002 0002 0002 0003 0001 0003 0001 0002 0002 0002 0002 0002 0004 0002 0002 0002 0004 0002 0002 0002 0002 0002 0002 0002 0003 0001 0002 0002 0002 0002
0005 0006 0007 0008 0009 0005 000A 0005 000B 000C 0007 0008 0009 000C 0007 0008 0009 000C 0007 0008 0009 000C 0007 0008 0009 000C 0005 000D 000E 000F 0010 0011
0012 0013 000F 0014 0008 0005 0006 0005 0015 0009 0016 0010 0017 000E 000F 0010 0017 000E 000F 0010 0017 000E 000F 0014 0008 0009 0018 0002 0002 0002 0019 001A
0000 0001 0019 0006 0007 0005 000B 0005 000A 0008 001B 0001 0002 0002 0002 0002 0002 0002 0002 0002 0002 0002 0019 0006 0007 0008 0009 000C 0007 0008 001C 0001
0005 000A 0005 000B 000C 0005 0015 0005 0006 0007 0005 0013 000F 0010 0017 000E 000F 0010 0017 000E 000F 0010 0012 000B 000C 0007 0008 0009 000C 0007 0005 000B
0005 0006 0005 0015 0009 0005 000A 0005 000B 000C 0018 0002 0002 0002 0002 0002 0002 0002 0002 0002 0002 0002 001D 0015 0009 000C 0007 0008 0009 000C 0005 0015
0005 000B 0005 000A 0008 0005 0006 0005 0015 0009 000C 0007 0008 0009 000C 0007 0008 0009 000C 0007 0008 001E 001F 0020 0008 0009 000C 0007 0008 0009 0005 000A
0005 0015 0005 0006 0007 0005 000B 0005 000A 0008 0009 000C 0007 0008 0009 000C 0007 0008 001E 000F 0010 0021 000B 000C 0022 0017 000E 000F 0014 0008 0005 0006
0012 000A 0005 000B 000C 0005 0015 0005 0023 0010 0017 000E 000F 0010 0017 000E 000F 0010 0024 0001 0002 001D 0015 0009 001B 0001 0002 0019 0023 0010 0012 0013
001D 0006 0005 0015 0009 0005 001A 0025 0002 0002 0002 0002 0002 0003 0001 0002 0002 0002 0026 0027 0009 0005 000A 0008 0005 0023 0010 0028 0001 0002 0000 0001
0005 000B 0005 000A 0008 0029 002A 001A 0017 000E 000F 0010 0017 0012 0006 0007 0008 0009 000C 0007 0008 0005 0006 0007 0018 0002 0002 0026 0027 0009 0005 000A
0005 0015 002B 002C 0007 002D 002E 0002 0002 0002 0002 0002 0002 001D 000B 000C 0007 0008 0009 000C 0007 0005 000B 000C 0007 0008 0009 000C 0007 0008 0005 0006
0005 000A 0008 0009 000C 002B 0027 0009 000C 0007 0008 0009 000C 0005 0015 0009 000C 0007 0008 0009 000C 0005 0015 0009 000C 0007 0008 0009 000C 0007 0005 000B
0005 0006 0007 0008 0009 0016 0014 0008 0009 000C 0007 0008 0009 0005 000A 0008 0009 000C 0007 0008 0009 0005 001A 0017 000E 000F 0010 0017 002F 000C 0005 0015
0005 0013 0030 0007 0008 0031 0023 0010 0017 000E 000F 0010 0017 0012 0006 0007 0008 0009 000C 0007 0008 001C 0001 0002 0002 0002 0002 0019 0015 0009 0005 000A
001C 0032 0033 0030 0007 0018 0002 0002 0002 0003 0001 0003 0001 0026 0033 0030 0007 0008 0009 000C 0007 0005 000B 000C 0007 0008 0009 0005 000A 0008 0005 0006
0012 000A 0031 000B 000C 0007 0008 0009 000C 0005 0015 0005 0006 0007 0034 0033 0030 0007 0008 0009 000C 0005 0015 0009 000C 0007 0008 0005 0006 0007 0005 0013
001D 0006 0005 000D 000E 000F 0010 0011 0009 0005 000A 0005 000B 000C 0007 0034 0033 0030 0007 0008 0009 0005 000A 0008 0009 000C 0007 0005 000B 000C 001C 0001
0005 0013 0025 0002 0003 0001 0035 0020 0008 0005 0006 0005 0015 0009 000C 0007 0034 0033 0030 0007 0008 0005 0006 0007 0008 0009 000C 0005 0015 0009 0005 000A
001C 0032 0036 000C 0005 0015 0009 0016 0010 0012 0013 0012 000A 0008 0009 000C 0007 0034 0033 0030 0007 0005 000B 000C 0007 0008 0009 0005 000A 0008 0005 0006
0005 000A 0008 0009 0005 000A 0008 001B 0001 0004 0002 001D 0006 0007 0008 0009 000C 0022 0021 0013 000F 0012 0015 0009 000C 0007 0008 002B 002C 0007 0005 000B
0005 0006 0007 0037 0012 0006 0007 0005 0013 000F 0010 0012 0013 0030 0007 0008 001E 0038 0004 0002 0002 0026 0020 0008 0009 000C 0007 0008 0009 0016 001F 0027
0012 000B 000C 0039 0026 0036 000C 0018 0002 0002 0002 0004 0035 0036 000C 0007 0031 000B 000C 0007 0008 0009 000C 0022 0017 002F 000C 0007 0037 0021 0023 0010
001D 000D 000E 0030 0007 0008 0009 000C 0007 0008 0009 000C 0007 0008 0009 000C 0005 0015 0009 000C 0007 0008 001E 0038 0019 0015 0009 000C 0039 0004 0002 0002
001C 0001 0035 0033 0030 0007 0008 0009 000C 0007 0008 0009 000C 0007 0037 000E 0012 000A 0008 0009 000C 0007 0031 000B 0005 000A 0008 0009 000C 0007 0008 0009
0012 0006 0007 0031 000B 000C 0007 0008 0009 000C 0007 0008 0009 000C 001B 0001 0026 002C 0007 0008 0009 000C 0005 0015 0005 0023 0010 0017 000E 000F 0010 0017
001D 000B 000C 0005 000D 000E 000F 0010 0011 0009 0016 0010 0017 000E 0012 000A 0008 0009 0016 0014 0008 0009 0005 000A 001C 0001 0002 0002 0002 0002 0002 0002
0012 000D 000E 0025 0002 0002 0002 0019 000A 0008 001B 0001 0002 0002 001D 0006 0007 0008 0031 0006 0007 0008 0005 0023 0012 000D 000E 000F 0010 0017 000E 000F
0000 0001 0035 0033 000F 0010 0017 0012 0006 0007 0005 0013 000F 0010 0012 000B 000C 0007 0005 000B 000C 0007 0018 0002 0004 0002 0002 0002 0002 0002 0002 0002
0005 0006 0007 0039 0002 0002 0002 0026 0036 000C 0018 0002 0002 0002 001D 000D 000E 000F 0012 0015 0009 000C 0007 0008 0009 000C 0007 0008 0009 000C 0007 0008
0005 000B 000C 0007 0008 0009 000C 0007 0008 0009 000C 0007 0008 0009 001C 0001 0002 0002 001D 000A 0008 0009 000C 0007 0008 0009 000C 0007 0008 0009 000C 0007
0012 000D 000E 000F 0010 0017 000E 000F 0010 0017 000E 000F 0010 0017 0012 0023 0010 0017 0012 0023 0010 0017 000E 000F 0010 0017 000E 000F 0010 0017 000E 003A
