ATARI GAUNTLET MOTION OBJECT 16X16 TILEMAP
SOURCE: level-056.png
GRID: 32 X 32
TILE_SIZE: 16 X 16
ATLAS_TILES: 480
UNIQUE_PIXEL_TILES: 90
CONNECTED_OBJECT_GROUPS: 23

0000 0000 0000 0000 0000 0020 0021 0022 0023 0024 0000 0000 0000 0000 0000 0000 0000 0000 0000 0000 0000 0000 0000 0000 0000 0000 0000 0000 0000 0000 0000 0000
0000 0000 0000 0000 0000 0040 0041 0042 0043 0044 0000 0000 0000 0000 0000 0000 0000 0000 0000 0000 0000 0000 0000 0000 0000 0000 0000 0000 0000 0000 0000 0000
0000 0000 0000 0000 0000 0000 0000 0000 0000 0000 0000 0000 0000 0000 0000 0000 0000 0000 0000 0000 0000 0000 0000 0000 0000 0000 0000 0025 0026 0027 0028 0029
0000 0000 0000 0000 0000 0000 0000 0000 0000 0000 0000 002A 002B 002C 0000 0000 0000 0000 0000 0000 0000 0000 0000 0000 0000 0000 0000 0045 0046 0047 0048 0049
0000 0000 0000 0000 0000 0000 0000 0000 0000 0000 0000 004A 004B 004C 0000 0000 0000 0000 0000 0000 0000 0000 0000 0000 0000 0000 0000 0000 0000 0000 0000 0000
0000 0000 0000 0000 0000 002D 002E 002F 0000 0000 0000 0000 0000 0000 0000 0000 0000 0000 0000 0000 0000 0000 0000 0000 0000 0000 0000 0000 0000 0000 0000 0000
0031 0032 0033 0034 0000 004D 004E 004F 0000 0000 0000 0000 0000 0000 0000 0000 0000 0000 0038 0000 0000 0000 0000 0000 0000 0000 0000 0000 0000 0000 0039 003A
0051 0052 0053 0054 0000 0000 006E 006F 0070 0000 0000 0000 0000 0000 0000 0000 0000 0057 0000 0000 0000 0000 0000 003C 003D 0000 0000 0000 0000 0000 0059 005A
0071 0072 0073 0000 0000 0000 0000 0000 0000 0000 0000 0000 0000 0000 0000 0000 0076 0000 0000 0000 0000 0000 005B 005C 005D 0000 0000 0000 0000 0000 0000 0000
0000 0000 0000 0000 0000 0000 0000 0000 0000 0000 0000 0000 0000 0000 0000 0095 0000 0000 0000 0000 0000 0000 0000 0000 0000 0000 0000 0000 0000 0000 0000 0000
0000 0000 0000 0000 0000 0000 0000 0000 0000 0000 0000 0000 0000 0000 0000 0000 0000 0000 0000 0000 0000 0000 0000 0000 0000 0000 0000 0000 0000 0000 0000 0000
0000 0000 0000 00A0 00A1 00A2 0000 0000 0000 0000 0000 0000 0000 0000 0000 0000 0000 0000 0000 0000 0000 0000 0000 0000 0000 0000 0000 0000 0000 0000 0000 0000
0000 0000 0000 00C0 00C1 00C2 0000 0000 0000 0000 0000 0000 0000 0000 0000 0000 0000 0000 0000 0000 0000 0000 0000 0000 0000 0000 0000 0000 0000 0000 0000 0000
0000 0000 0000 0000 0000 0000 0000 0000 0000 0000 0000 0000 0000 0000 0000 0000 0000 0000 0000 0000 0000 0000 0000 0000 0000 0000 0000 0000 0000 0000 0000 0000
0000 0000 0000 0000 0000 0000 0000 0000 0000 0000 00A6 0000 0000 0000 0000 0000 0000 0000 0000 0000 0000 0000 0000 0000 0000 0000 0000 00A7 00A8 0000 0000 0000
0000 0000 0000 0000 0000 0000 0000 0000 0000 00C5 0000 0000 0000 0000 0000 0000 0000 0000 0000 0000 0000 0000 0000 0000 0000 0000 0000 0000 0000 0000 0000 0000
0000 0000 0000 0000 0000 0000 0000 0000 00E4 0000 0000 0000 0000 0000 0000 0000 0000 0000 0000 0000 0000 0000 0000 0000 0000 00A9 00AA 00AB 0000 0000 0000 0000
0000 0000 0000 0000 0000 0000 0000 0103 0000 0000 0000 0000 0000 0000 0000 0000 0000 0000 0000 0000 0000 0000 0000 0000 0000 00C9 00CA 00CB 0000 0000 0000 0000
0000 0000 0000 0000 0000 0000 0000 0000 0000 0000 0000 0000 0000 0000 0000 0000 0000 0000 0000 0000 0000 0000 0000 0000 0000 0000 0000 0000 0000 0000 0000 0000
0000 0000 0000 0000 0000 0000 0000 0000 0000 0000 0000 0000 0000 0000 0000 0000 0000 0000 0000 0000 0000 0000 0000 0000 0000 0000 0000 0000 0000 0000 0000 0000
0000 0000 0000 0000 0000 0000 0000 0000 0000 0000 0000 0000 0000 0000 0000 0000 0000 0000 0000 0000 0000 00AC 0000 0000 0000 0000 0000 0000 0000 0000 00AE 00AF
00B0 0000 0000 0000 0000 0000 0000 0000 0000 00B2 00B3 0000 0000 0000 0000 0000 0000 0000 0000 0000 0000 0000 0000 0000 0000 0000 0000 0000 0000 00CD 00CE 00CF
0000 0000 0000 0000 0000 0000 0000 0000 00D1 00D2 00D3 0000 0000 0000 0000 0000 0000 0000 0000 0000 0000 0000 0000 0000 0000 0000 0000 0000 0000 0000 0000 0000
00B4 0000 0000 0000 0000 0000 0000 0000 0000 0000 0000 0000 0000 0000 0000 0000 0000 0000 0000 0000 0000 0000 0000 0000 0000 0000 0000 0000 0000 0000 00B5 00B6
00D4 0000 0000 0000 0000 0000 0000 0000 0000 0000 0000 0000 0000 0000 0000 0000 0000 0000 0000 0000 0000 0000 0000 0000 0000 0000 0000 0000 0000 0000 00D5 00D6
0000 0000 0000 0000 0000 0000 0000 0000 0000 0000 0000 0000 0000 0000 0000 00B7 00B8 00B9 00BA 00BB 0000 0000 0000 0000 0000 0000 0000 0000 0000 0000 0000 0000
0000 0120 0121 0122 0123 0124 0125 0000 0000 0000 0000 0000 0000 0000 0000 0000 0000 00D9 00DA 00DB 0000 0000 0000 0000 0000 0000 0000 0000 0000 0000 0000 0000
0000 0140 0141 0142 0143 0144 0145 0000 0000 0000 0000 0000 0000 0000 0000 00F7 00F8 0000 0000 0000 0000 0000 0000 0000 0000 0000 0000 0000 0000 0000 0000 0000
0000 0160 0161 0162 0163 0164 0165 0000 0000 0000 0000 0000 0000 0000 0000 0000 0000 0000 0000 0000 0000 0000 0000 0000 0000 0000 0000 0000 0000 0000 0000 0000
0000 0180 0181 0182 0183 0184 0185 0000 0000 0000 0000 0000 0000 0000 0000 0000 0000 0000 0000 0000 0000 0129 012A 012B 0000 0000 0000 0000 0000 0000 0000 0000
0000 0000 0000 0000 0000 0000 0000 01A6 01A7 01A8 0000 0000 0000 0000 0000 0000 0000 0000 0000 0000 0000 0000 0000 0000 0000 0000 0000 0000 0000 0000 0000 012C
012D 0000 0000 0000 0000 0000 0000 01C6 01C7 01C8 0000 0000 0000 0000 0000 0000 0000 0000 0000 0000 0000 0000 0000 0000 0000 0000 0000 0000 0000 0000 0000 014C
