ATARI GAUNTLET MOTION OBJECT 16X16 TILEMAP
SOURCE: level-006.png
GRID: 32 X 32
TILE_SIZE: 16 X 16
ATLAS_TILES: 384
UNIQUE_PIXEL_TILES: 92
CONNECTED_OBJECT_GROUPS: 24

0000 0000 0000 0020 0021 0000 0000 0000 0000 0000 0000 0000 0000 0000 0000 0000 0000 0000 0000 0000 0000 0023 0024 0025 0000 0000 0000 0000 0000 0000 0000 0000
0000 0000 0000 0040 0041 0042 0000 0000 0000 0000 0000 0000 0000 0000 0000 0000 0000 0000 0000 0000 0000 0043 0044 0045 0000 0000 0000 0000 0000 0000 0000 0000
0000 0000 0000 0000 0000 0000 0000 0000 0000 0000 0000 0000 0000 0000 0000 0000 0000 0000 0000 0000 0000 0000 0000 0000 0000 0000 0000 0000 0000 0000 0000 0000
0026 0000 0000 0000 0000 0000 0000 0000 0000 0000 0000 0000 0000 0000 0000 0000 0000 0000 0000 0000 0000 0000 0000 0000 0000 0000 0000 0000 0028 0029 002A 002B
0046 0000 0000 0000 0000 002C 002D 002E 002F 0000 0000 0000 0000 0000 0000 0000 0000 0000 0000 0000 0000 0000 0000 0000 0000 0000 0000 0000 0048 0049 004A 004B
0066 0000 0000 0000 0000 004C 004D 004E 004F 0050 0000 0000 0000 0000 0000 0000 0000 0000 0000 0000 0000 0000 0031 0032 0033 0000 0000 0067 0068 0069 006A 006B
0000 0000 0000 0000 0000 0000 0000 0000 0000 0000 0000 0000 0000 0000 0000 0000 0000 0000 0000 0000 0000 0000 0051 0052 0053 0000 0000 0087 0088 0089 0000 0000
0000 0000 0000 0034 0035 0036 0000 0000 0000 0000 0000 0000 0000 0000 0000 0000 0000 0000 0000 0000 0000 0000 0000 0000 0000 0000 0000 0000 0000 0000 0000 0000
0000 0000 0000 0054 0055 0056 0000 0000 0000 0000 0000 0000 0000 0000 0000 0000 0000 0000 0038 0000 0000 0000 0000 0000 0000 0000 0000 0000 0000 0000 0000 0000
0000 0000 0000 0000 0000 0000 0000 0000 0000 0000 0000 0000 0000 0000 0000 0000 0000 0057 0058 0059 0000 0000 0000 0000 0000 0000 0000 0000 0000 0000 0000 0000
0000 0000 0000 0000 0000 003A 003B 003C 0000 0000 0000 0000 0000 0000 0000 0000 0000 0077 0078 0079 0000 0000 0000 0000 0000 0000 0000 0000 0000 0000 0000 0000
0000 0000 0000 0000 0000 005A 005B 005C 0000 0000 0000 0000 0000 0000 0000 0000 0000 0097 0098 0099 0000 0000 0000 0000 0000 0000 0000 0000 0000 0000 0000 0000
0000 0000 0000 0000 0000 0000 0000 0000 0000 0000 0000 0000 0000 0000 0000 0000 0000 0000 0000 0000 0000 0000 0000 0000 0000 0000 0000 0000 0000 0000 0000 0000
003D 0000 0000 0000 0000 0000 0000 0000 0000 0000 0000 0000 0000 0000 0000 0000 0000 0000 0000 0000 0000 0000 0000 0000 0000 0000 0000 0000 0000 0000 003E 003F
005D 0000 0000 0000 0000 0000 0000 00A0 00A1 00A2 0000 0000 0000 0000 0000 0000 0000 0000 0000 0000 0000 0000 0000 0000 0000 0000 0000 0000 0000 0000 005E 005F
0000 0000 0000 0000 0000 0000 0000 0000 0000 0000 0000 0000 0000 0000 0000 0000 0000 0000 0000 0000 0000 0000 0000 0000 0000 0000 0000 0000 0000 0000 0000 0000
0000 0000 0000 0000 0000 0000 0000 0000 0000 0000 0000 0000 0000 0000 0000 0000 0000 0000 0000 0000 0000 0000 0000 0000 0000 0000 0000 0000 0000 0000 0000 0000
00A3 0000 0000 0000 0000 0000 0000 0000 0000 0000 0000 0000 0000 0000 0000 0000 0000 0000 0000 0000 0000 0000 0000 0000 0000 0000 0000 0000 0000 0000 00AB 00AC
00C3 00C4 00C5 00C6 00C7 00C8 0000 0000 0000 0000 0000 0000 0000 0000 0000 0000 0000 00AD 00AE 00AF 0000 0000 0000 0000 0000 0000 0000 0000 0000 0000 00CB 00CC
00E3 00E4 00E5 00E6 00E7 00E8 0000 0000 0000 0000 0000 0000 0000 0000 0000 0000 0000 00CD 00CE 00CF 0000 0000 0000 0000 0000 0000 0000 0000 0000 0000 0000 0000
0000 0000 0000 0000 0000 0108 0109 010A 0000 0000 0000 0000 0000 0000 0000 0000 0000 0000 0000 0000 0000 0000 0000 0000 0000 0000 0000 0000 0000 0000 0000 0000
0000 0000 0000 0000 0000 0128 0129 012A 0000 0000 0000 0000 0000 0000 0000 0000 0000 0000 0000 0000 0000 0000 0000 0000 0000 0000 0000 0000 0000 0000 0000 0000
00B0 0000 0000 0000 0000 0000 0000 0000 0000 0000 0000 0000 0000 0000 0000 0000 0000 0000 0000 0000 0000 0000 0000 0000 0000 0000 0000 0000 0000 0000 00B1 00B2
00D0 0000 0000 0000 0000 0000 0000 0000 0000 0000 0000 0000 0000 0000 0000 0000 0000 0000 0000 0000 0000 0000 0000 0000 0000 0000 0000 0000 0000 0000 00D1 00D2
0000 0000 0000 0000 0000 0000 0000 0000 0000 0000 0000 0000 0000 0000 0000 0000 0000 0000 0000 0000 0000 0000 0000 0000 0000 0000 0000 0000 0000 0000 0000 0000
0000 0000 0000 0000 0000 0000 0000 0000 0000 0000 0000 0000 0000 0000 0000 0000 0000 0000 0000 0000 0000 0000 0000 0000 0000 0000 0000 0000 0000 0000 0000 0000
0000 0000 0000 0000 0000 0000 0000 0000 0000 0000 0000 0000 0000 0000 0000 0000 0000 0000 0000 0000 0000 0000 0000 0000 0000 0000 0000 0000 0000 0000 0000 0000
0000 0000 0000 0000 0000 0000 0000 0000 0000 0000 0000 0000 0000 0000 0000 0000 0000 0000 0000 0000 0000 0000 0000 0000 0000 0000 0000 0000 0000 0000 0000 0000
0000 0000 0000 0000 0000 0000 0000 0000 0000 0000 0000 0000 0000 0000 0000 0000 0000 0000 0000 0000 0000 0000 0000 0000 0000 0000 00B3 0000 0000 0000 0000 0000
0000 0000 0000 0000 0000 0000 0000 0000 0000 00B7 00B8 00B9 0000 0000 0000 0000 0000 0000 0000 0000 0000 0000 0000 0000 0000 0000 0000 0000 0000 0000 0000 0000
00BA 0000 00BB 00BC 00BD 0000 00D4 00D5 00D6 00D7 00D8 00D9 0000 0000 0000 0000 0000 0000 00BE 0000 0000 0000 0000 0140 0141 0142 0000 0000 0000 0000 0143 0144
00DA 0000 00DB 00DC 00DD 0000 00F4 00F5 00F6 0000 0000 0000 0000 0000 0000 0000 0000 0000 00DE 00DF 0000 0000 0000 0160 0161 0162 0000 0000 0000 0000 0163 0164
