ATARI GAUNTLET MOTION OBJECT 16X16 TILEMAP
SOURCE: level-091.png
GRID: 32 X 32
TILE_SIZE: 16 X 16
ATLAS_TILES: 384
UNIQUE_PIXEL_TILES: 101
CONNECTED_OBJECT_GROUPS: 26

0020 0021 0000 0000 0000 0000 0000 0000 0000 0000 0000 0000 0000 0000 0000 0000 0000 0000 0000 0000 0000 0000 0000 0000 0000 0000 0000 0000 0000 0000 0023 0024
0040 0041 0042 0000 0000 0000 0000 0000 0000 0000 0000 0000 0000 0000 0000 0000 0000 0025 0026 0027 0000 0000 0000 0000 0000 0000 0000 0000 0000 0000 0043 0044
0060 0061 0062 0000 0000 0000 0028 0000 0000 0000 0000 0000 0000 0000 0000 0000 0000 0045 0046 0047 0000 0000 0000 0000 0000 0000 0000 0000 0000 0000 0063 0064
0080 0081 0082 0000 0000 0000 0000 0000 0000 0000 0000 0000 0000 0000 0000 0000 0000 0000 0000 0000 0000 0000 0000 0000 0000 0000 0000 0000 0000 0000 0000 0000
0000 0000 0000 0000 0000 0000 0000 0000 0000 0000 0000 0000 0000 0000 0000 0000 0000 0000 0000 0000 0000 0000 0000 0000 0000 0000 0000 0000 0000 0000 0000 0000
0000 0029 002A 002B 0000 0000 0000 0000 0000 0000 0000 0000 0000 0000 0000 0000 0000 0000 0000 0000 0000 0000 0000 0000 0000 0000 0000 0000 0000 0000 0000 0000
0000 0000 0000 0000 0000 0000 0000 0000 002C 002D 002E 0000 0000 0000 0000 0000 0000 0000 0000 0000 0000 0000 0000 0000 0000 0000 0000 0000 0000 0000 0000 0000
0000 0000 0000 0000 0000 0000 0000 0000 004C 004D 004E 0000 0000 0000 0000 0000 0000 0000 0000 0000 0000 0000 0000 0000 0000 0000 0000 0000 0000 0000 0000 0000
0000 0000 0000 0031 0032 0033 0000 0000 0000 0000 0000 0000 0000 0000 0000 0000 0000 0000 0000 0000 0000 0000 0000 0000 0000 0000 0000 0000 0000 0000 0000 0000
0000 004F 0050 0051 0052 0053 0000 0000 0000 0000 0000 0000 0000 0000 0000 0000 0000 0000 0000 0000 0000 0000 0000 0000 0000 0000 0000 0000 0000 0000 0000 0000
0000 006F 0070 0071 0000 0000 0000 0000 0000 0000 0000 0000 0000 0000 0000 0000 0000 0000 0000 0000 0000 0000 0000 0035 0036 0000 0000 0000 0000 0000 0000 0000
0000 0000 0000 0000 0000 0000 0000 0000 0000 0000 0000 0000 0000 0000 0000 0000 0000 0000 0000 0000 0000 0000 0054 0055 0056 0000 0000 0000 0000 0000 0000 0000
0000 0000 0000 0000 0000 0000 0000 0000 0000 0000 0000 0000 0000 0000 0000 0000 0000 0000 0000 0000 0000 0000 0000 0000 0000 0077 0078 0079 0000 0000 0000 0000
0000 0000 0000 0000 0000 0000 0000 0000 0000 0000 0000 003A 003B 003C 0000 0000 0000 0000 0000 0000 0000 0000 0000 0000 0000 0097 0098 0099 0000 0000 0000 0000
0000 0000 0000 0000 0000 0000 0000 0000 0000 0000 0000 005A 005B 005C 0000 0000 0000 0000 0000 0000 0000 0000 0000 0000 0000 0000 0000 0000 0000 003D 003E 003F
0000 0000 0000 0000 0000 0000 0000 0000 0000 0000 0000 007A 007B 007C 0000 0000 0000 0000 0000 0000 0000 0000 0000 0000 0000 0000 0000 0000 0000 005D 005E 005F
0000 0000 0000 0000 0000 0000 0000 0000 0000 0000 0000 0000 0000 0000 0000 0000 0000 0000 0000 0000 0000 0000 0000 0000 0000 0000 0000 0000 0000 0000 0000 0000
0000 0000 0000 0000 0000 0000 0000 0000 0000 0000 0000 0000 0000 0000 0000 0000 0000 0000 0000 00A0 00A1 00A2 0000 0000 0000 0000 0000 0000 0000 0000 0000 0000
00A3 00A4 00A5 0000 0000 0000 0000 00A6 00A7 00A8 0000 0000 0000 0000 0000 0000 0000 00AC 0000 00C0 00C1 00C2 0000 0000 0000 0000 0000 0000 0000 0000 0000 0000
00C3 00C4 00C5 0000 0000 0000 0000 00C6 00C7 00C8 00C9 00CA 00CB 0000 0000 0000 0000 0000 0000 0000 0000 0000 0000 0000 0000 0000 0000 0000 0000 0000 0000 0000
0000 0000 0000 0000 0000 0000 0000 0000 0000 0000 00E9 00EA 00EB 0000 0000 0000 0000 0000 0000 0000 0000 0000 0000 0000 0000 0000 0000 0000 0000 0000 0000 0000
00AD 0000 0000 0000 0000 0000 0000 0000 0000 0000 0000 0000 0000 0000 0000 0000 0000 0000 0000 0000 0000 0000 0000 0000 0000 0000 00AE 0000 00AF 00B0 00B1 00B2
00CD 0000 0000 0000 0000 0000 0000 0000 0000 0000 0000 0000 0000 0000 0000 0000 0000 00B3 00B4 00B5 0000 0000 0000 0000 0000 0000 0000 0000 00CF 00D0 00D1 00D2
0000 0000 0000 0000 0000 0000 0000 0000 0000 0000 0000 0000 0000 00B6 00B7 00B8 0000 00D3 00D4 00D5 0000 0000 0000 0000 0000 0000 0000 0000 0000 0000 0000 0000
0000 0000 0000 0000 0000 0000 0000 0000 0000 0000 0000 0000 0000 00D6 00D7 00D8 0000 0000 0000 0000 0000 0000 0000 0000 0000 0000 0000 0000 0000 0000 0000 0000
0000 0000 00B9 00BA 00BB 0000 0000 0000 0000 0000 0000 0000 0000 0000 0000 0000 0000 0000 0000 0000 0000 0000 0000 0000 0000 0000 0000 0000 0000 0000 0000 0000
0000 0000 00D9 00DA 00DB 0000 0000 0000 0000 00BC 00BD 00BE 0000 0000 0000 0000 0000 0000 0000 0000 0000 0000 0000 0000 0000 0000 0000 0000 0000 0000 0000 0000
0000 0000 0000 0000 0000 0000 0000 0000 0000 00DC 00DD 00DE 0000 0000 0000 0000 0000 0000 0100 0101 0102 0000 0000 0000 0000 0000 0103 0000 0000 0000 0000 0000
0000 0000 0000 0000 0000 0000 0000 0000 0000 0000 0000 0000 0000 0000 0000 0000 0000 0000 0120 0121 0122 0000 0000 0000 0000 0000 0000 0000 0000 010B 010C 010D
0000 0000 0000 0000 0000 0000 0000 0000 0000 0000 0000 0000 0000 0000 0000 0000 0000 0000 0000 0000 0000 0000 0000 0000 0000 0000 0000 0000 0000 012B 012C 012D
010E 0000 0000 0000 0000 0000 0000 0000 0000 0000 0000 010F 0110 0111 0000 0000 0000 0000 0000 0000 0000 0000 0000 0000 0000 0147 0148 0149 014A 0000 014C 014D
012E 0000 0000 0000 0000 0000 0000 0000 0000 0000 0000 012F 0130 0131 0132 0133 0000 0000 0000 0000 0000 0000 0164 0165 0166 0167 0168 0169 016A 0000 016C 016D
