ATARI GAUNTLET PLAYFIELD 16X16 TILEMAP
SOURCE: level-073-playfield.png
GRID: 32 X 32
TILE_SIZE: 16 X 16
UNIQUE_TILES: 57

0000 0001 0002 0002 0002 0003 0002 0002 0002 0000 0001 0002 0002 0002 0002 0002 0002 0002 0002 0002 0002 0002 0002 0000 0001 0002 0002 0000 0001 0002 0002 0002
0004 0005 0006 0007 0008 0009 0006 0007 0008 0004 000A 000B 000C 0009 0006 000B 000C 0009 0006 0007 0008 0009 0006 0004 000D 0009 0006 0004 000D 000E 000F 0007
0004 000D 0009 0010 0011 0008 000E 000F 0007 0004 0005 0012 0013 000C 0009 0012 0013 000C 0009 0006 0007 0008 0009 0004 0014 0008 0009 0004 0014 0012 0015 0006
0004 0014 0008 0012 0016 0007 0012 0015 0006 0004 000D 0009 0012 0017 0008 0009 0012 0017 0008 0009 0006 0007 0008 0004 000A 0007 0008 0004 000A 0007 0008 0009
0018 0019 001A 001B 001C 001D 001A 001B 001C 001E 001F 001B 001C 001D 001A 001B 001C 001D 001A 001B 001C 001D 001A 001E 0020 001D 001A 001E 0020 001D 001A 001B
0021 0022 0002 0002 0002 0023 0001 0002 0002 0000 0001 0002 0002 0024 0025 0002 0002 0002 0002 0002 0002 0002 0002 0000 0001 0002 0002 0000 0001 0002 0002 0026
0027 000D 0009 0006 0007 0004 0005 0006 0007 0004 0005 0006 000B 000C 0009 0010 0011 0008 0009 0006 0007 0008 0009 0004 0014 0008 0009 0004 0014 0008 0009 0006
0004 0014 0008 0009 0006 0004 000D 0009 0006 0004 000D 0009 0012 0017 0008 0012 0016 0007 0008 0009 0006 0007 0008 0004 000A 0007 0008 0004 000A 000B 000C 0009
0004 0028 001A 001B 001C 001E 001F 001B 001C 001E 001F 001B 001C 001D 001A 001B 001C 001D 001A 000C 0009 0006 0007 0004 0020 001D 001A 001E 0005 0012 0017 0008
0025 0001 0002 0002 0002 0000 0001 0002 0002 0000 0001 0002 0002 0029 0024 0001 0002 0002 002A 0014 0008 0009 0006 002B 0001 0002 0002 0025 000D 0009 0006 0007
0024 000D 0009 0006 0007 0004 0005 0006 0007 0004 0005 0006 0007 0008 0004 000A 0007 0008 0004 000A 0007 0008 0009 0004 0014 0008 0009 0024 0014 0008 0009 0006
0004 0014 0008 0009 0006 0004 000D 0009 0006 0004 000D 0009 0006 0007 0004 0005 0006 0007 0004 0005 0006 0007 0008 0004 000A 0007 0008 0004 000A 000B 000C 0009
0004 000A 0007 0008 0009 0004 0014 0008 0009 0004 0014 0008 0009 0006 0004 000D 0009 0006 0004 000D 0009 0006 0007 0004 0005 0006 0007 0004 0005 0012 0017 0008
001E 0020 001D 001A 001B 001E 0028 001A 001B 001E 0028 001A 001B 001C 001E 001F 001B 001C 001E 001F 001B 001C 001D 001E 002C 001C 001D 001E 002C 002D 0006 000B
0000 0001 0002 0002 0002 0000 0001 0002 0002 0000 0001 0002 0002 0002 0000 0001 0002 0002 0000 0001 0002 0002 0002 0000 0001 0002 0002 0000 002E 002F 0009 0030
0004 0014 0008 0009 0006 0004 000D 0009 0006 0004 000D 0009 0006 0007 0004 0005 0006 0007 0004 0005 0006 0007 0008 0004 000A 0007 0008 0004 000A 0007 0008 0009
0004 000A 0007 0008 0009 0004 0014 0008 0009 0004 0014 0008 0009 0006 0004 000D 0009 0006 0004 000D 0009 0006 0007 0004 0005 0006 0007 0004 0005 0006 0007 0008
001E 0020 001D 001A 001B 0018 0019 001A 001B 001E 0028 0011 0008 0009 0004 001F 001B 001C 001E 001F 000C 000E 001D 001E 002C 001C 001D 001E 002C 001C 001D 001A
0000 0001 0002 0002 0026 0021 0022 0002 0002 0000 002E 0016 0007 0008 002B 0001 0002 0002 0000 002E 0013 0022 0002 0003 0002 0002 0002 0000 0001 0002 0002 0002
0004 0014 0008 0009 0006 0027 000D 0009 0006 0004 000D 0009 0006 0007 0004 0005 0006 0007 0004 0005 0012 0013 000C 0009 0006 0007 0008 0004 000A 0007 0008 0009
0004 000A 0007 0008 0009 0004 0014 0008 0009 0004 0014 0008 0009 0006 0004 000D 0009 0006 0004 002C 002D 0012 0013 000C 0009 0006 0007 0004 0005 0006 0007 0008
0004 0005 0006 0007 0008 0004 000A 0007 0008 0004 000A 0007 0008 0009 0004 0014 0008 0009 002B 002E 002F 0009 0012 0017 0008 0009 0006 0004 000D 0009 0006 0007
001E 002C 001C 001D 001A 001E 0020 001D 001A 001E 0020 001D 001A 001B 0018 0019 001A 001B 001E 0028 001A 001B 001C 001D 001A 001B 001C 001E 001F 001B 001C 001D
0000 0001 0002 0002 0002 0000 0001 0002 0002 0000 0001 0002 0002 0026 0021 0022 0002 0002 0003 0002 0002 0002 0002 0023 0001 0002 0002 0000 0001 0002 0002 0002
0004 000A 0007 0008 0009 0004 0014 0008 0009 0004 0014 0008 0009 0006 0027 000D 0009 0006 0007 0008 0009 0010 0011 0004 0005 0006 0007 0004 0005 0006 000B 000C
0004 0005 0006 0007 0008 0004 000A 0007 0008 0004 000A 0007 0008 0009 0004 0014 0008 0009 0006 0007 0008 0012 0016 0004 000D 0009 0006 0004 000D 0009 0012 0017
001E 002C 001C 001D 001A 001E 0020 001D 001A 001E 0020 001D 001A 001B 001E 0028 001A 001B 001C 001D 001A 001B 001C 001E 001F 001B 001C 001E 001F 001B 001C 001D
0000 0001 0002 0002 0002 0000 0001 0002 0002 0000 0001 0002 0002 0002 0003 0002 0002 0002 0002 0002 0023 0001 0031 0032 0001 0002 0002 0000 0001 0002 0002 0002
0004 000A 0007 0008 0009 0004 0014 0008 0009 0004 001F 000C 0009 0006 0007 0033 002D 0006 0007 0008 0034 0016 0035 0036 0005 0006 0007 0004 0005 0006 0007 0008
0004 0005 0006 0007 0008 0004 000A 0007 0008 002B 002E 0017 0008 0009 0010 0037 0021 002D 0006 0007 0008 0009 0006 0004 000D 0009 0006 0004 000D 0009 0006 0007
0004 000D 0009 0006 0007 0004 0005 0006 0007 0004 0005 0006 0007 0008 0012 0016 0012 002F 0009 0006 0007 0008 0009 0004 0014 0008 0009 0004 0014 0038 0009 0006
001E 001F 001B 001C 001D 001E 002C 001C 001D 001E 002C 001C 001D 001A 001B 001C 001D 001A 001B 001C 001D 001A 001B 001E 0028 001A 001B 001E 0028 001A 001B 001C
