ATARI GAUNTLET PLAYFIELD 16X16 TILEMAP
SOURCE: level-078-playfield.png
GRID: 32 X 32
TILE_SIZE: 16 X 16
UNIQUE_TILES: 48

0000 0000 0001 0002 0000 0003 0004 0005 0006 0000 0000 0000 0000 0000 0000 0003 0005 0002 0000 0000 0000 0000 0007 0000 0000 0000 0000 0000 0000 0000 0000 0000
0008 0009 000A 000B 0008 000C 000D 000E 000F 0009 0010 0011 0008 0009 0010 000C 000E 0010 0012 0011 0010 0013 0014 0011 0010 0009 0012 0010 0008 0010 0012 0011
0010 0008 0009 0012 0011 0008 0009 0012 0011 0008 0010 0012 0010 0008 0010 0012 0011 0010 0009 0012 0010 0015 0016 0012 0010 0008 0009 0010 0011 0008 0010 0010
0012 0011 0010 0009 0012 0011 0017 0018 0019 001A 0010 0009 0010 0011 0010 0009 0012 0011 0008 0009 0010 0011 0008 0009 0012 0011 0008 0009 0012 0011 0008 0009
0009 0012 0010 0008 0009 0012 0011 0008 0009 0012 0010 0008 0010 0012 0011 0008 0010 0012 0010 0008 0010 0012 001A 0017 0018 0012 0011 0017 0018 0019 0011 0008
0008 0009 0010 0011 0008 0010 0012 001B 001C 0009 0010 0011 0010 0009 0010 0011 0010 0009 0010 0011 0010 0009 001D 001E 001F 0020 0014 0011 0008 0009 0012 0010
0011 0008 0010 0012 0011 0010 0009 0015 000B 0008 0010 0012 0011 0008 0010 0012 0011 0008 0010 0012 0010 0008 0021 0000 0000 0022 0016 0012 0011 0008 0009 0010
0012 0011 0008 0009 0012 0010 0008 0009 0012 0011 0008 0010 0010 0010 0008 0009 0012 0011 0010 0009 0012 0011 0008 0009 0012 0011 0008 0009 0010 0011 0008 0010
0013 0014 0011 0010 0009 0010 0011 0010 0009 0012 0011 0008 0009 0012 0011 0017 0018 0012 0010 0008 0009 0012 0010 0008 0009 0010 0011 0008 0010 0012 0011 0008
0015 0016 0012 0010 0008 0010 0012 0010 0008 0013 0023 001E 001F 0020 0014 0011 0008 0009 0010 0011 0008 0009 0010 0011 0008 0010 0012 0011 0010 0009 0012 0011
0011 0010 0009 0010 0011 0008 0009 0010 0011 0021 0000 0000 0000 0022 0016 0012 001B 001C 0009 0012 0011 0008 0010 0012 0011 0010 0009 0012 0011 0008 0009 0012
0012 0010 0008 0010 0012 0011 0008 0010 0012 0011 0008 0009 0012 0011 0008 0009 0015 000B 0008 0010 001D 001E 001F 0024 0012 0011 0025 0020 0014 0011 0010 0009
0009 0012 0011 0008 0009 0012 0011 0008 0009 0012 0011 0008 0009 0012 0011 0008 0009 0012 0011 0010 0021 0000 0022 000F 0009 0012 0021 0022 0016 0012 0010 0008
0010 0009 0012 0011 0008 0009 0012 0011 0008 0009 0010 0011 0008 0018 0012 0010 0008 0009 0012 0010 0008 0009 0012 0011 0008 0009 0012 0011 0008 0010 0012 0011
0010 0008 0010 0012 0011 0017 0018 0019 0011 0008 0010 0012 0010 0008 0009 0010 0011 0008 0009 0010 001B 001C 0018 0019 001A 0008 0009 0010 0011 0010 0009 0012
0010 0011 0010 0009 0012 0011 0008 0009 0012 0011 0010 0009 0010 0011 0008 0010 0012 0011 0008 0010 0015 000B 0008 0009 0012 0011 0008 0010 0012 0010 0008 0009
0009 0012 0010 0008 0009 0019 001A 0017 0009 0012 0011 0008 0010 0012 001B 001F 0020 0023 0026 0008 0009 0012 0011 0010 0009 0012 0011 0010 0009 0012 0011 0008
0008 0009 0010 0011 0008 0009 0012 0011 0008 0009 0012 0011 0010 0009 0021 0000 0000 0022 0027 0011 0008 0009 0012 0010 0008 0010 0012 0011 0008 0009 0019 001A
001E 001C 0010 0012 0010 0008 0009 0012 0011 0010 0009 0012 0011 0008 0009 0012 0011 0008 0009 0012 0010 0008 0009 0010 0011 0010 0009 001D 001E 001F 0020 0023
0022 000B 0010 0009 0010 0011 0010 0009 0012 0010 0008 0009 0012 0011 0008 0009 0012 0011 0008 0009 0010 0011 0008 0010 0012 0010 0008 0021 0000 0000 0000 0000
0009 0012 0011 0008 0010 0012 0010 0008 0009 0010 0011 0010 0009 0012 0010 0008 0009 0010 0011 0008 0010 0012 0011 0010 0009 0010 0011 0008 0009 0012 0011 0008
0008 0009 0012 0011 0010 0009 0010 0011 0008 0010 0012 0010 0008 0009 0010 0011 0008 0010 0012 0011 0010 0009 0012 0010 0008 0009 0012 0011 0010 0013 0023 0026
0011 0010 0009 0012 0011 0008 0009 0012 0011 0010 0009 0010 0011 0008 0010 0012 0011 0010 0009 0012 0010 0008 0009 0012 0011 0008 0009 0012 0010 0021 0022 0027
0012 0010 0008 0009 0012 0011 0017 0018 0019 0011 0008 0010 0012 0011 0008 0009 0012 0010 0008 0009 0010 0011 0017 0018 0019 0010 0008 0009 0010 0011 0008 0009
0009 0012 0010 0010 0009 0012 0011 0008 0009 0012 0011 0008 0009 001D 0026 0008 0009 0012 0011 0008 0010 0012 0011 0008 0009 0010 0011 0008 0009 0012 0011 0010
0008 0013 0023 001E 001C 0010 0012 0011 0008 0009 0012 0011 0008 0015 0027 001A 0017 0009 0012 0011 0008 0013 0023 0026 0008 0009 0012 0011 0017 0018 0012 0010
0011 0021 0000 0022 000B 0010 0009 0010 0010 0010 0010 0012 0011 0008 0009 0012 0011 0008 0009 0012 0011 0021 0022 0010 0011 0008 0009 0012 0011 0008 0009 0010
0012 0011 0008 0009 0012 0010 0008 0009 0012 0011 0010 0009 0012 0010 0008 0009 0012 0011 0010 0009 0012 0011 0008 0010 0012 0010 0010 0010 0012 0011 0008 0009
0009 0010 0011 0008 0009 0010 001B 001F 0020 0014 0010 0008 0009 0010 0011 0008 0009 0012 0010 0008 0009 0012 0011 0010 0009 0012 0011 0008 0009 0012 001A 0017
0008 0010 0012 0011 0010 0010 0021 0000 0028 0029 0010 0011 0008 0010 0012 0011 0008 0009 0010 0011 0008 0010 0012 0011 0008 0009 001D 001E 001C 0010 0012 0011
0011 0010 0009 0012 0010 0008 0009 0012 002A 002B 0010 0012 0011 0010 0009 0012 0011 0008 0010 0012 0011 0010 0013 0014 0011 0010 0021 0022 000B 0010 0009 0010
0023 001E 001F 0020 0010 001E 001F 0020 002C 002D 001F 0020 0023 0010 001F 0020 0023 001E 0010 0020 0023 0010 002E 002F 0023 0010 001F 0020 0023 001E 001F 0010
