ATARI GAUNTLET MOTION OBJECT 16X16 TILEMAP
SOURCE: level-080.png
GRID: 32 X 32
TILE_SIZE: 16 X 16
ATLAS_TILES: 800
UNIQUE_PIXEL_TILES: 147
CONNECTED_OBJECT_GROUPS: 22

0020 0021 0022 0000 0000 0023 0024 0025 0000 0000 0000 0000 0000 0000 0000 0000 0026 0027 0028 0000 0000 0000 0000 0000 0029 0000 0000 0000 0000 002A 0000 0000
0040 0041 0042 0000 0000 0043 0044 0045 0000 0000 0000 0000 0000 0000 0000 0000 0046 0047 0048 0000 0000 0000 0000 0000 0049 0000 0000 0000 0000 004A 0000 0000
0000 0000 0000 0000 0000 0000 0000 0000 0000 002B 0000 0000 0000 0000 0000 0000 0000 0000 0000 0000 0000 0000 0000 0000 0069 0000 0000 0000 0000 006A 0000 0000
0000 0000 0000 0000 0000 0000 0000 0000 0000 0000 004C 0000 0000 0000 0000 0000 0000 0000 0000 0000 0000 0000 0000 0000 0000 0000 0000 0000 0000 0000 0000 0000
0000 0000 0000 0000 0032 0033 0034 0000 0000 0000 0000 006D 0000 0000 0000 0000 0000 0000 0000 0000 0000 0000 0000 0000 0000 0000 0037 0000 0000 0000 0000 0000
0000 0000 0050 0051 0052 0053 0054 0000 0000 0000 0000 0000 008E 0000 0000 0000 0000 0000 0000 0000 0000 0000 0000 0000 0000 0000 0057 0058 0000 0000 0000 0000
0000 0000 0070 0071 0072 0073 0074 0075 0000 0000 0000 0000 0000 00AF 0000 0000 0000 0000 0000 0000 0000 0000 0000 0000 0000 0076 0000 0000 0000 0000 0000 0000
0000 0000 0000 0000 0092 0093 0094 0095 0000 0000 0000 0000 0000 0000 0000 0000 0000 0000 0000 0000 0000 0000 0000 0000 0000 0000 0000 0000 0000 0000 0000 0000
0000 0000 0000 0000 0000 0000 0000 0000 0000 0000 0000 0000 0000 0000 0000 0000 0000 0000 0000 0000 0000 0000 003B 0000 0000 0000 0000 0000 0000 0000 0000 0000
0000 0000 0000 0000 0000 0000 0000 0000 0000 0000 0000 0000 0000 0000 003D 003E 003F 0000 0000 0000 0000 005A 0000 005C 0000 0000 0000 0000 0000 0000 0000 0000
0000 0000 0000 0000 0000 0000 0000 0000 0000 0000 0000 0000 0000 0000 005D 005E 005F 0000 0000 0000 0079 0000 007B 0000 0000 0000 0000 0000 0000 0000 0000 0000
0000 0000 0000 0000 0000 0000 0000 0000 0000 0000 0000 0000 0000 0000 0000 0000 0000 0000 0000 0000 0000 009A 0000 0000 0000 0000 0000 0000 0000 0000 0000 0000
0000 0000 0000 0000 0000 0000 0000 0000 0000 0000 0000 0000 0000 0000 0000 0000 00C0 00C1 00C2 0000 0000 0000 0000 0000 0000 0000 0000 0000 0000 0000 0000 0000
0000 0000 0000 0000 0000 0000 0000 0000 0000 0000 0000 0000 0000 0000 0000 0000 00E0 00E1 00E2 00E3 0000 0000 0000 0000 0000 0000 0000 0000 0000 0000 0000 0000
0000 0000 0000 0000 0000 0000 0000 0000 0000 0000 0000 0000 0000 0000 0000 0000 0000 0101 0102 0103 0104 0105 0106 0000 0000 0000 0000 0000 0000 0000 0000 0000
0000 0000 0000 0000 0000 0000 0000 0000 0000 0000 0000 0000 0000 0000 0000 0000 0000 0000 0000 0000 0000 0000 0000 0000 0000 00CC 00CD 00CE 00CF 00D0 00D1 00D2
00D3 00D4 00D5 00D6 0000 0000 0000 0000 0000 0000 0000 0000 0000 0000 0000 0000 0000 0000 0000 0000 0000 0000 0000 0000 0000 00EC 00ED 00EE 00EF 00F0 00F1 00F2
00F3 00F4 00F5 00F6 00F7 0000 0000 0000 0000 0000 0000 0000 0000 0000 0000 0000 0000 0000 0000 0000 0107 0108 0109 0000 0000 010C 010D 010E 010F 0110 0111 0112
0113 0000 0000 0000 0000 0000 0000 0000 0000 0000 0000 0000 0000 0000 0000 0000 0000 0000 0000 0000 0127 0128 0129 012A 012B 012C 0000 012E 012F 0130 0131 0132
0000 0000 0000 0000 0000 0000 0000 0000 0000 0000 0000 0000 0000 0000 0000 0000 0000 0000 0000 0000 0000 0000 0149 014A 014B 014C 0000 0000 0000 0000 0000 0000
0000 0000 0000 0000 0000 0000 0000 0000 0000 0000 0000 0000 0000 0000 0000 0000 0000 00D9 00DA 00DB 0000 0000 0000 016A 016B 016C 0000 0000 0000 0000 0000 0000
0000 0000 0000 0000 0000 0000 0000 01C5 01C6 01C7 0000 0000 0000 0000 0000 0000 0000 00F9 00FA 00FB 0000 0000 0189 018A 018B 018C 018D 018E 0000 0000 0000 0000
0000 0000 0000 0000 0000 0000 01E4 01E5 01E6 01E7 0000 0000 0000 0000 0000 0000 0118 0119 011A 0000 0000 0000 01A9 01AA 01AB 0000 0000 0000 0000 0000 0000 0000
0000 0000 0000 0000 0000 0000 0204 0205 0206 0000 0000 0000 0000 0000 0000 0000 0138 0139 013A 0000 0000 0000 0000 0000 0000 0000 0000 0000 0000 0000 0000 0000
0000 0000 0000 0000 0222 0223 0224 0000 0000 0000 0000 0000 0000 0000 0000 0000 0000 0000 0000 0000 01C8 01C9 01CA 0000 0000 0000 0000 0000 0000 0000 0000 0000
0000 0000 0000 0000 0242 0243 0244 0000 0000 0000 01CD 0000 0000 01CE 01CF 01D0 0000 0000 0000 0000 01E8 01E9 01EA 0000 0000 0000 0000 0000 0000 0000 0000 0000
0000 0000 0260 0261 0262 0000 0000 0000 0000 0000 0000 0000 0000 01EE 01EF 01F0 0000 0000 0000 0000 0000 0000 020A 020B 020C 0000 0000 0000 0000 0000 0000 0000
0000 0000 0280 0281 0282 0000 0000 0000 01D1 01D2 01D3 0000 0000 0000 0000 0000 0000 0000 0000 0000 0000 0000 022A 022B 022C 0000 0000 0000 0000 0000 0000 0000
0000 0000 0000 0000 0000 0000 0000 0000 0000 0000 0000 0000 0000 02A7 02A8 02A9 02AA 02AB 02AC 0000 0000 0000 0000 0000 0000 0000 0000 0000 0000 0000 0000 0000
02AD 02AE 02AF 0000 0000 0000 0000 0000 0000 02C3 02C4 02C5 02C6 02C7 02C8 02C9 0000 0000 0000 0000 0000 0000 0000 0000 0000 0000 0000 0000 0000 0000 0000 0000
02CD 02CE 02CF 02D0 0000 0000 02E0 02E1 02E2 0000 0000 0000 0000 02E7 02E8 02E9 0000 0000 0000 0000 0000 0000 0000 0000 0000 0000 0000 0000 0000 0000 02B1 02B2
02ED 02EE 02EF 02F0 0000 0000 0300 0301 0302 0303 0304 0000 0000 0307 0308 0309 0000 0000 0000 0000 0000 0000 0000 0000 0000 0000 0000 0000 0000 0000 02D1 02D2
