ATARI GAUNTLET MOTION OBJECT 16X16 TILEMAP
SOURCE: level-033.png
GRID: 32 X 32
TILE_SIZE: 16 X 16
ATLAS_TILES: 704
UNIQUE_PIXEL_TILES: 139
CONNECTED_OBJECT_GROUPS: 25

0000 0000 0000 0000 0000 0000 0000 0000 0000 0000 0000 0000 0000 0000 0020 0021 0022 0000 0000 0000 0000 0000 0000 0000 0000 0000 0000 0000 0000 0000 0000 0000
0000 0000 0000 0000 0000 0000 0000 0000 0000 0000 0000 0000 0000 0000 0040 0041 0042 0000 0000 0023 0024 0025 0000 0000 0000 0000 0000 0000 0000 0000 0000 0000
0000 0000 0000 0000 0000 0000 0000 0000 0000 0000 0000 0000 0000 0000 0000 0000 0000 0000 0000 0000 0000 0000 0000 0000 0000 0000 0000 0000 0000 0000 0000 0000
0000 0000 0000 0000 0000 0000 0000 0000 0000 0000 0000 0000 0000 0000 0000 0000 0000 0000 0000 0000 0028 0029 002A 002B 002C 002D 002E 002F 0030 0031 0032 0033
0034 0035 0036 0000 0000 0000 0000 0037 0038 0039 0000 0000 0000 0000 0000 0000 0000 0000 0046 0047 0048 0049 004A 004B 004C 004D 004E 004F 0050 0051 0052 0053
0054 0055 0056 0000 0000 0000 0000 0057 0058 0059 0000 0000 0000 0000 0000 0000 0000 0000 0066 0067 0068 0000 0000 0000 0000 0000 0000 0000 0000 0000 0072 0073
0074 0000 0000 0000 0000 0000 0000 0000 0000 0000 0000 00A6 00A7 00A8 00A9 00AA 00AB 0000 0000 0000 0000 0000 0000 0000 0000 0000 0000 0000 0000 0000 0092 0093
0000 0000 0000 0000 0000 0000 0000 0000 00C3 00C4 00C5 00C6 00C7 00C8 00C9 00CA 00CB 0000 0000 0000 0000 0000 0000 0000 0000 0000 0000 0000 0000 0000 0000 0000
0000 0000 0000 0000 0000 00E0 00E1 00E2 0000 0000 0000 0000 0000 0000 0000 0000 0000 0000 0000 0000 0000 0000 0000 0000 0000 0000 0000 0000 0000 0000 0000 0000
0000 0000 0000 0000 0000 0000 0000 0000 0000 0000 0000 0000 0000 0000 0000 0000 0000 0000 0000 0000 0000 0000 0000 0000 0000 0000 0000 0000 0000 0000 0000 0000
0000 0000 0000 00AC 00AD 00AE 0000 0000 0000 0000 0000 0000 0000 0000 0000 0000 0000 0000 0000 0000 0000 0000 0000 0000 0000 0000 0000 0000 0000 0000 0000 0000
0000 0000 0000 0000 0000 0000 0000 0000 0000 0000 0000 0000 0000 0000 0000 0000 0000 0000 0000 0000 0000 0000 0000 0000 0000 0000 0000 0000 0000 0000 0000 0000
0000 00B0 00B1 0000 0000 0000 0000 0000 0000 0000 0000 0000 0000 0000 0000 0000 0000 0000 0000 0000 0000 0000 0000 0000 0000 0000 0000 0000 0000 0000 0000 0000
00CF 00D0 00D1 0000 0000 0000 0000 0000 0000 0000 0000 0000 0000 0000 0000 0000 00B8 00B9 00BA 0000 0000 0000 0000 0000 01E3 01E4 01E5 01E6 0000 0000 0000 0000
0000 00F0 00F1 0000 00F3 00F4 00F5 00F6 00F7 0000 0000 0000 0000 0000 0000 0000 00D8 00D9 00DA 0000 0000 0200 0201 0202 0203 0204 0205 0206 0000 0000 01E7 01E8
010F 0110 0111 0000 0113 0114 0115 0116 0117 0000 0000 0000 0000 0000 0000 0000 0000 0000 0000 0000 0000 0000 0000 0000 0000 0000 0000 0000 0000 0000 0000 0000
0000 0130 0131 0000 0000 0000 0135 0136 0000 0000 0000 0000 0000 0000 0000 0000 0000 0000 0000 0000 0000 0000 0000 0000 0000 0000 0000 0000 0000 0000 0000 0000
014F 0150 0151 0000 0000 0154 0155 0000 0000 0000 0000 0000 0000 01E9 01EA 01EB 0000 0000 0000 0000 0000 0000 0000 0000 0000 0000 0000 0000 0000 0000 0000 0000
016F 0170 0171 0000 0173 0174 0000 0000 0000 0000 0000 0000 0000 0209 020A 020B 0000 0000 01EC 01ED 01EE 0000 0000 0000 0000 0000 0000 0000 0000 0000 0000 0000
018F 0190 0191 0192 0000 0000 0195 0196 0197 0000 0000 0000 0000 0229 022A 022B 0000 0000 020C 020D 020E 020F 0210 0211 0000 0000 01F2 0000 01F3 01F4 01F5 0000
0000 0000 0000 0000 0000 01B4 01B5 01B6 01B7 0000 0000 0000 0000 0249 024A 024B 0000 0000 0000 0000 0000 0000 0000 0000 0000 0000 0000 0000 0000 0000 0000 0000
0000 0000 0000 0000 0000 01D4 01D5 01D6 0000 0000 0000 0000 0000 0000 0000 0000 0000 0000 0000 0000 0000 0000 0000 0000 0000 0000 0000 0000 0000 0000 0000 0000
01F6 0000 0000 0000 0000 0000 0000 0000 0000 0000 0000 0000 0000 0000 0000 0000 0000 0000 0000 0000 0000 0000 0000 0000 0000 0000 0000 0000 0000 01F9 01FA 01FB
0216 0000 0000 0000 0000 0000 0000 0000 0000 0000 0000 0000 0000 0000 0000 0000 0000 0000 0000 0000 0000 0260 0261 0262 0000 0000 0000 0000 0000 0219 021A 021B
0236 0237 0238 0000 0000 0000 0000 0000 0000 0000 0000 0266 0267 0268 0000 0000 0000 0000 0000 0000 0000 0280 0281 0282 0000 0000 0000 0000 0000 0000 0000 0000
0256 0257 0258 0000 0000 0000 0000 0000 0000 0000 0000 0000 0000 0000 0000 0000 0000 0000 0000 0000 0000 0000 0000 0000 02A3 02A4 02A5 0000 0269 0000 0000 0000
0000 0000 0000 0000 0000 0000 0000 0000 0000 0000 0000 0000 0000 0000 0000 0000 0000 0000 0000 0000 0000 0000 0000 0000 0000 0000 0000 0000 0000 0000 0000 026A
026B 0000 0000 0000 0000 0000 0000 0000 0000 0000 0000 0000 0000 0000 0000 0000 0000 0000 0000 0000 0000 0000 0000 0000 0000 0000 0000 0000 0000 0000 0000 028A
0000 0000 0000 0000 0000 0000 0000 0000 0000 0000 0000 0000 0000 0000 0000 0000 0000 0000 0000 0000 0000 0000 0000 0000 0000 0000 0000 0000 0000 0000 0000 0000
0000 0000 0000 0000 0000 0000 0000 0000 0000 0000 0000 0000 0000 0000 0000 0000 0000 0000 0000 0000 0000 0000 0000 0000 0000 0000 0000 0000 0000 0000 0000 0000
0000 026C 026D 026E 026F 0270 0271 0000 0000 0000 0000 0272 0273 0274 0275 0276 0000 0000 0000 0000 0000 0000 0000 0000 0000 0000 0000 0277 0278 0279 0000 0000
0000 028C 028D 028E 028F 0290 0291 0000 0000 0000 0000 0292 0293 0294 0295 0296 0000 0000 0000 0000 0000 0000 0000 0000 0000 0000 0000 0297 0298 0299 0000 0000
