ATARI GAUNTLET PLAYFIELD 16X16 TILEMAP
SOURCE: level-008-playfield.png
GRID: 32 X 32
TILE_SIZE: 16 X 16
UNIQUE_TILES: 45

0000 0001 0002 0002 0002 0002 0002 0002 0002 0002 0003 0001 0002 0002 0002 0003 0001 0002 0002 0002 0002 0002 0002 0003 0001 0002 0002 0002 0002 0002 0002 0002
0004 0005 0006 0007 0008 0009 0006 0007 0008 0009 0004 000A 0008 0009 0006 0004 000B 0009 0006 0007 0008 0009 0006 0004 000B 0009 0006 0007 0008 0009 0006 0007
0004 000B 0009 0006 0007 000C 000D 0006 0007 0008 0004 000E 0007 0008 0009 0004 000A 0008 0009 0006 0007 0008 0009 0004 000A 0008 0009 0006 0007 0008 0009 0006
000F 000A 0008 0009 0006 0010 000B 0009 0006 0007 0004 0005 0006 0007 0008 0004 000E 0007 0008 0011 0012 0007 0008 0004 000E 0007 0008 0011 0013 0014 0015 0016
0017 000E 0007 0008 0009 0004 000A 0008 0009 0006 0004 000B 0009 0006 0007 0004 0005 0006 0007 0010 0005 0006 0007 0004 0005 0006 0007 0018 0001 0002 0002 0002
0004 0005 0006 0007 0008 0004 000E 0007 0008 0009 0004 000A 0008 0009 0006 0004 000B 0009 0006 0004 000B 0009 0006 0004 000B 0009 0006 0004 000B 0009 0006 0007
0004 000B 0009 0006 0007 0004 0005 0006 0007 0008 0004 000E 0007 0008 0009 0004 000A 0008 0009 0004 000A 0008 0009 0004 000A 0008 0009 0004 000A 0008 0009 0006
0004 000A 0008 0009 0006 0004 000B 0009 0006 0007 0004 0005 0006 0007 0008 0004 000E 0007 0008 0004 000E 0007 0008 0004 000E 0007 0008 0019 001A 0007 0008 0009
0004 000E 0007 0008 0009 0004 000A 0008 0009 0006 0004 000B 0009 0006 0007 0004 0005 0006 0007 0004 0005 0006 0007 0004 0005 0006 0007 0008 0009 001B 001C 0008
0004 0005 0006 0007 0008 0004 000E 0007 0008 0009 0004 000A 0008 0009 0006 0004 000B 0009 0006 0004 000B 0009 0006 0004 000B 0009 0006 0007 0008 0010 000E 0007
0004 000B 0009 0006 0007 0004 0005 0006 0007 0008 0004 000E 0007 0008 0009 0004 000A 0008 0009 0004 000A 0008 0009 0004 001D 0015 0016 0013 0014 000F 0005 0006
0004 000A 0008 0009 0006 0004 000B 0009 0006 0007 0019 001E 0006 0007 0008 0004 000E 0007 0008 0004 000E 0007 0008 001F 0002 0002 0002 0002 0002 0020 0021 0009
0004 000E 0007 0008 0009 0004 000A 0008 0009 0006 0007 0008 0009 0006 0007 0004 0005 0006 0007 0004 0005 0006 0007 0008 0009 0006 0007 0008 0009 0006 0007 0008
0004 0005 0006 0007 0008 0004 000E 0007 0008 0009 0006 0007 0008 0009 0006 0004 000B 0009 0006 0004 000B 0009 0006 0007 0008 0009 0006 0007 0008 0009 0006 0007
000F 000B 0009 0006 0007 0004 0005 0006 0007 0008 0011 0012 0007 0008 0009 0004 000A 0008 0009 0004 001D 0015 0016 0013 0014 0015 0016 0013 0014 0015 0016 0013
0017 000A 0008 0009 0006 0004 000B 0009 0006 0007 0010 0005 0006 0007 0008 0004 000E 0007 0008 001F 0002 0002 0002 0002 0002 0002 0002 0002 0002 0002 0002 0002
0004 000E 0007 0008 0009 0004 000A 0008 0009 0006 0004 000B 0009 0006 0007 0004 0005 0006 0007 0008 0009 0006 0007 0008 0009 0006 0007 0008 0009 0006 0007 0008
0004 0005 0006 0007 0008 0004 000E 0007 0008 0009 0004 000A 0008 0009 0006 0004 000B 0009 0006 0007 0008 0009 0006 0007 0008 0009 0006 0007 0008 0009 0006 0007
000F 000B 0009 0006 0007 0004 0005 0006 0007 0008 0004 000E 0007 0008 0009 0004 001D 0015 0016 0013 0014 0015 000D 0006 0007 000C 0016 0013 0014 0015 0016 0013
0017 000A 0008 0009 0006 0004 000B 0009 0006 0007 0004 0005 0006 0007 0008 001F 0002 0002 0002 0002 0002 0022 0021 0009 0006 0023 0002 0002 0002 0002 0002 0002
0004 000E 0007 0008 0009 0004 000A 0008 0009 0006 0004 000B 0009 0006 0007 0008 0009 0006 0007 0008 0009 0006 0007 0008 0009 0006 0007 0008 0009 0006 0007 0008
0004 0005 0006 0007 0008 0004 000E 0007 0008 0009 0004 000A 0008 0009 0006 0007 0008 0009 0006 0007 0008 0009 0006 0007 0008 0009 0006 0007 0008 0009 0006 0007
0004 000B 0009 0006 0007 0004 0005 0006 0007 0008 0004 000E 0007 0008 0009 0006 0007 0008 0009 0006 0007 0008 0009 0006 0007 0008 0009 0006 0007 0008 0009 0006
000F 000A 0008 0009 0006 0004 000B 0009 0006 0007 0019 0024 0013 0014 0015 0016 0013 0014 0015 0016 0013 0014 0015 0016 0013 0014 0015 0016 0013 0014 0015 0016
0017 000E 0007 0008 0009 0004 000A 0008 0009 0006 0007 0023 0002 0002 0002 0002 0002 0002 0002 0002 0002 0002 0002 0002 0002 0002 0002 0002 0002 0002 0002 0002
0004 0005 0006 0007 0008 0004 000E 0007 0008 0009 0006 0007 0008 0009 0006 0007 0008 0009 0006 0007 0008 0009 0006 0007 0008 0009 0006 0007 0008 0009 0006 0007
0004 000B 0009 0006 0007 0004 0005 0006 0007 0008 0009 0006 0007 0008 0009 0006 0007 0008 0009 0006 0007 0008 0009 0006 0007 0008 0009 0006 0007 0008 0009 0006
0004 000A 0008 0009 001B 0025 0026 0016 0013 0014 0015 0016 0013 0014 0015 0016 0013 0014 0015 0016 0013 0014 0015 0016 0013 0014 0015 0016 0013 0014 0027 0009
0004 000E 0007 0008 0028 0029 002A 0002 0002 0002 0002 0002 0002 0002 0002 0002 0002 0002 0002 0002 0002 0002 0002 0002 0002 0002 0002 0002 0002 0022 002B 0008
0004 0005 0006 0007 002C 0028 001A 0007 0008 0009 0006 0007 0008 0009 0006 0007 0008 0009 0006 0007 0008 0009 0006 0007 0008 0009 0006 0007 0008 0009 0006 0007
0004 000B 0009 0006 0007 0008 0009 0006 0007 0008 0009 0006 0007 0008 0009 0006 0007 0008 0009 0006 0007 0008 0009 0006 0007 0008 0009 0006 0007 0008 0009 0006
000F 001D 0015 0016 0013 0014 0015 0016 0013 0014 0015 0016 0013 0014 0015 0016 0013 0014 0015 0016 0013 0014 0015 0016 0013 0014 0015 0016 0013 0014 0015 0016
