ATARI GAUNTLET PLAYFIELD 16X16 TILEMAP
SOURCE: level-094-playfield.png
GRID: 32 X 32
TILE_SIZE: 16 X 16
UNIQUE_TILES: 62

0000 0001 0002 0002 0002 0002 0002 0002 0002 0003 0002 0002 0002 0002 0002 0002 0002 0002 0002 0002 0002 0004 0001 0002 0002 0002 0002 0002 0003 0002 0003 0002
0005 0006 0007 0008 0009 000A 0007 0008 0009 000B 0007 0008 0009 000A 0007 0008 0009 000B 0007 0008 0009 0005 000C 0008 0009 000B 0007 0008 0009 000B 0007 0008
0005 000D 000B 0007 0008 0009 000B 0007 0008 0009 000B 0007 0008 0009 000B 0007 0008 0009 000E 000F 0008 0005 0006 0007 0008 0009 000B 0007 0008 0009 000B 0007
0005 0010 0009 000B 0007 0008 0009 000B 0007 0008 0009 000B 0007 0008 0009 000B 0007 0008 0011 0006 0007 0005 000D 000B 0007 0008 0012 000B 0007 0008 0009 000B
0005 000C 0008 0009 000B 0007 0008 0009 000B 0007 0008 0012 000B 0007 0008 0009 000B 0007 0005 000D 000B 0005 0010 0009 000B 0007 0008 0009 000B 0007 0008 0009
0005 0006 0013 0014 0015 0016 0017 0014 0015 0016 0017 0014 0015 0016 0017 0014 0018 000B 0005 0010 0009 0005 000C 0008 0009 000B 0007 0008 0009 000B 0007 0008
0005 000D 0019 0001 0002 0004 0001 0002 0002 0002 0002 0002 0002 0002 0002 001A 001B 0009 0005 000C 0008 0005 0006 0007 0008 0009 000B 0007 0008 0012 000B 0007
0005 0010 0005 0006 0007 0005 000D 000B 0007 0008 0009 000B 0007 0008 0009 000B 0007 0008 0005 0006 0007 001C 001D 000B 0007 0008 0009 000B 0007 0008 0009 000B
0005 000C 0005 000D 000B 0005 0010 0009 000B 0007 0008 0009 000B 0007 0008 0009 000B 0007 0005 001E 000B 0007 0008 0009 000B 0007 0008 0009 000B 0007 0008 0009
0005 0006 0005 001F 0015 0020 000C 0008 0009 000B 0007 0008 0009 000B 0007 0008 0009 000B 0005 0010 0009 000B 0007 0008 0009 000B 0007 0008 0009 000B 0007 0021
0005 000D 0022 0002 0002 0023 0024 0007 0008 0012 000B 0007 0008 0009 000B 0007 0008 0009 0005 000C 0008 0009 000B 0025 0008 0009 000B 0025 0008 0009 000B 0007
0005 0010 0009 000B 0007 0008 0009 000B 0007 0008 0009 000B 0007 0008 0009 000B 0007 0008 0005 0006 0007 0008 0009 000B 0007 0008 0009 000B 0007 0008 0009 000B
0005 0026 0008 0009 000B 0007 0008 0009 000B 0007 0008 0009 000B 0007 0008 0009 000B 0007 0005 000D 000B 0007 0008 0009 000B 0007 0008 0009 000B 0007 0008 0009
0005 0006 0007 0008 0009 000B 0007 0008 0009 000B 0007 0008 0009 000B 0007 0008 0009 000B 0005 0010 0009 000B 0007 0008 0009 000B 0007 0021 0009 000B 0007 0008
0005 000D 000B 0007 0008 0009 000B 0007 0008 0009 000B 0007 0008 0012 000B 0007 0008 0009 0005 000C 0027 0009 000B 0025 0008 0009 000B 0007 0008 0009 000B 0007
0005 0010 0009 000B 0007 0008 0009 000B 0007 0021 0009 000B 0007 0008 0009 000B 0007 0008 0005 0006 0007 0008 0009 000B 0007 0008 0009 000B 0007 0008 0009 000B
0005 000C 0008 0009 000B 0007 0008 0009 000B 0007 0008 0009 000B 0007 0008 0009 000B 0007 0005 000D 000B 0007 0008 0009 000B 0007 0008 0009 000B 0007 0008 0009
0005 0006 0007 0008 0009 000B 0007 0008 0009 000B 0007 0008 0009 000B 0007 0008 0009 000B 0005 0010 0009 000B 0007 0008 0009 000B 0007 0008 0009 000A 0007 0008
0020 0028 0016 0017 0014 0015 0016 000F 0008 0029 0016 0017 0014 0015 0016 0017 0014 0015 0020 002A 0014 0015 002B 0017 0014 0015 0016 0017 0014 0015 0016 0017
0000 0001 0002 0002 0002 0002 001A 0024 0007 0019 0001 0002 0002 0002 0002 0002 0002 0002 0000 0001 0002 0004 0001 0002 0002 0002 0002 0002 0002 0002 0002 0002
0005 000C 0008 0009 000B 0007 0008 0009 000B 0005 0010 0009 000B 0007 0008 0029 0016 0017 0020 0028 0016 0020 0010 0009 000B 0007 0008 0009 000B 0007 0021 0009
0005 0006 0007 0008 0009 000B 0007 0008 0009 0005 000C 0008 0009 000B 0007 002C 0002 0002 0000 0001 0002 0023 002D 0008 0009 000B 0007 0008 0009 000B 0007 0021
0005 000D 000B 0007 0008 0009 000B 0007 0008 0005 0006 0025 0008 0009 000B 0007 0008 0009 0005 000C 0008 0009 000B 0007 0008 0009 000B 0007 0008 0009 000B 0007
0005 0010 0009 000B 0007 0008 0009 000A 0007 0005 000D 000B 0007 0008 0009 000B 0007 0021 0005 0006 0007 0008 0012 000B 0007 0008 0009 000B 0013 002E 0018 000B
0005 000C 0008 0012 000B 0007 0008 0009 000B 001C 001B 0009 000B 0013 0014 0015 002F 0007 0005 000D 000B 0007 0008 0029 0016 0017 0030 0009 0031 0032 0010 0009
0005 0006 0007 0008 0012 000B 0007 0008 0009 000B 0007 0008 0009 0019 0001 0033 000D 000B 0005 0010 0009 000B 0007 0019 0001 0033 000C 0008 0034 0035 000C 0008
0005 000D 000B 0007 0008 0009 000B 0007 0008 0029 002F 0007 0008 0005 0036 0020 0010 0009 0005 000C 0008 0009 000B 0005 001F 0020 0006 0007 0034 0035 0037 0025
0005 0010 0009 000B 0007 0008 0009 000B 0007 0011 000D 000B 0007 0022 0002 0023 002D 0008 0005 0006 0007 0008 0009 0022 0002 0023 001D 000B 0034 0035 000D 000B
0005 000C 0008 0009 000B 0007 0008 0009 000B 0005 0010 0009 000B 0007 0008 0009 000B 0007 0005 000D 000B 0007 0008 0009 000B 0007 0021 0009 0034 0035 0010 0009
0020 0006 0007 0008 0009 000B 0007 0008 0009 0005 000C 0008 0009 000B 0007 0008 0009 000B 001C 001B 0009 000B 0007 0008 0009 000B 0007 0008 0038 0039 003A 002E
003B 000D 000B 0007 0008 0009 000B 0007 0008 0005 0006 0007 0021 0009 000B 0007 0008 0009 000B 0007 0008 0012 000B 0007 0008 0009 000B 0007 0005 000D 0019 0001
0020 001F 0015 0016 0017 0014 0015 0016 0017 0020 0028 002B 0017 0014 0015 0016 0017 0014 0015 0016 0017 0014 0015 0016 003C 0014 0015 0016 0020 001F 0020 003D
