ATARI GAUNTLET MOTION OBJECT 16X16 TILEMAP
SOURCE: level-064.png
GRID: 32 X 32
TILE_SIZE: 16 X 16
ATLAS_TILES: 576
UNIQUE_PIXEL_TILES: 158
CONNECTED_OBJECT_GROUPS: 31

0020 0021 0022 0000 0000 0000 0000 0000 0000 0000 0000 0000 0000 0000 0000 0000 0000 0000 0000 0000 0000 0000 0000 0000 0025 0026 0027 0028 0029 002A 002B 002C
0040 0041 0042 0000 0000 0000 0000 0000 0000 0000 0000 0000 0000 0000 0000 002D 002E 002F 0000 0000 0000 0000 0000 0044 0045 0046 0047 0048 0049 004A 004B 004C
0060 0000 0062 0063 0000 0000 0000 0000 0000 0000 0000 0000 0000 0000 0000 004D 004E 004F 0000 0000 0000 0000 0000 0064 0065 0066 0067 0068 0069 006A 006B 006C
0080 0000 0000 0000 0000 0000 0000 0000 0000 0000 0000 0000 0000 0000 0000 0000 0000 0000 0000 0000 0000 0000 0000 0084 0085 0086 0087 0088 0089 008A 008B 008C
0000 0000 0000 0000 0000 0000 0000 0000 0030 0031 0032 0000 0033 0034 0035 0000 0000 0000 0000 0000 0000 0000 0000 0000 0000 0000 0000 00A8 00A9 00AA 0000 0000
0000 0000 0000 0000 0000 0000 0000 0000 0050 0051 0052 0000 0053 0054 0055 0000 0000 0000 0000 0000 0000 0000 0000 0000 0000 0000 0000 00C8 00C9 00CA 00CB 00CC
0000 0000 0000 0000 0000 0000 0000 0000 0000 0000 0000 0000 0000 0000 0000 0000 0000 0000 0000 0000 0000 0000 0000 0000 0000 0000 0000 0000 0000 00EA 00EB 00EC
0000 0000 0000 0000 0000 0000 0000 0000 0000 0000 0000 0000 0000 0000 0000 0000 0000 0000 0000 0000 0000 0000 0000 0000 0000 0000 0000 0000 0000 0000 0000 0000
0000 0000 0000 0000 0036 0037 0038 0000 0000 0000 0000 0000 0000 0000 0000 0000 0000 0000 0000 0000 0000 0039 0000 0000 0000 0000 0000 0000 0000 0000 0000 0000
0000 0000 0000 0000 0056 0057 0058 0000 0000 0000 0000 0000 003A 003B 003C 0000 0000 0000 0000 0000 0000 0000 0000 0000 0000 0000 0000 0000 0000 0000 0000 0000
0000 0000 0000 0000 0000 0000 0000 0000 0000 0000 0000 0000 0000 0000 0000 0000 0000 0000 0000 0000 0000 0000 0000 0000 0000 0000 0000 0000 0000 0000 0000 0000
0000 0000 0000 0000 0101 0102 0103 0000 0000 0000 0107 0000 0000 0000 0000 0000 0000 0000 0108 0000 0000 0000 0000 0000 0000 0109 010A 010B 010C 010D 0000 0000
0000 0000 0000 0000 0121 0122 0123 0124 0125 0126 0000 0000 0000 0000 0000 0000 0000 0000 0000 0000 0000 0000 0000 0000 0000 0129 012A 012B 012C 012D 0000 0000
0000 0000 0000 0140 0141 0142 0000 0144 0145 0146 0000 010E 010F 0110 0000 0000 0000 0000 0114 0115 0116 0000 0000 0000 0000 0000 0000 0000 0000 0000 0000 0000
0000 0000 0000 0160 0161 0162 0000 0000 0000 0000 0000 0000 0000 0000 0000 0131 0132 0133 0134 0135 0000 0000 0000 0000 0000 0000 0000 0000 0000 0000 0000 0000
0118 0000 0000 0000 0000 0000 0000 0000 0000 0000 0000 0000 0000 0000 0000 0000 0152 0000 0000 0155 0156 0157 0000 0000 0000 0000 0000 0000 0000 0000 011A 011B
0000 0000 011C 011D 011E 0000 0000 0000 0000 0000 0000 0000 0000 0000 0000 0171 0172 0173 0000 0000 0000 0000 0000 0000 0000 0000 0000 0000 0000 0139 013A 013B
011F 0000 0000 0000 0000 0000 0000 0000 0000 0000 0000 0000 0000 0000 0000 0000 0000 0000 0000 0000 0181 0182 0183 0184 0185 0186 0000 0000 0000 0000 015A 015B
0000 0000 0000 0000 0000 0000 0000 0000 0000 0000 0000 0187 0188 0189 0000 0000 0000 0000 0000 0000 01A1 01A2 01A3 01A4 0000 0000 0000 0000 0000 0000 0000 0000
0000 0000 0000 0000 018D 018E 018F 0000 0000 0000 0000 01A7 01A8 01A9 0000 0000 0000 0000 0000 01C0 01C1 01C2 01C3 01C4 0000 0000 0000 0000 0000 0000 0000 0000
0000 0000 0000 0000 01AD 01AE 01AF 0000 0000 0000 0000 0000 0000 0000 01CA 01CB 01CC 0000 0000 0000 0000 0000 0000 0000 0000 0000 0000 0000 0000 0000 0000 0000
0000 0000 0000 0000 0000 0000 0000 0000 0000 0000 0000 0000 0000 0000 0000 0000 0000 0000 0000 0000 0000 0000 0000 0000 0000 0000 0000 0000 0000 0000 0000 0000
0000 0000 0000 0000 0194 0195 0196 0000 0000 0000 0000 0000 0000 0000 0000 0000 0000 0197 0000 0000 0000 0000 0000 0000 0000 0000 0000 0000 0198 0199 019A 019B
01B0 01B1 01B2 01B3 01B4 01B5 01B6 0000 0000 0000 0000 0000 019D 0000 0000 0000 0000 0000 0000 0000 0000 0000 0000 0000 0000 0000 0000 0000 01B8 01B9 01BA 01BB
01D0 01D1 01D2 01D3 01D4 01D5 0000 0000 0000 0000 0000 01BC 01BD 01BE 0000 0000 0000 0000 01E0 01E1 01E2 0000 0000 0000 0000 0000 0000 0000 0000 0000 0000 0000
0000 0000 0000 0000 0000 0000 0000 0000 0000 0000 0000 0000 0000 0000 0000 0000 0000 0000 0200 0201 0202 0000 0000 0000 0000 0000 0000 0000 0000 0000 0000 0000
0000 0000 01E3 01E4 01E5 0000 0000 0000 0000 0000 0000 0000 0000 0000 0000 0000 0000 0000 0000 0000 0000 0000 0000 0000 0000 01E6 01E7 01E8 0000 0000 0000 0000
0000 0000 0203 0204 0205 0000 0000 0000 0000 0000 0000 0000 0000 0000 0000 0000 0000 0000 0000 0000 0000 0000 0000 0000 0000 0206 0207 0208 0000 0000 0000 0000
0000 0000 0000 0000 0000 0000 0000 0000 0000 0000 0000 0000 0000 0000 0000 0000 0000 0000 0000 0000 0000 0000 0000 0000 0000 0000 0000 0000 0000 0000 0000 0000
0000 0000 01E9 01EA 01EB 0000 0000 0000 0000 0000 0000 0000 0000 0000 0000 0000 0000 0000 0000 0000 0000 0000 0000 0000 0000 0000 0000 01EC 01ED 01EE 01EF 01F0
01F1 0000 0209 020A 020B 0000 0000 0000 0000 0000 0000 0000 0000 0000 0000 0000 01F2 01F3 01F4 0000 0000 0000 0000 0000 0000 0000 0000 020C 020D 020E 020F 0210
0000 0000 0229 0000 0000 0000 0000 0000 0000 0000 0000 0000 0000 0000 0000 0000 0212 0213 0214 0000 0000 0000 0000 0000 0000 0000 0000 0000 0000 0000 0000 0230
