ATARI GAUNTLET PLAYFIELD 16X16 TILEMAP
SOURCE: level-102-playfield.png
GRID: 32 X 32
TILE_SIZE: 16 X 16
UNIQUE_TILES: 46

0000 0001 0002 0002 0002 0002 0002 0002 0003 0001 0002 0002 0004 0002 0002 0002 0004 0002 0002 0002 0002 0002 0002 0002 0002 0002 0002 0002 0002 0002 0002 0002
0005 0006 0007 0008 0009 000A 0007 0008 0005 0006 0007 0008 0009 000A 0007 0008 0009 000A 0007 0008 0009 000A 0007 0008 0009 000A 0007 0008 0009 000A 0007 0008
0005 000B 000A 0007 0008 0009 000A 0007 0005 000B 000A 0007 0008 0009 000A 0007 0008 0009 000A 0007 0008 0009 000A 0007 0008 0009 000A 0007 0008 0009 000A 0007
0005 000C 0009 000A 000D 000E 000F 0010 0011 000C 0009 000A 000D 0012 0009 000A 000D 000E 000F 0010 0013 000E 000F 0010 0013 000E 000F 0010 0013 0012 0009 000A
0005 0014 0008 0009 0015 0002 0002 0002 0016 0017 0008 0009 0018 0014 0008 0009 0015 0002 0002 0002 0002 0002 0002 0002 0002 0002 0002 0002 0019 0017 0008 0009
0005 0006 0007 0008 0009 000A 0007 0008 0009 000A 0007 0008 0005 0006 0007 0008 0009 000A 0007 0008 0009 000A 0007 0008 0009 001A 001B 0008 0009 000A 0007 0008
0005 000B 000A 0007 0008 0009 000A 0007 0008 0009 000A 0007 0005 000B 000A 0007 0008 0009 000A 0007 0008 0009 000A 0007 0008 0018 0006 0007 0008 0009 000A 0007
0011 001C 000F 0010 0013 000E 000F 0010 0013 000E 000F 0010 0011 000C 0009 000A 000D 000E 000F 0010 0013 000E 000F 0010 0013 0011 001D 0010 0013 000E 000F 0010
0000 0001 0002 0002 0002 0002 0002 0002 0002 0002 0002 0002 0016 0017 0008 0009 001E 0001 0002 0002 0003 0001 0002 0002 0002 0004 0002 0002 0002 0002 0002 0002
0005 0006 0007 0008 0009 000A 0007 0008 0009 000A 0007 0008 0009 000A 0007 0008 0005 0006 0007 0008 0005 0006 0007 0008 0009 000A 0007 0008 001F 0020 0007 0008
0005 000B 000A 0007 0008 0009 000A 0007 0008 0009 000A 0007 0008 0009 000A 0007 0005 000B 000A 0007 0005 000B 000A 0007 0008 0009 000A 0007 0018 001D 0020 0021
0011 000C 0009 000A 000D 000E 000F 0010 0013 000E 000F 0010 0013 000E 000F 0010 0011 000C 0009 000A 0005 001C 000F 0010 0013 000E 000F 0010 0022 0023 001D 0010
0024 0014 0008 0009 001E 0001 0002 0002 0002 0002 0002 0002 0002 0002 0002 0002 0016 0017 0008 0009 0025 0002 0002 0002 0002 0002 0002 0002 0026 0027 0002 0002
0005 0006 0007 0008 0005 0006 0007 0008 0009 000A 0007 0008 0009 000A 0007 0008 0009 000A 0007 0008 0009 000A 0007 0008 0009 000A 0007 0008 0009 000A 0007 0008
0005 000B 000A 0007 0005 000B 000A 0007 0008 0009 000A 0007 0008 0009 000A 0007 0008 0009 000A 0007 0008 0009 000A 0007 0008 0009 000A 0007 0008 0009 000A 0007
0005 000C 0009 000A 0005 000C 0009 000A 000D 000E 000F 0010 0013 000E 000F 0010 0013 000E 000F 0010 0013 000E 000F 0010 0013 000E 000F 0010 0013 0012 0009 000A
0005 0014 0008 0009 0005 0014 0008 0009 001E 0001 0002 0002 0002 0002 0002 0002 0002 0002 0002 0002 0002 0002 0002 0002 0002 0002 0002 0002 0019 0017 0008 0009
0005 0006 0007 0008 0028 0029 0007 0008 0005 0006 0007 0008 0009 000A 0007 0008 0009 000A 0007 0008 0009 000A 0007 0008 0009 000A 0007 0008 0009 000A 0007 0008
0005 000B 000A 0007 002A 002B 000A 0007 0005 000B 000A 0007 0008 0009 000A 0007 0008 0009 000A 0007 0008 0009 000A 0007 0008 0009 000A 0007 0008 0009 000A 0007
0011 001C 000F 0010 002C 000C 0009 000A 0005 000C 0009 000A 000D 000E 000F 0010 0013 000E 000F 0010 0013 000E 000F 0010 0013 0012 0009 000A 000D 000E 000F 0010
0000 0001 0002 0002 0024 0014 0008 0009 0005 0014 0008 0009 001E 0001 0002 0002 0002 0002 0002 0002 0002 0002 0002 0002 002D 0014 0008 0009 0015 0002 0002 0002
0005 0006 0007 0008 0005 0006 0007 0008 0005 0006 0007 0008 0005 0006 0007 0008 0009 000A 0007 0008 0009 000A 0007 0008 0005 0006 0007 0008 0009 000A 0007 0008
0005 000B 000A 0007 0005 000B 000A 0007 0005 000B 000A 0007 0005 000B 000A 0007 0008 0009 000A 0007 0008 0009 000A 0007 0005 000B 000A 0007 0008 0009 000A 0007
0005 000C 0009 000A 0005 000C 0009 000A 0005 000C 0009 000A 0005 000C 0009 000A 000D 0012 0009 000A 000D 0012 0009 000A 0005 001C 000F 0010 0013 0012 0009 000A
0005 0014 0008 0009 0005 0014 0008 0009 0005 0014 0008 0009 0005 0014 0008 0009 0018 0014 0008 0009 0018 0014 0008 0009 0025 0002 0002 0002 002D 0014 0008 0009
0005 0006 0007 0008 0005 0006 0007 0008 0028 0029 0007 0008 0005 0006 0007 0008 0005 0006 0007 0008 0005 0006 0007 0008 0009 000A 0007 0008 0005 0006 0007 0008
0005 000B 000A 0007 0005 000B 000A 0007 002A 002B 000A 0007 0005 000B 000A 0007 0005 000B 000A 0007 0005 000B 000A 0007 0008 0009 000A 0007 0005 000B 000A 0007
0005 000C 0009 000A 0005 001C 000F 0010 002C 000C 0009 001A 0011 000C 0009 000A 0005 000C 0009 000A 0005 001C 000F 0010 0013 000E 000F 0010 0011 000C 0009 000A
0005 0014 0008 0009 0025 0002 0002 0002 0016 0017 0008 0015 0024 0014 0008 0009 0005 0014 0008 0009 0025 0002 0002 0002 0002 0002 0002 0002 0016 0017 0008 0009
0005 0006 0007 0008 0009 000A 0007 0008 0009 000A 0007 0008 0028 0029 0007 0008 0005 0006 0007 0008 0009 000A 0007 0008 0009 000A 0007 0008 0009 000A 0007 0008
0005 000B 000A 0007 0008 0009 000A 0007 0008 0009 000A 0007 002A 002B 000A 0007 0005 000B 000A 0007 0008 0009 000A 0007 0008 0009 000A 0007 0008 0009 000A 0007
0011 001C 000F 0010 0013 000E 000F 0010 0013 000E 000F 0010 002C 001C 000F 0010 0011 001C 000F 0010 0013 000E 000F 0010 0013 000E 000F 0010 0013 000E 000F 0010
