ATARI GAUNTLET MOTION OBJECT 16X16 TILEMAP
SOURCE: level-101.png
GRID: 32 X 32
TILE_SIZE: 16 X 16
ATLAS_TILES: 864
UNIQUE_PIXEL_TILES: 142
CONNECTED_OBJECT_GROUPS: 12

0000 0021 0000 0000 0000 0000 0000 0000 0000 0000 0000 0000 0000 0000 0000 0000 0000 0000 0000 0000 0000 0000 0000 0000 0000 0000 0000 0000 0000 0000 0000 0022
0040 0041 0000 0000 0000 0000 0000 0000 0000 0000 0000 0000 0000 0000 0000 0000 0000 0000 0000 0000 0000 0000 0000 0000 0000 0000 0000 0000 0000 0000 0000 0042
0000 0061 0000 0000 0000 0000 0000 0000 0000 0000 0000 0000 0000 0000 0000 0000 0000 0000 0000 0000 0000 0000 0000 0000 0000 0000 0000 0000 0000 0000 0000 0062
0080 0081 0000 0000 0000 0000 0000 0000 0000 0000 0000 0000 0000 0000 0000 0000 0000 0000 0000 0000 0000 0000 0000 0000 0000 0000 0000 0000 0000 0000 0000 0082
00A0 00A1 0000 0000 0000 0000 0000 0000 0000 0000 0000 0000 0000 0000 0000 0000 0000 0000 0000 0000 0000 0000 0000 0000 0000 0000 0000 0000 0000 0000 0000 00A2
0000 0000 0000 0000 0000 0000 0000 0000 0000 0000 0000 0000 0000 0029 0000 0000 0000 0000 0000 002F 0000 0000 0000 0000 0000 0000 0000 0000 0000 0000 0000 0000
0000 0000 0000 0000 0000 0000 0000 0000 0000 0000 0000 0000 0000 0049 004A 004B 004C 004D 004E 004F 0000 0000 0000 0000 0000 0000 0000 0000 0000 0000 0000 0000
0000 0000 0000 0000 0000 0000 0000 0000 0000 0000 0000 0000 0000 0069 006A 006B 0000 006D 006E 006F 0000 0000 0000 0000 0000 0000 0000 0000 0000 0000 0000 0000
0000 0000 0000 0000 0000 0000 0000 0000 0000 0000 0000 0000 0000 0089 0000 0000 0000 0000 0000 008F 0000 0000 0000 0000 0000 0000 0000 0000 0000 0000 0000 0000
0000 0000 0000 0000 0000 0000 0000 0000 0000 0000 0000 0000 0000 00A9 0000 0000 0000 0000 0000 00AF 0000 0000 0000 0000 0000 0000 0000 0000 0000 0000 0000 0000
0000 0000 0000 0000 0000 0000 0000 0000 0000 0000 0000 0000 0000 00C9 00CA 00CB 0000 00CD 00CE 00CF 0000 0000 0000 0000 0000 0000 0000 0000 0000 0000 0000 0000
0000 0000 0000 0000 0000 0000 0000 0000 00E4 00E5 00E6 0000 0000 00E9 00EA 00EB 0000 00ED 00EE 00EF 0000 0000 00F2 00F3 00F4 0000 0000 0000 0000 0000 0000 0000
0000 0000 0000 0000 0000 0000 0000 0000 0104 0105 0106 0000 0000 0109 010A 010B 010C 010D 010E 010F 0000 0000 0112 0113 0114 0000 0000 0000 0000 0000 0000 0000
0000 0000 0000 0000 0000 0000 0000 0000 0000 0125 0126 0127 0000 0129 0000 012B 0000 012D 0000 012F 0000 0131 0132 0133 0000 0000 0000 0000 0000 0000 0000 0000
0000 0000 0000 0000 0000 0000 0000 0000 0144 0145 0146 0147 0148 0149 014A 014B 0000 014D 014E 014F 0150 0151 0152 0153 0154 0000 0000 0000 0000 0000 0000 0000
0000 0000 0000 0000 0000 0000 0000 0163 0164 0165 0166 0167 0168 0169 0000 016B 0000 016D 0000 016F 0170 0171 0172 0173 0174 0175 0000 0000 0000 0000 0000 0000
0000 0000 0000 0000 0000 0000 0000 0183 0184 0185 0000 0000 0000 0189 018A 018B 018C 018D 018E 018F 0000 0000 0000 0193 0194 0195 0000 0000 0000 0000 0000 0000
0000 0000 0000 0000 0000 0000 0000 01A3 01A4 01A5 0000 0000 0000 01A9 0000 01AB 01AC 01AD 0000 01AF 0000 0000 0000 01B3 01B4 01B5 01B6 0000 0000 0000 0000 0000
0000 0000 0000 0000 0000 0000 0000 01C3 01C4 01C5 01C6 0000 0000 01C9 01CA 01CB 0000 01CD 01CE 01CF 0000 0000 01D2 01D3 01D4 01D5 0000 0000 0000 0000 0000 0000
0000 0000 0000 0039 003A 0000 0000 01E3 01E4 01E5 01E6 01E7 0000 01E9 0000 01EB 0000 01ED 0000 01EF 0000 01F1 01F2 01F3 01F4 0000 01F6 01F7 0000 0000 0000 0000
0000 0000 0000 0059 005A 005B 0000 0000 0000 0205 0206 0207 0208 0209 020A 020B 0000 020D 020E 020F 0210 0211 0212 0213 0214 0000 0216 0217 0218 0000 0000 0000
0000 0000 0000 0000 0000 0000 0000 0000 0000 0000 0226 0227 0228 0229 022A 0000 0000 0000 022E 022F 0230 0231 0232 0000 0000 0000 0000 0000 0000 0000 0000 0000
0000 0000 0000 0000 0000 0000 0000 0000 0000 0000 0000 0000 0248 0249 024A 0000 0000 0000 024E 024F 0250 0000 0000 0000 0000 0000 0000 0000 0000 0000 0000 0000
0000 0000 0000 0000 0000 0000 0000 0000 0000 0000 0000 0000 0268 0269 026A 026B 0000 026D 026E 026F 0270 0000 0000 0000 0000 0000 0000 0000 0000 0000 0000 0000
0000 0000 0000 0000 0000 0000 0000 0000 0000 0000 0000 0000 0288 0289 028A 028B 028C 028D 028E 028F 0290 0000 0000 0000 0000 0000 0000 0000 0000 0000 0000 0000
0000 0000 0000 0000 0000 0000 0000 0000 0000 0000 003C 0000 0000 02A9 0000 0000 0000 0000 0000 0000 0000 0000 0000 0000 0000 0000 0000 0000 0000 0000 0000 0000
0000 0000 0000 0000 0000 0000 0000 0000 0000 0000 0000 0000 0000 0000 0000 02C1 0000 02C3 0000 0000 0000 0000 0000 0000 0000 0000 0000 0000 0000 0000 0000 0000
02C4 0000 0000 0000 0000 0000 0000 0000 02C9 0000 0000 0000 0000 0000 02E0 02E1 02E2 02E3 0000 0000 0000 0000 0000 0000 02CA 0000 0000 0000 0000 0000 0000 02CD
02E4 02E5 02E6 02E7 02E8 0000 0000 0000 0000 0000 0000 0000 0000 0000 0000 0301 0000 0303 0000 0000 0000 0000 0000 0000 0000 02EB 0000 0000 0000 0000 0000 02ED
0304 0305 0306 0307 0308 0000 02CE 0000 0000 0000 0000 0000 0000 0000 0320 0321 0322 0323 0000 0000 0000 0000 0000 0000 0000 0000 030C 0000 0000 0000 0000 030D
0000 0325 0326 0327 0000 0000 0000 0000 0000 0000 0000 0000 0000 0000 0000 0000 0000 0000 0000 0000 02D0 0000 0000 0000 0000 0000 0000 0000 0000 0000 0000 032D
0344 0345 0000 0000 0000 0000 0000 0000 0000 0000 0000 0000 0000 0000 0000 0000 0000 0000 0000 02EF 0000 0000 0000 0000 0000 0000 0000 0000 0000 0000 0000 034D
