ATARI GAUNTLET PLAYFIELD 16X16 TILEMAP
SOURCE: level-024-playfield.png
GRID: 32 X 32
TILE_SIZE: 16 X 16
UNIQUE_TILES: 52

0000 0001 0002 0002 0002 0002 0002 0003 0001 0002 0002 0002 0002 0002 0002 0002 0002 0003 0001 0002 0002 0002 0002 0002 0002 0002 0002 0002 0002 0003 0001 0002
0004 0005 0006 0007 0008 0009 0006 0004 000A 0009 0006 0007 0008 0009 0006 0007 0008 0004 000B 0007 0008 0009 0006 0007 0008 0009 0006 0007 0008 0004 000B 0007
0004 000A 0009 0006 0007 0008 0009 000C 000D 0008 0009 0006 000E 000F 0009 0006 0007 0004 0005 0006 0007 0008 0009 0006 0007 0008 0009 0006 0007 0004 0005 0006
0004 0010 0008 0009 0006 0007 0008 0009 0006 0007 0008 0009 0011 0010 0008 0009 0006 0004 000A 0009 0006 0007 0008 0009 0006 0007 0008 0009 0006 0004 000A 0009
0012 0013 0014 0015 0016 0017 0014 0015 0016 0017 0014 0015 0012 0013 0014 0015 0016 0012 0018 0015 0016 0017 0014 0015 0016 0017 0014 0015 0016 0012 0018 0015
0000 0001 0002 0002 0002 0002 0002 0002 0002 0002 0002 0002 0019 0002 0002 0002 0002 0019 0002 0002 0002 0002 0002 0002 0002 0002 0002 0002 0002 0019 0002 0002
0004 000A 0009 0006 0007 0008 0009 0006 0007 0008 0009 0006 0007 0008 0009 0006 0007 0008 0009 0006 0007 0008 0009 0006 0007 0008 0009 0006 0007 0008 0009 0006
0004 0010 0008 0009 0006 0007 0008 0009 0006 0007 0008 0009 0006 0007 0008 0009 0006 0007 0008 0009 0006 0007 0008 0009 0006 0007 0008 0009 0006 0007 0008 0009
0004 000B 0007 0008 0009 0006 0007 0008 0009 0006 0007 0008 0009 0006 0007 0008 0009 0006 0007 0008 0009 0006 0007 0008 0009 0006 0007 0008 0009 0006 0007 0008
0004 0005 0006 0007 0008 0009 0006 0007 0008 0009 0006 0007 0008 0009 0006 0007 0008 0009 0006 0007 0008 0009 0006 0007 0008 0009 0006 0007 0008 0009 0006 0007
0004 000A 0009 0006 000E 0015 0016 001A 0007 0008 0009 0006 0007 0008 0009 0006 0007 0008 0009 0006 0007 0008 0009 0006 0007 0008 0009 0006 0007 0008 0009 0006
0004 0010 0008 0009 001B 0001 001C 001D 0006 0007 0008 0009 0006 0007 0008 0009 001E 0014 0015 0016 0017 001F 0008 0009 0006 0007 0008 0009 0006 0007 0008 0009
0004 000B 0007 0008 0004 000B 0007 0008 0009 0006 0007 0008 0009 0006 0007 0008 0020 0002 0002 0002 0021 0022 0007 0008 0009 0006 0007 0008 0009 0006 0007 0008
0004 0005 0006 0007 0004 0005 0006 0007 0008 0009 0006 0007 0008 0009 0006 0007 0008 0009 0006 0007 0004 0023 0017 0014 0015 0016 001A 0007 0008 0009 0006 0007
0004 000A 0009 0006 0004 0024 0016 0017 0014 0015 0016 0017 0014 000F 0009 0006 0007 0008 0009 0006 0025 0001 0002 0002 0002 0021 0023 0017 0014 0015 0026 0006
0004 0010 0008 0009 0027 0002 0002 0003 0001 0002 0002 0002 0021 0010 0008 0009 0006 0007 0008 0028 0012 0010 0008 0009 0006 0027 0002 0002 0002 001C 0029 0009
0004 000B 0007 0008 0009 0006 0007 000C 001D 0006 0007 0008 0004 0013 0014 0015 0026 0006 000E 002A 002B 000B 0007 0008 0009 0006 0007 0008 0009 0006 0007 0008
0004 0023 0017 0014 0015 0016 0017 0014 000F 0009 0006 0007 0027 0002 0002 0021 000A 0028 002C 002D 0004 0005 0006 0007 002E 0016 0017 0014 0015 0016 001A 0007
0025 0001 0002 0002 0002 0002 0002 0021 0018 0015 0026 0006 0007 0008 0009 0004 0018 002F 002D 0017 0012 0024 0016 0017 0030 0001 0002 0002 0002 0021 0005 0006
0004 0010 0008 0009 0006 0007 0008 0027 0002 0021 0024 0016 001A 0007 0008 0027 0002 0019 0002 0002 0019 0002 0002 0002 0031 000D 0008 0009 0006 0004 000A 0009
0004 000B 0007 0008 0009 0006 0007 0008 0009 0027 0002 0021 0005 0006 0007 0008 0009 0006 0007 0008 0009 0006 0007 0008 0009 0006 0007 0008 0009 0004 0010 0008
0004 0005 0006 0007 0008 0009 0006 0007 0008 0009 0006 0004 000A 0009 0006 0007 0008 0009 0006 0007 002E 0026 0006 0007 0008 0009 0006 0007 0008 0004 000B 0007
0004 000A 0009 0006 0007 0008 0009 0006 0007 002E 0016 0012 0010 0008 0009 0006 0007 0008 0009 0006 0011 000A 0009 0006 0007 0008 0009 0006 0007 0004 0005 0006
0004 0010 0008 0009 0006 0007 0008 0009 001E 0030 0001 0031 0032 0007 0008 0009 0006 0007 0008 0009 0004 0010 0008 0009 0006 0007 0008 0009 0006 0004 000A 0009
0004 000B 0007 0008 0009 0006 0007 0008 001B 0033 000D 0008 0009 0006 0007 0008 0009 0006 0007 0008 0004 000B 0007 0008 0009 0006 0007 0008 0009 0004 0010 0008
0004 0005 0006 0007 0008 0028 0017 0014 0012 0023 0017 0014 0015 0016 0017 0014 0015 0016 0017 0014 0012 0005 0006 0007 0008 0009 0006 0007 0008 0004 000B 0007
0004 000A 0009 0006 0007 0020 0002 0002 0019 0002 0002 0002 0002 0002 0002 0002 0002 0002 0002 0002 0031 0029 0009 0006 0007 0008 0009 0006 0007 0004 0005 0006
0004 0010 0008 0009 0006 0007 0008 0009 0006 0007 0008 0009 0006 0007 0008 0009 0006 0007 0008 0009 0006 0007 0008 0009 0006 0007 0008 0009 0006 0004 000A 0009
0004 000B 0007 002E 0016 0017 0014 0015 0016 0017 0014 0015 0016 0017 0014 0015 0016 0017 0014 0015 0016 0017 0014 0015 0016 0017 0014 0015 0016 0012 0010 0008
0004 0005 0006 0020 0002 0002 0002 0002 0002 0002 0002 0002 0002 0002 0002 0002 0002 0002 0002 0002 0002 0002 0002 0002 0002 0002 0002 0002 0002 0031 0032 0007
0004 000A 0009 0006 0007 0008 0009 0006 0007 0008 0009 0006 0007 0008 0009 0006 0007 0008 0009 0006 0007 0008 0009 0006 0007 0008 0009 0006 0007 0008 0009 0006
0012 0018 0015 0016 0017 0014 0015 0016 0017 0014 0015 0016 0017 0014 0015 0016 0017 0014 0015 0016 0017 0014 0015 0016 0017 0014 0015 0016 0017 0014 0015 0016
