ATARI GAUNTLET PLAYFIELD 16X16 TILEMAP
SOURCE: level-022-playfield.png
GRID: 32 X 32
TILE_SIZE: 16 X 16
UNIQUE_TILES: 40

0000 0001 0002 0002 0002 0002 0002 0002 0002 0002 0002 0002 0002 0002 0002 0002 0002 0002 0002 0002 0002 0002 0002 0002 0002 0002 0002 0002 0002 0002 0002 0002
0003 0004 0005 0006 0007 0008 0005 0006 0007 0008 0005 0006 0007 0008 0005 0006 0007 0008 0005 0006 0007 0008 0005 0006 0007 0008 0005 0006 0007 0008 0005 0004
0003 0009 0008 0005 0006 0007 0008 0005 0006 0007 0008 0005 0006 0007 0008 0005 0006 0007 0008 0005 0006 0007 0008 0005 0006 0007 0008 0005 0006 0007 0008 0005
0003 000A 0007 0008 0005 0006 0007 0008 0005 0006 0007 0008 0005 0006 0007 0008 0005 0006 0007 0008 0005 0006 0007 0008 0005 0006 0007 0008 0005 0006 0007 0008
0003 000B 0006 0007 0008 0005 0006 0007 0008 0005 0006 0007 0008 0005 0006 0007 0008 0005 0006 0007 0008 0005 0006 0007 0008 0005 0006 0007 0008 0005 0006 0007
0003 000C 0005 0006 0007 0008 0005 0006 0007 0008 0005 0006 0007 0008 0005 0006 000D 000E 0005 0006 0007 0008 0005 0006 0007 0008 000F 0010 0007 0008 0005 0006
0003 0009 0008 0005 0006 0007 0008 0005 0006 0007 0008 0005 0006 0007 0008 0005 0011 0012 0008 0005 0006 0007 0008 0005 0006 000D 0013 0014 0006 0007 0008 0005
0003 000A 0007 0008 0005 0006 0007 0015 0016 0006 0007 0008 0005 0006 0007 0008 0005 0006 0007 0008 0005 0006 0007 0008 000F 0013 0012 0008 0005 0006 0007 0008
0003 000B 0006 0007 0008 0005 0006 0011 0017 0005 0006 0007 0008 0005 0006 0007 0008 0005 0006 0007 0008 0005 0006 000D 0013 0014 0006 0007 0008 0005 0006 0007
0003 000C 0005 0006 0007 0008 0005 0006 0007 0008 000F 0010 0007 0008 0005 0006 0007 0008 0005 0006 0007 0008 0005 0011 0012 0008 0005 0006 0007 0008 0005 0006
0003 0009 0008 0005 0006 0007 0008 0005 0006 000D 0018 000B 0006 0007 0008 0005 0006 0007 0008 0005 0006 0007 0015 0016 0006 0007 0008 0005 0006 0007 0008 0005
0003 000A 0007 0008 0005 0006 0007 0008 0005 0019 001A 001B 0016 0006 0007 0008 0005 0006 0007 0008 0005 001C 0013 0017 0005 0006 0007 0008 0005 0006 0007 0008
0003 000B 0006 0007 0008 0005 0006 0007 0008 0005 0006 0011 001B 001D 0010 0007 0008 0005 0006 0007 0015 0013 001E 0007 0008 0005 0006 0007 0008 0005 0006 0007
0003 000C 0005 0006 0007 0008 0005 0006 0007 0008 0005 0006 0019 001F 0014 0006 0007 0008 0005 0006 0020 000C 0005 0006 0007 0008 0005 0006 0007 0008 0005 0006
0003 0009 0008 0005 0006 0007 0008 0005 0006 0007 0008 0005 0006 0007 0008 0005 0006 0007 0008 0005 0021 0012 0008 0005 0006 0007 0008 0005 0006 0007 0008 0005
0003 000A 0007 0008 0005 0006 0007 0008 0005 0006 0007 0008 0005 0006 0007 0008 0005 0006 0007 0008 0005 0006 0007 0008 0005 0006 000D 000E 0005 0006 0007 0008
0003 000B 0006 0007 0008 0005 001C 0022 0008 0005 0006 0007 0008 0005 0006 0007 0008 0005 0006 0007 0008 0005 0006 0007 0008 0005 0011 0012 0008 0005 0006 0007
0003 000C 0005 0006 0007 0008 0011 001E 0007 0008 0005 0006 0007 0008 0005 0006 0007 0008 0005 0006 0007 0008 0005 0006 0007 0008 0005 0006 0007 0008 0005 0006
0003 0009 0008 0005 0006 0007 0008 0005 0006 0007 0008 0005 0006 000D 000E 0005 0006 0007 0008 0005 0006 0007 0008 0005 0006 0007 0008 0005 0006 0007 0008 0005
0003 000A 0007 0008 0005 0006 0007 0008 0005 0006 0007 0008 000F 0013 0012 0008 0005 0006 0007 0008 000F 0010 0007 0008 0005 0006 0007 0008 0005 0006 0007 0008
0003 000B 0006 0007 0008 0005 0006 0007 0008 0005 0006 000D 0013 0014 0006 0007 0008 0005 0006 0007 0011 0023 0010 0007 0008 0005 0006 0007 0008 0005 0006 0007
0003 000C 0005 0006 0007 0008 0005 0006 0007 0008 000F 0013 0012 0008 0005 0006 0007 0008 0005 0006 0007 0011 0023 0010 0007 0008 0005 0006 0007 0008 0005 0006
0003 0009 0008 0005 0006 0007 0008 0005 0006 0007 0011 0014 0006 0007 0008 0005 0006 0007 0008 0005 0006 0007 0011 0014 0006 0007 0008 0005 0006 0007 0008 0005
0003 000A 0007 0008 0005 0006 0007 0008 0005 0006 0007 0008 0005 0006 0007 0008 0005 0006 0007 0008 0005 0006 0007 0008 000F 0010 0007 0008 0005 0006 0007 0008
0003 000B 0006 0007 0008 0005 0006 000D 000E 0005 0006 0007 0008 0005 0006 0007 0008 0005 0006 0007 0008 0005 0006 0007 0011 0014 0006 0007 0008 0005 0006 0007
0003 000C 0005 0006 0007 0008 0005 0011 0012 0008 0005 0006 0007 0008 0005 0006 0007 0015 0016 0006 0007 0008 0005 0006 0007 0008 000F 0010 0007 0008 0005 0006
0003 0009 0008 0005 0006 0007 0008 0005 0006 0007 0008 0005 0006 0007 0008 0005 0006 0011 0017 0005 0006 0007 0008 0005 0006 0007 0011 0014 0006 0007 0008 0005
0003 000A 0007 0008 0005 0006 0007 0008 0005 0006 0007 0008 0005 0006 0007 0008 0005 0006 0007 0008 0005 0006 0007 0008 0005 0006 0007 0008 0005 0006 0007 0008
0003 000B 0006 0007 0008 0005 0006 0007 0008 0005 0006 0007 0008 0005 0006 0007 0008 0005 0006 0007 0008 0005 0006 0007 0008 0005 0006 0007 0008 0005 0006 0007
0003 000C 0005 0006 0007 0008 0005 0006 0007 0008 0005 0006 0007 0008 0005 0006 0007 0008 0005 0006 0007 0008 0005 0006 0007 0008 0005 0006 0007 0008 0005 0006
0003 0009 0008 0005 0006 0007 0008 0005 0006 0007 0008 0005 0006 0007 0008 0005 0006 0007 0008 0005 0006 0007 0008 0005 0006 0007 0008 0005 0006 0007 0008 0005
0024 0004 0025 0026 001D 0027 0025 0026 001D 0027 0025 0026 001D 0027 0025 0026 001D 0027 0025 0026 001D 0027 0025 0026 001D 0027 0025 0026 001D 0027 0025 0004
