ATARI GAUNTLET MOTION OBJECT 16X16 TILEMAP
SOURCE: level-001.png
GRID: 32 X 32
TILE_SIZE: 16 X 16
ATLAS_TILES: 576
UNIQUE_PIXEL_TILES: 105
CONNECTED_OBJECT_GROUPS: 20

0020 0021 0022 0000 0000 0000 0000 0000 0000 0000 0000 0000 0000 0000 0000 0000 0000 0000 0000 0000 0000 0000 0000 0000 0000 0000 0000 0000 0000 0000 0000 0000
0040 0041 0042 0000 0000 0000 0000 0000 0000 0000 0000 0000 0000 0000 0000 0000 0000 0000 0000 0000 0000 0000 0000 0000 0000 0000 0000 0000 0000 0000 0000 0023
0000 0000 0000 0000 0000 0000 0000 0000 0000 0000 0000 0000 0000 0000 0000 0000 0000 0000 0000 0000 0000 0000 0000 0000 0000 0000 0000 0000 0000 0000 0000 0000
0000 0000 0000 0000 0024 0000 0000 0000 0000 0000 0000 0000 0000 0000 0000 0026 0027 0028 0000 0000 0000 0000 0000 0000 0000 0000 0000 0000 0000 0000 0000 0000
0000 0000 0000 0000 0044 0045 0000 0000 0000 0000 0000 0000 0000 0000 0000 0046 0047 0048 0000 0000 0000 0000 0000 0000 0000 0000 0000 0000 0000 0000 0000 0000
0000 0000 0000 0000 0000 0000 0000 0000 0000 0000 0000 0000 0000 0000 0000 0000 0000 0000 0000 0000 0000 0000 0000 0000 0000 0029 002A 002B 0000 0000 0000 0000
002C 002D 002E 0000 0000 0000 0000 0000 0000 0000 0000 0000 0000 0000 0000 0000 0000 0000 0000 0000 0000 0000 0000 0000 0000 0049 004A 004B 0000 0000 0000 0000
004C 004D 004E 0000 0000 0000 0000 0000 0000 0000 0000 0000 0000 0000 0000 0000 0000 0000 0000 0000 0000 0000 0000 0000 0000 0000 0000 0000 0000 0000 0000 0000
0000 0000 006E 006F 0070 0000 0000 0032 0033 0034 0000 0000 0000 0000 0000 0035 0036 0037 0038 0039 003A 0000 0000 0000 0000 0000 0000 0000 0000 0000 0000 0000
0000 008D 008E 008F 0090 0091 0000 0052 0053 0054 0000 0000 0000 0000 0000 0000 0000 0000 0000 0000 0000 0000 0000 0000 0000 0000 0000 0000 0000 0000 0000 0000
0000 0000 0000 0000 0000 0000 0000 0000 0000 0000 0000 0000 0000 0000 0000 003B 0000 0000 0000 0000 003C 0000 0000 0000 0000 0000 0000 0000 0000 0000 0000 0000
0000 0000 0000 0000 0000 0000 0000 0000 0000 0000 0000 0000 0000 0000 0000 0000 0000 0000 0000 0000 0000 0000 0000 0000 0000 0000 0000 0000 0000 003E 003F 0000
0000 0000 0000 0000 0000 0000 0000 0000 0000 0000 0000 0000 0000 0000 0000 0000 0000 0000 0000 0000 0000 0000 0000 0000 0000 0000 0000 0000 005D 005E 005F 0000
0000 0000 0000 0000 0000 0000 0000 0000 0000 0000 0000 0000 0000 0000 0000 0000 0000 0000 0000 0000 0000 0000 0000 0000 0000 0000 0000 0000 0000 0000 0000 0000
0000 0000 0000 0000 0000 0000 0000 0000 0000 0000 0000 0000 0000 0000 0000 0000 0000 0000 0000 0000 0000 0000 0000 0000 0000 0000 0000 0000 0000 0000 0000 0000
0000 0000 0000 0000 0000 0000 0000 0000 0000 0000 0000 0000 0000 0000 0000 0000 0000 0000 0000 0000 0000 0000 0000 0000 0000 0000 0000 0000 0000 0000 0000 0000
0000 0000 0000 0000 0000 0000 0000 0000 0000 0000 0000 0000 0000 0000 0000 0000 0000 0000 0000 0000 0000 0000 0000 0000 0000 0000 0000 0000 0000 0000 0000 0000
0000 0000 0000 0000 0000 0000 0000 0000 0000 0000 0000 0000 0000 0000 0000 0000 0000 0000 0000 0000 0000 0000 0000 0000 0000 0000 0000 0000 0000 0000 0000 0000
0000 0000 0000 0000 0000 0000 0000 0000 0000 0000 0000 0000 0000 0000 0000 0000 0000 0000 0000 0000 0000 0000 0000 0000 0000 0000 0000 0000 0000 0000 0000 0000
0000 0000 0000 0000 0000 0000 0000 0000 0000 00A7 00A8 00A9 00AA 00AB 0000 0000 0000 0000 0000 00AC 00AD 00AE 00AF 00B0 0000 0000 0000 0000 0000 0000 0000 0000
0000 0000 0000 0000 0000 0000 0000 0000 0000 00C7 00C8 00C9 00CA 00CB 0000 0000 0000 0000 0000 00CC 00CD 00CE 00CF 00D0 0000 0000 0000 0000 0000 0000 0000 0000
0000 0000 0000 0000 0000 0000 0000 0000 00E6 0000 0000 00E9 00EA 00EB 0000 0000 0000 0000 0000 00EC 00ED 00EE 0000 0000 0000 0000 0000 0000 0000 0000 0000 0000
0000 0000 0000 0000 0000 0000 0000 0000 0106 0000 0000 0109 010A 010B 0000 0000 0000 0000 0000 010C 010D 010E 0000 0000 0000 00B1 0000 0000 0000 0000 0000 0000
0000 0000 0000 0000 0000 0000 0000 0000 0126 0000 0000 0000 0000 0000 0000 0000 0000 0000 0000 0000 0000 0000 0000 0000 0000 00D1 0000 0000 0000 0000 0000 0000
0000 0000 0000 0000 0000 0000 0000 0000 0146 0000 0000 0000 0000 0000 0000 0000 0000 0000 0000 0000 0000 0000 0000 0000 0000 00F1 0000 0000 0000 0000 0000 0000
0000 0000 0000 0000 0000 0000 0000 0000 0166 0000 0000 0000 0000 0000 0000 0000 0000 0000 0000 0000 0000 0000 0000 0000 0000 0111 0000 0000 0000 0000 0000 0000
0000 0000 0000 0000 0000 0000 0000 0000 0186 0000 0000 0000 0000 0000 0000 00B2 00B3 0000 0000 0000 0000 0000 0000 0000 0000 0131 0000 0000 0000 0000 0000 0000
0000 0000 0000 0000 0000 0000 0000 0000 01A6 0000 0000 0000 0000 0000 0000 00D2 00D3 00D4 0000 0000 0000 0000 0000 0000 0000 0151 0000 0000 0000 00B6 00B7 0000
0000 0000 0000 0000 0000 0000 0000 0000 01C6 0000 0000 0000 0000 0000 0000 00F2 00F3 00F4 0000 0000 0000 0000 0000 0000 0000 0171 0000 0000 00D5 00D6 00D7 0000
0000 0000 01E0 01E1 01E2 01E3 01E4 01E5 01E6 0000 0000 0000 0000 0000 0000 0112 0113 0114 0000 0000 0000 0000 0000 0000 0000 0191 0000 0000 0000 0000 0000 0000
0000 0000 0000 0000 0000 0000 0000 0000 0206 0000 0000 00B8 00B9 00BA 0000 0132 0133 0134 0000 0000 0000 00BB 00BC 00BD 0000 01B1 0000 0000 0000 0000 0000 0000
0000 00BE 0000 0000 0000 0000 0000 0000 0226 0000 0000 00D8 00D9 00DA 0000 0152 0153 0154 0000 0000 0000 00DB 00DC 00DD 0000 01D1 0000 0000 0000 0000 0000 00BF
