ATARI GAUNTLET PLAYFIELD 16X16 TILEMAP
SOURCE: level-038-playfield.png
GRID: 32 X 32
TILE_SIZE: 16 X 16
UNIQUE_TILES: 54

0000 0000 0000 0000 0000 0000 0001 0002 0000 0000 0000 0000 0000 0000 0000 0003 0002 0000 0000 0000 0000 0000 0000 0000 0000 0000 0001 0002 0000 0000 0000 0000
0004 0005 0006 0007 0004 0005 0008 0009 000A 000B 0006 0007 0004 0005 0006 0008 000C 0005 0006 0007 0004 0005 0006 0007 000A 000B 0008 0009 0004 0005 0006 0007
0007 0004 000D 000E 0007 0004 0008 000F 0010 0011 000B 0006 0007 0004 0005 0008 0009 0004 0005 0006 0007 0004 0005 0012 0013 0014 0008 000F 0007 0004 000D 000E
0006 0007 0015 0016 0006 0007 0008 0016 0006 0010 0011 000B 0006 0007 0004 0008 000F 0007 0004 000D 000E 0007 000A 0013 0017 0007 0008 0016 0006 0007 0015 0016
0018 0019 001A 000C 0005 0006 0008 000C 0005 0006 0010 0011 000B 0006 0007 0008 0016 0006 0007 0015 0016 0012 0013 0014 0005 0006 0008 000C 0005 0006 0008 001B
0000 0000 001C 001D 0004 0005 0008 0009 0004 0005 0006 0010 0011 000B 0006 0008 000C 0005 0006 0008 000C 0010 0017 0007 0004 0005 0008 0009 0004 0005 001E 0000
0007 0004 0005 0006 0007 0004 0008 000F 0007 0004 0005 0006 0010 0011 000B 0008 0009 0004 0005 0008 0009 0004 0005 0006 0007 0004 0008 000F 0007 0004 0005 0006
0006 0007 000A 0018 0019 001F 001A 0016 0006 0007 0004 0005 0006 0010 0014 0008 000F 0007 0004 0008 000F 0007 0004 0005 0006 0007 0008 0020 0019 001F 0021 000B
0005 0006 0022 0000 0000 0000 001C 0014 0005 0006 0007 0004 0005 0006 0007 0008 0016 0006 0007 0008 0016 0006 0007 0004 0005 0006 001E 0000 0000 0000 0023 0014
0024 000D 0019 0025 0004 0005 0006 0007 0004 0005 0006 0007 0004 0005 0006 0008 000C 0005 0006 0008 000C 0005 0006 0007 0004 0005 0006 0007 0004 0005 0012 001F
001D 0022 0026 000F 0007 0004 0005 0006 0007 0004 0005 0006 0007 0004 0005 0008 0009 0004 0005 0008 0009 0004 0005 0006 0007 0004 0005 0006 0007 0004 0027 0028
0006 0007 0008 0020 0019 001F 0021 0018 0019 001F 0021 0018 0019 001F 0024 0008 000F 0007 0004 0008 0029 001F 0021 0018 0019 001F 0021 0018 0019 001F 001A 0016
0005 0006 002A 0002 0003 0002 0000 0000 0000 0000 0000 0000 0000 0023 001D 0008 0016 0006 0007 001E 0000 0000 0000 0000 0000 0000 0000 0000 0003 0002 002B 000C
0004 0005 0008 002C 001A 0016 0006 0007 0004 0005 0006 0007 0004 0005 0006 0008 000C 0005 0006 0007 0004 0005 0006 0007 0004 0005 0006 0007 0008 002C 001A 0009
0007 0004 002A 0002 001C 0014 0005 0006 0007 0004 0005 0006 0007 0004 0005 0008 0009 0004 0005 0006 0007 0004 0005 0006 0007 0004 0005 0006 001E 0000 002B 000F
0006 0007 0008 0020 0019 001F 0021 0018 0019 001F 0021 0018 0019 001F 0021 001A 0029 001F 0021 0018 0019 001F 0021 0018 0019 001F 0021 0018 0019 001F 001A 0016
0005 0006 001E 0000 0003 0002 0000 0000 0000 0000 0000 0000 0000 0003 0002 002D 0000 0000 0000 0003 0002 0000 0000 0000 0000 0000 0000 0000 0003 0002 001C 0014
0004 0005 0006 0007 002E 002F 000E 0007 0004 0005 0006 0007 0004 0008 000F 0007 0004 0005 0006 0008 000C 0005 0006 0007 0004 0005 0006 0030 0031 0032 0006 0007
0030 0024 000D 000E 0030 0013 0032 0006 0007 0004 0005 0012 001F 001A 0016 0006 0007 0004 0005 0008 0033 0021 000B 0006 0007 0004 0005 0010 0034 0024 000D 000E
0013 0034 0013 002F 0013 001D 0004 0005 0006 0007 0004 0027 0002 002B 000C 0005 0006 0007 0004 002A 0002 0026 000C 0005 0006 0007 0004 0005 0010 0034 0013 002F
0020 0035 0033 0035 0020 0019 001F 0021 0018 0019 001F 001A 002C 001A 0009 0004 0005 0006 0007 0008 002C 001A 0033 0021 0018 0019 001F 0021 0018 0035 0033 0035
0000 002D 0000 002D 0000 0000 0000 0000 0000 0000 0000 002D 0000 002B 000F 0007 0004 0005 0006 002A 0002 002D 0000 0000 0000 0000 0000 0000 0000 002D 0000 002D
0007 0004 0005 0006 0007 0004 0005 0006 0007 0004 0005 0006 0007 0008 0016 0006 0007 0004 0005 0008 0009 0004 0005 0006 0007 0004 0005 0006 0007 0004 0005 0006
0006 0007 000A 0018 0019 001F 0021 0018 0019 001F 0021 000B 0006 0008 000C 0005 0006 0007 0004 0008 000F 0007 000A 0018 0019 001F 0021 0018 0019 001F 0021 000B
0005 0006 0022 0000 0000 0000 0000 0000 0000 0000 0026 000C 0005 0008 0009 0004 0005 0006 0007 0008 0016 0006 0027 0002 0000 0000 0000 0000 0000 0000 0023 0014
0004 0005 0006 0007 0004 0005 0006 0007 0004 0005 0008 0009 0004 0008 0029 0025 0004 0005 0012 001A 000C 0005 0008 0009 0004 0005 0006 0007 0004 0005 0006 0007
0007 0004 000D 0019 001F 0021 0018 000E 0007 0004 0008 000F 0007 001E 0023 0017 0007 0004 0022 001C 001D 0004 0008 000F 0007 0004 000D 0019 001F 0021 0018 000E
0006 0007 0022 0000 0000 0000 0026 0016 0006 0007 0008 0016 0006 0007 0004 0005 0006 0007 0004 0005 0006 0007 0008 0016 0006 0007 0027 0002 0000 0000 0023 0032
0005 0006 0007 0004 0005 0006 0008 000C 0005 0006 0008 001B 0018 0019 001F 0024 0005 0006 0030 0021 0018 0019 001A 000C 0005 0006 0008 000C 0005 0006 0007 0004
0004 0005 0006 0007 0004 0005 0008 0009 0004 0005 001E 0000 0000 0000 0023 001D 0004 0005 0022 0000 0000 0000 001C 001D 0004 0005 0008 0009 0004 0005 0006 0007
0007 0004 0005 0006 0007 0004 0008 000F 0007 0004 0005 0006 0007 0004 0005 0006 0007 0004 0005 0006 0007 0004 0005 0006 0007 0004 0008 000F 0007 0004 0005 0006
0019 001F 0021 0018 0019 001F 001A 0020 0019 001F 0021 0018 0019 001F 0021 0018 0019 001F 0021 0018 0019 001F 0021 0018 0019 001F 001A 0020 0019 001F 0021 0018
