ATARI GAUNTLET PLAYFIELD 16X16 TILEMAP
SOURCE: level-041-playfield.png
GRID: 32 X 32
TILE_SIZE: 16 X 16
UNIQUE_TILES: 64

0000 0001 0001 0001 0001 0001 0001 0002 0003 0001 0001 0001 0001 0001 0001 0001 0001 0001 0001 0002 0003 0000 0001 0001 0001 0001 0004 0003 0001 0001 0000 0001
0005 0006 0007 0008 0005 0006 0007 0009 000A 0006 0007 0008 0005 0006 0007 0008 0005 0006 000B 000C 000D 0006 0007 0008 0005 0006 000E 000F 0010 0006 0007 0008
0008 0005 0006 0007 0008 0005 0006 0009 0011 0005 0006 0007 0008 0005 0006 0007 0008 0005 0012 0013 0008 0005 0006 0007 0008 0005 0006 0012 000F 0010 0006 0007
0007 0008 0005 0006 0007 0008 0005 0009 0014 0008 0005 0006 0007 0008 0005 0006 000B 0015 0005 0006 0007 0008 0005 0006 0007 0008 0005 0006 0012 0016 0005 0006
0006 0007 0008 0005 0006 0007 0008 0009 0017 0007 0008 0005 0006 0007 0008 0018 0019 0013 0008 0005 0006 0007 0008 0005 0006 0007 0008 0005 0006 0007 001A 0010
0010 0006 0007 0008 0005 0006 0007 0009 000A 0006 0007 0008 0005 0006 000B 0019 000D 0006 0007 0008 0005 0006 0007 0008 0005 0006 0007 0008 0005 0006 0012 000F
000F 0010 0006 0007 0008 0005 0006 0009 0011 0005 0006 0007 0008 0005 001B 0014 0008 0005 0006 0007 0008 0005 0006 0007 0008 0005 0006 0007 0008 0005 0006 0012
001B 0011 0005 0006 0007 0008 0005 000E 0013 0008 0005 0006 0007 0008 0009 0017 0007 0008 0005 0006 0007 0008 0005 0006 0007 0008 0005 0006 0007 0008 0005 0006
000E 001C 001D 001E 001F 0020 001D 001E 001F 0020 001D 001E 001F 0020 000C 000D 0006 0007 0008 0005 0006 0007 0008 0005 0006 0007 0008 0005 0006 0007 0008 0005
0018 0021 0001 0001 0001 0001 0001 0001 0001 0001 0001 0001 0001 0022 001C 0015 0005 0006 0007 0008 0005 0006 0007 0008 0005 0006 0007 0008 0005 0006 0007 0008
001B 000A 0006 0007 0008 0005 0006 000B 0015 0005 0006 0007 0008 0005 001B 0014 0008 0005 0006 0007 0008 0005 0006 0007 0008 0005 0006 0007 0008 0005 0006 0007
000C 0016 0005 0006 0007 0008 0005 001B 0014 0008 0005 0006 0007 0008 000E 0023 0024 0008 0005 0006 0007 0008 0005 0006 0007 0008 0005 0006 0007 0008 0005 0025
0026 0007 0008 0005 0006 0007 0008 0009 0017 0007 0008 0005 0006 0007 0008 0012 0023 0024 0008 0005 0006 0007 0008 0005 0006 0007 0008 0005 0006 0007 001A 0019
0005 0006 0007 0008 0005 0006 0007 0009 000A 0006 0007 0008 0005 0006 0007 0008 0012 0026 0007 0008 0005 0006 0007 0008 0005 0006 0007 0008 0005 0006 0012 0016
0008 0005 0006 0007 0008 0005 0006 0009 0011 0005 0006 0007 0008 0005 0006 0007 0008 0005 0025 0024 0008 0005 0006 0007 0008 0005 0006 0007 001A 0010 0006 0007
0007 0008 0005 0006 0007 0008 0005 0009 0014 0008 0005 0006 0007 0008 0005 0006 0007 0008 0012 0023 0024 0008 0005 0006 0007 0008 0005 0025 0019 0016 0005 0006
0006 0007 0008 0005 0006 0007 0008 0009 0017 0007 0008 0005 0006 0007 0008 0005 0006 0007 0008 0012 0023 0024 0008 0005 0006 0007 001A 0019 0026 0007 0008 0005
001E 001F 0020 001D 001E 001F 0020 0027 0028 001F 0020 001D 001E 001F 0020 001D 001E 001F 0020 001D 0029 002A 0020 001D 001E 001F 0029 002B 001E 001F 0020 001D
0004 0003 0001 0001 0001 0001 0001 0002 0003 0001 0001 0001 0001 0001 0001 0001 0001 0001 0001 0004 002C 0004 0003 0001 0001 0001 0000 0001 0001 0001 0004 0003
000E 0016 0005 0006 0007 0008 0005 0009 0014 0008 0005 0006 0007 002D 0018 002E 000B 0015 0005 000E 0013 000E 000D 0006 0007 001A 0010 0025 0024 0008 000E 0026
001F 002F 001D 001E 001F 0020 001D 0027 002A 0020 001D 001E 001F 0020 0019 0030 0019 001C 001D 001E 001F 0020 001D 001E 001F 0019 000F 0019 0023 0020 001D 001E
0003 0001 0001 0031 0032 0033 0003 0000 0001 0031 0032 0033 0003 0022 001C 0019 000D 0034 0001 0001 0001 0001 0001 0001 0022 0026 0012 0016 0034 0001 0001 0004
000F 0010 0006 0035 0036 0037 0017 0007 0008 0035 0036 0037 0011 0005 001B 0014 0008 0005 0006 0007 0008 0005 0006 0007 0008 0005 0006 0007 0008 0005 0006 000E
0012 0016 0005 0035 0036 0037 000A 0006 0007 0035 0036 0037 0014 0008 000E 0026 0007 0008 0005 0006 0007 0008 0005 0006 0007 0008 0005 0006 0007 0008 0005 0006
0006 0007 0008 0035 0036 0037 0011 0005 0006 0035 0036 0037 0017 0007 0008 0005 0006 0007 0008 0005 0006 0007 0008 0005 0006 0007 0008 0005 0006 0007 0008 0005
0018 002E 0007 0035 0036 0037 0014 0038 0005 0035 0036 0037 000A 0006 0007 0008 0005 0006 0007 0008 0005 0006 0007 0008 0005 0006 0007 0008 0005 0006 0007 0008
001B 000A 0006 0035 0036 0037 0017 0007 0008 0035 0036 0037 0011 0005 0025 0024 0008 0005 0006 0007 0008 0005 0006 0007 0008 0005 0006 0007 0008 0005 0006 0007
000C 000F 0010 0035 0036 0037 000A 0006 0007 0035 0036 0037 0014 0008 001B 0017 0007 0008 0005 0006 0007 0008 0005 0006 0007 0008 0005 0006 0007 0008 0005 0025
002A 0029 002B 0039 0036 0037 002B 001E 001F 0039 0036 0037 002A 0020 000C 0030 002E 000B 001D 001E 001F 0020 001D 001E 001F 0024 001A 0010 0025 0020 001D 0029
0001 0000 0001 003A 003B 003C 0001 0004 0003 003A 003B 003C 0001 0022 001C 0019 0030 0021 0001 0001 0001 0001 0001 0001 0022 0023 0019 000F 0021 0001 0001 0000
001A 003D 0006 0007 0008 0005 0006 0009 0011 0005 0006 0007 0008 0005 0012 0013 0012 000D 0006 000B 0015 0018 002E 0007 0008 0012 0026 0012 0016 0005 0025 0024
0029 002B 001E 001F 0020 001D 001E 0027 003E 001D 001E 001F 0020 003F 001E 001F 0020 001D 001E 0029 003E 0029 0028 001F 0020 001D 001E 001F 0020 001D 0029 002A
