ATARI GAUNTLET MOTION OBJECT 16X16 TILEMAP
SOURCE: level-042.png
GRID: 32 X 32
TILE_SIZE: 16 X 16
ATLAS_TILES: 320
UNIQUE_PIXEL_TILES: 86
CONNECTED_OBJECT_GROUPS: 36

0000 0000 0000 0000 0000 0000 0000 0000 0000 0000 0000 0000 0000 0000 0000 0000 0000 0000 0000 0000 0000 0000 0000 0000 0000 0000 0000 0000 0000 0000 0000 0000
0020 0021 0022 0000 0000 0000 0000 0000 0000 0000 0000 0000 0000 0000 0000 0000 0000 0000 0000 0000 0000 0000 0000 0000 0000 0000 0000 0000 0000 0000 0000 0000
0040 0041 0042 0000 0000 0000 0000 0000 0000 0000 0000 0000 0000 0000 0000 0000 0000 0000 0000 0000 0023 0024 0025 0000 0000 0000 0000 0000 0000 0000 0000 0000
0000 0000 0000 0000 0000 0000 0000 0000 0000 0000 0000 0000 0026 0027 0028 0000 0000 0000 0000 0000 0000 0000 0000 0000 0000 0000 0000 0000 0000 0029 0000 0000
0000 0000 0000 0000 0000 0000 0000 0000 0000 0000 0000 0000 0000 0000 0000 0000 0000 0000 0000 0000 0000 0000 0000 0000 0000 0000 0000 0000 0000 0049 004A 0000
0000 0000 0000 0000 0000 0000 0000 0000 002B 0000 0000 0000 0000 0000 0000 0000 0000 0000 0000 0000 002C 002D 002E 0000 0000 0000 0000 0000 0000 0000 0000 0000
0000 0030 0031 0000 0000 0000 0000 0000 0000 0000 0000 0000 0000 0035 0036 0000 0000 0000 0000 0000 0000 0000 0000 0000 0000 0000 0000 0000 0000 0000 0000 0000
004F 0050 0051 0000 0000 0000 0000 0000 0000 0000 0052 0053 0054 0055 0056 0000 0000 0000 0000 0000 0000 0000 0000 0000 0000 0000 0037 0038 0039 0000 0000 0000
0000 0000 0000 0000 0000 003A 0000 0000 0000 0000 0000 0000 0000 0000 0000 0000 0000 0000 003B 003C 0000 0000 0000 0000 0000 0000 0057 0058 0059 0000 0000 0000
0000 0000 0000 0000 0000 0000 0000 0000 0000 0000 0000 0000 0000 0000 0000 0000 0000 0000 0000 0000 0000 003D 003E 003F 0000 0000 0000 0000 0000 0000 0000 0000
0060 0061 0062 0000 0000 0000 0000 0063 0000 0000 0000 0000 0000 0000 0000 0000 0000 0000 0000 0000 0000 005D 005E 005F 0000 0000 0000 0000 0000 0000 0000 0000
0000 0000 0000 0000 0000 0000 0000 0000 0000 0000 0000 0000 0064 0065 0066 0000 0000 0000 0000 0000 0000 0000 0000 0000 0000 0000 0000 0000 0000 0067 0068 0069
0000 0000 0000 0000 0000 0000 0000 0000 0000 0000 0000 0000 0084 0085 0086 0000 0000 0000 0000 0000 0000 0000 0000 0000 0000 0000 0000 0000 0000 0000 0000 0000
0000 0000 0000 0000 0000 0000 0000 0000 0000 006A 0000 0000 0000 0000 0000 0000 0000 0000 006B 006C 006D 0000 0000 0000 0000 0000 0000 0000 0000 0000 0000 0000
0000 0000 0000 0000 0000 0000 0000 0000 0000 0000 0000 0000 0000 0000 0000 0000 0000 0000 008B 008C 008D 0000 0000 0000 0000 0000 0000 0000 0000 0000 0000 0000
0000 0000 0000 0000 0000 0000 0000 0000 0000 0000 0000 0000 0000 0000 0000 0000 0000 0000 0000 0000 0000 00AE 00AF 0000 0000 0000 0000 0000 0000 0000 0000 0000
0070 0071 0072 0000 0000 0073 0074 0075 0000 0000 0000 0000 0000 0000 0000 0000 0000 0000 0000 0000 0000 0000 0000 0000 0000 0000 0000 0000 0000 0000 0000 0000
0090 0091 0092 0000 0000 0000 0000 0000 0000 0000 0000 0000 0000 0000 0000 0000 0000 0000 0076 0000 0000 0000 0000 0000 0000 0000 0000 0000 0000 0000 0000 0000
0000 0000 0000 0000 0000 0000 0000 0000 0000 0000 0000 0000 0000 0000 0000 0000 0000 0000 0000 0000 0000 0000 0000 0000 0000 0000 0000 0000 0000 0000 0000 0000
0000 0000 0000 0000 0000 0000 0000 0000 0000 0000 0000 0000 0000 0000 0000 0000 0000 0000 0000 0000 0000 0000 0000 0000 0000 0000 0000 0000 0000 0000 0000 0000
0000 0000 0000 0000 0000 0000 0000 0000 0000 0000 0000 0000 0000 0000 0000 0000 0000 0000 0000 0000 0000 0000 0000 0000 0000 0000 0000 0000 0000 0077 0078 0079
0000 007A 007B 007C 0000 0000 0000 0000 0000 0000 0000 0000 0000 007D 007E 007F 0000 0000 0000 0000 0000 0000 0000 0000 0000 0000 0000 0000 0000 0097 0098 0099
0000 0000 0000 0000 0000 0000 00C0 00C1 00C2 0000 0000 0000 0000 009D 009E 009F 0000 0000 0000 0000 0000 0000 0000 0000 0000 0000 00C3 00C4 0000 00B7 00B8 00B9
0000 0000 0000 0000 0000 0000 00E0 00E1 00E2 0000 0000 0000 0000 0000 0000 0000 0000 0000 0000 0000 0000 0000 00C5 0000 0000 0000 0000 0000 0000 0000 0000 0000
0000 0000 0000 0000 0000 0000 0000 0000 0000 0000 0000 0000 0000 0000 0000 0000 0000 0000 0000 0000 0000 0000 0000 0000 0000 0000 0000 0000 0000 0000 0000 0000
0000 00C6 0000 0000 0000 0000 0000 0000 0000 0000 0000 0000 0000 0000 0000 0000 0000 0000 0000 0000 0000 0000 0000 0000 0000 0000 0000 0000 0000 0000 0000 0000
0000 0000 0000 0000 0000 0000 0000 0000 0000 0000 0000 0000 0000 0000 0000 0000 0000 0000 0000 0000 0000 0000 0000 0000 0000 0000 0000 0000 0000 00C7 00C8 00C9
0000 0000 0000 0000 0000 0000 0000 0000 0000 0000 0000 0000 0000 0000 0000 0000 0000 0000 0000 0000 0000 0000 0000 0000 0000 0000 0000 0000 0000 0000 0000 0000
0000 00CB 0000 0000 0000 0000 0000 0000 0000 0000 0000 0000 0000 0000 0000 0000 0000 0000 0000 0000 0000 0000 0000 00D0 0000 0000 0000 0000 0000 0000 0000 0000
00EA 0000 0000 0000 0000 0000 0000 0000 0000 0000 0000 0000 0000 0000 0000 0000 0000 00D1 00D2 00D3 0000 0000 0000 0000 0000 0000 0000 0000 0000 0000 00D4 00D5
010A 010B 010C 010D 010E 010F 0000 0000 0000 0000 0000 00D6 00D7 00D8 00D9 00DA 0000 00F1 00F2 00F3 0000 0000 0000 0000 0000 0000 0000 0000 0000 0000 00F4 00F5
0000 012B 012C 012D 012E 012F 0000 0000 0000 0000 0000 0000 0000 00F8 00F9 00FA 0000 0000 0000 0000 0000 0000 00DB 0000 0000 0000 0000 00DC 0000 0000 0000 0000
