ATARI GAUNTLET MOTION OBJECT 16X16 TILEMAP
SOURCE: level-022.png
GRID: 32 X 32
TILE_SIZE: 16 X 16
ATLAS_TILES: 896
UNIQUE_PIXEL_TILES: 149
CONNECTED_OBJECT_GROUPS: 14

0000 0021 0022 0023 0000 0000 0000 0000 0000 0000 0000 0000 0000 0000 0000 0000 0000 0000 0000 0000 0000 0000 0000 0000 0000 0000 0000 0000 0000 0000 0000 0000
0040 0041 0042 0043 0000 0000 0000 0000 0000 0000 0000 0000 0000 0000 0000 0000 0000 0000 0000 0000 0000 0000 0000 0000 0000 0000 0000 0000 0000 0000 0024 0025
0060 0061 0062 0000 0000 0000 0000 0000 0000 0000 0000 0000 0000 0000 0000 0000 0000 0000 0000 0000 0000 0000 0000 0000 0000 0026 0027 0028 0000 0000 0044 0045
0000 0000 0000 0000 0000 002A 002B 002C 002D 002E 0000 0000 0000 0000 0000 0000 0000 0000 0000 0000 0000 0000 0000 0000 0000 0046 0047 0048 0049 0000 0000 0000
0000 0000 0000 0000 0000 004A 004B 004C 004D 004E 0000 0000 0000 0000 0000 0000 0000 0000 0000 0000 0000 0000 0000 0000 0000 0000 0000 0000 0000 0000 0000 0000
0000 0000 0000 0000 0000 0000 0000 0000 0000 0000 0000 0000 0000 0000 0000 0000 0000 0000 0000 0000 0000 0000 0000 0000 0000 0000 0000 0000 0000 0000 0000 0000
0000 0000 0000 0000 0000 0085 0086 0087 0088 0089 008A 008B 008C 008D 008E 008F 0090 0091 0092 0093 0094 0095 0096 0097 0098 0099 009A 0000 009B 009C 009D 0000
0000 0000 0000 0000 0000 00A5 00A6 00A7 0000 0000 0000 00AB 00AC 00AD 0000 0000 0000 0000 0000 0000 0000 00B5 00B6 00B7 0000 0000 00BA 0000 00BB 00BC 00BD 0000
0000 0000 00C2 00C3 00C4 0000 00C6 00C7 00C8 00C9 0000 0000 0000 0000 0000 0000 0000 0000 0000 0000 0000 0000 0000 0000 0000 0000 00DA 0000 0000 0000 0000 0000
00E0 00E1 00E2 00E3 00E4 00E5 00E6 00E7 00E8 00E9 0000 0000 0000 0000 0000 0000 0000 0000 0000 0000 0000 0000 0000 00F7 00F8 00F9 00FA 0000 0000 0000 0000 0000
0000 0000 0000 0000 0000 0000 0106 0000 0000 0000 010A 010B 010C 010D 010E 010F 0110 0111 0112 0113 0114 0115 0116 0117 0118 0119 011A 0000 0000 0000 0000 0000
0000 0000 0000 0000 0000 0000 0126 0000 0000 0129 0000 012B 012C 012D 012E 0000 0000 0000 0132 0133 0134 0000 0000 0137 0000 0000 013A 0000 0000 0000 0000 0000
0000 0000 0000 0000 0000 0000 0146 0000 0000 0149 0000 0000 0000 0000 0000 0000 0000 0000 0000 0000 0000 0000 0156 0157 0000 0000 015A 0000 0000 0000 0000 0000
0000 0000 0000 0000 0000 0000 0166 0000 0000 0169 0000 0000 0000 0000 0000 0000 0000 0000 0000 0000 0000 0175 0176 0177 0000 0000 017A 0000 0320 0321 0322 0000
0324 0000 0000 0000 0000 0000 0186 0000 0000 0189 018A 0000 018C 018D 018E 018F 0190 0191 0192 0193 0194 0195 0196 0197 0000 0000 019A 0000 0000 0000 0342 0343
0344 0000 0000 0000 0000 0000 01A6 0000 0000 01A9 0000 0000 0000 01AD 01AE 0000 01B0 0000 0000 01B3 0000 0000 0000 01B7 0000 0000 01BA 0000 0000 0000 0362 0363
0000 0000 0000 0000 0000 0000 01C6 0000 0000 01C9 0000 0000 0000 01CD 0000 0000 01D0 01D1 0000 01D3 0000 0000 0000 01D7 0000 0000 01DA 0000 0000 0000 0000 0000
0000 0000 0000 0000 01E4 01E5 01E6 0000 0000 01E9 0000 0000 0000 01ED 0000 0000 0000 0000 0000 01F3 0000 0000 0000 01F7 01F8 01F9 01FA 0000 0325 0326 0327 0000
0000 0000 0202 0203 0204 0000 0206 0000 0000 0209 020A 020B 0000 020D 0000 0000 0000 0000 0212 0213 0000 0000 0000 0217 0000 0000 021A 0000 0000 0000 0000 0000
0220 0221 0222 0000 0000 0000 0226 0000 0000 0229 022A 022B 0000 022D 022E 022F 0230 0231 0232 0233 0234 0000 0236 0237 0000 0000 023A 0000 0000 0000 0000 0000
0000 0000 0000 0000 0000 0000 0246 0000 0000 0249 0000 0000 0000 0000 0000 0000 0000 0000 0000 0000 0000 0000 0000 0257 0000 0000 025A 0000 0000 0000 0000 0000
0000 0000 0000 0000 0000 0000 0266 0000 0000 0269 026A 0000 0000 0000 0000 0000 0000 0000 0000 0273 0274 0275 0000 0277 0278 0279 027A 0000 0000 0000 0000 0000
0000 0000 0000 0000 0000 0000 0286 0000 0000 0289 0000 0000 0000 028D 0000 0000 0000 0000 0000 0293 0294 0295 0000 0297 0298 0299 029A 0000 0000 0000 0000 0000
0000 0000 0000 0000 0000 0000 02A6 02A7 02A8 02A9 02AA 02AB 02AC 02AD 02AE 02AF 02B0 02B1 02B2 02B3 02B4 02B5 02B6 02B7 02B8 0000 02BA 0000 0000 0000 0000 0000
0000 0000 0000 0000 0000 0000 02C6 02C7 02C8 02C9 0000 0000 0000 0000 0000 0000 0000 0000 0000 0000 0000 0000 0000 0000 0000 0000 02DA 0000 0328 0329 032A 0000
0000 0000 02E2 02E3 02E4 0000 02E6 0000 0000 0000 0000 0000 0000 0000 0000 0000 0000 0000 0000 0000 0000 0000 0000 0000 0000 02F9 02FA 0000 0348 0349 034A 0000
0000 0000 0302 0303 0304 0305 0306 0307 0308 0309 030A 030B 030C 030D 030E 030F 0310 0311 0312 0313 0314 0315 0316 0317 0318 0319 031A 0000 0000 0000 0000 0000
0000 0000 0000 0000 0000 0000 0000 0000 0000 0000 0000 0000 0000 0000 0000 0000 0000 0000 0000 0000 0000 0000 0000 0000 0000 0000 0000 0000 0000 0000 0000 0000
0000 0000 0000 0000 0000 032B 032C 032D 0000 0000 0000 0000 0000 0000 0000 0000 0000 0000 0000 0000 0000 0000 0000 0000 0000 032E 032F 0330 0000 0000 0000 0000
0000 0000 0000 0000 0000 034B 034C 034D 0000 0000 0000 0000 0000 0000 0000 0000 0000 0000 0000 0000 0000 0000 0000 0000 0000 034E 034F 0350 0000 0000 0000 0000
0000 0000 0000 0000 0000 0000 0000 0000 0000 0000 0000 0000 0331 0332 0333 0000 0000 0000 0000 0000 0000 0000 0000 0000 0000 0000 0000 0000 0000 0334 0335 0336
0000 0000 0000 0000 0000 0000 0000 0000 0000 0000 0000 0000 0351 0352 0353 0000 0000 0000 0000 0000 0000 0000 0000 0000 0000 0000 0000 0000 0000 0354 0355 0356
