ATARI GAUNTLET PLAYFIELD 16X16 TILEMAP
SOURCE: level-062-playfield.png
GRID: 32 X 32
TILE_SIZE: 16 X 16
UNIQUE_TILES: 56

0000 0001 0002 0002 0002 0002 0002 0002 0002 0002 0002 0002 0002 0002 0002 0002 0003 0001 0002 0002 0002 0002 0002 0002 0002 0002 0002 0002 0002 0002 0002 0002
0004 0005 0006 0007 0008 0009 0006 0007 0008 0009 0006 0007 0008 0009 0006 0007 0004 000A 0006 0007 0008 0009 0006 0007 0008 0009 0006 0007 0008 0009 0006 0007
0004 000B 0009 0006 000C 000D 000E 000F 0010 000D 000E 000F 0010 000D 0011 0006 0004 000B 0009 0012 0010 000D 000E 000F 0010 000D 000E 000F 0010 0013 0009 0006
0004 0014 0008 0015 0016 0002 0002 0002 0002 0002 0002 0002 0002 0017 0018 0009 0004 0014 0008 0019 0002 0002 0002 0002 0002 0002 0002 0002 0017 001A 0013 0009
0004 001B 0007 001C 000A 0006 0007 0008 0009 0006 0007 0008 0009 0006 0007 0008 0004 001B 0007 0008 0009 0006 0007 0008 0009 0006 0007 0008 0009 001C 0014 0008
0004 000A 0006 0004 000B 0015 000F 0010 000D 000E 000F 0010 000D 000E 000F 0010 001D 001E 000F 0010 000D 000E 000F 0010 000D 000E 001F 0007 0008 0004 001B 0007
0004 000B 0009 0004 0014 0019 0002 0002 0002 0002 0002 0002 0002 0002 0002 0017 001A 0016 0002 0002 0002 0002 0002 0002 0002 0017 001E 001F 0007 0004 000A 0006
0004 0014 0008 0004 001B 0007 0008 0009 0006 000C 0013 0009 0006 0007 0008 0009 0020 0021 000D 000E 000F 0010 000D 000E 001F 0007 001C 000A 0006 0004 000B 0009
0004 001B 0007 0022 001E 000F 0010 000D 000E 0023 001A 000D 000E 000F 0024 0008 0015 0016 0002 0002 0002 0002 0002 0017 0025 0006 0004 000B 0009 0004 0014 0008
0004 000A 0006 000C 0016 0002 0002 0002 0017 001E 0016 0002 0002 0017 0026 0007 001C 000A 0006 0007 0008 0009 0006 0007 0008 0009 0004 0014 0008 0004 001B 0007
0004 000B 0009 001C 0014 0008 0009 0006 0007 0020 0025 0006 0007 0008 0009 0006 0004 000B 0009 0012 0010 000D 0011 0006 0007 0008 0004 001B 0007 0004 000A 0006
0004 0014 0008 0004 001B 0007 0027 000E 000F 0010 000D 000E 000F 0010 000D 000E 001D 0028 0008 0019 0002 0017 0029 000E 000F 0010 001D 0025 0006 0004 000B 0009
0004 001B 0007 0004 000A 0006 0019 0002 0002 0002 0002 0002 0002 0002 0002 0017 001E 001F 0007 0008 0009 0006 0019 0002 0002 0017 001A 0013 0009 0004 0014 0008
0004 000A 0006 0004 000B 0009 0006 0007 0008 0009 0006 0007 0008 0009 0006 0007 001C 000A 0006 0007 0027 0011 0006 0007 0008 0009 001C 0014 0008 0004 001B 0007
0004 000B 0009 0022 001A 000D 000E 000F 0010 0013 0009 0006 0007 0008 0009 0006 0004 002A 000E 000F 0023 0029 000E 000F 0024 0008 0004 001B 0007 0004 000A 0006
0004 0014 0008 0015 0016 0002 0002 0002 0017 001A 000D 000E 000F 0024 0008 0009 002B 0001 0002 0017 0026 0019 0002 0017 0026 0007 0004 000A 0006 0004 000B 0009
0004 001B 0007 001C 000A 0006 0007 0008 0009 0019 0002 0002 0017 0026 0007 0008 0004 001B 0007 0008 0009 0006 0007 0008 0009 0006 0004 000B 0015 001D 0028 0008
0004 000A 0006 0004 000B 0015 000F 0024 0008 0009 0006 0007 0008 0009 0006 0007 0004 000A 0006 000C 000D 000E 000F 0010 0013 0009 0004 0014 0020 001E 001F 0007
0004 000B 0009 0004 0014 0019 0017 002C 0010 000D 000E 001F 000C 000D 000E 000F 001D 0018 0009 0019 0002 0002 0002 0017 001A 000D 001D 0026 0007 001C 000A 0006
0004 0014 0008 0004 001B 0007 0008 0019 0002 0002 0017 001E 0016 0002 0002 0017 002C 0024 0008 0009 0006 0007 0008 0009 0019 0017 0029 0011 0006 0004 000B 0009
0004 001B 0007 0004 000A 0006 0007 0008 0009 0006 0007 0020 0025 0006 0007 0008 0020 002C 0010 000D 000E 001F 0007 0008 0009 0006 001C 000B 0009 0004 0014 0008
0004 000A 0006 0022 0029 000E 000F 0010 000D 0011 0006 0007 0008 0009 0006 0007 0027 0016 0002 0002 0017 001E 000F 0010 0013 0009 0004 0014 0008 0004 001B 0007
0004 000B 0009 0012 0016 0002 0002 0002 0017 0029 000E 001F 0007 0008 0009 0006 001C 000B 0015 001F 0007 0019 0002 0017 0028 0008 0004 001B 0007 0004 000A 0006
0004 0014 0008 001C 001B 0007 0008 0009 0006 0019 0017 001E 000F 0010 0013 0009 0004 0014 0020 001E 000F 0024 0008 0009 0006 0007 0004 000A 0006 0004 000B 0009
0004 001B 0007 0004 000A 0006 0007 0008 0009 0006 0007 0019 0002 0017 0028 0008 0004 001B 0007 0019 0017 002C 0010 000D 000E 000F 001D 0018 0009 0004 0014 0008
0004 000A 0006 0004 000B 0015 000F 0010 000D 000E 000F 0010 000D 000E 000F 0010 001D 0025 0006 0007 0008 0019 0002 0002 0002 0017 0026 0007 0008 0004 001B 0007
0004 000B 0009 0004 0014 0019 0002 0002 0002 0002 0002 0002 0002 0002 0002 0017 001A 0013 0009 0006 0007 0008 0009 0006 0007 0008 0009 0006 0007 0004 000A 0006
0004 0014 0008 0004 001B 0007 0008 0009 0012 0024 0008 0009 0006 0007 0027 0021 002D 002E 000D 0011 0006 0007 0008 0015 001F 0007 0008 0009 0006 0004 000B 0009
0004 001B 0007 0022 001E 000F 0010 000D 0023 002C 0010 000D 000E 000F 002F 0001 0030 0002 0031 002A 000E 000F 0010 0023 001E 000F 0010 000D 000E 001D 0028 0008
0004 000A 0006 0007 0019 0002 0002 0017 0029 0016 0002 0002 0002 0002 0032 0033 0034 0035 0036 0002 0002 0002 0017 001A 0016 0002 0002 0002 0017 0025 0006 0007
0004 000B 0009 0006 0007 0008 0009 0006 0020 0018 0009 0006 0007 0008 0009 0006 0007 0008 0009 0006 0007 0008 0009 0020 0028 0008 0009 0006 0007 0008 0009 0006
0037 002E 000D 000E 000F 0010 000D 000E 000F 0010 000D 000E 000F 0010 000D 000E 000F 0010 000D 000E 000F 0010 000D 000E 000F 0010 000D 000E 000F 0010 000D 000E
