ATARI GAUNTLET MOTION OBJECT 16X16 TILEMAP
SOURCE: level-071.png
GRID: 32 X 32
TILE_SIZE: 16 X 16
ATLAS_TILES: 512
UNIQUE_PIXEL_TILES: 125
CONNECTED_OBJECT_GROUPS: 25

0000 0000 0000 0000 0000 0000 0000 0000 0000 0000 0000 0000 0000 0000 0000 0020 0000 0000 0000 0000 0000 0000 0000 0000 0000 0000 0000 0021 0022 0023 0000 0000
0000 0000 0000 0000 0000 0000 0000 0000 0000 0000 0000 0000 0000 0000 0000 0040 0000 0000 0000 0000 0000 0000 0000 0000 0000 0000 0000 0041 0042 0043 0044 0045
0000 0000 0000 0000 0000 0000 0000 0000 0000 0000 0000 0000 0000 0000 0000 0060 0000 0000 0000 0000 0000 0000 0000 0000 0000 0000 0000 0000 0000 0000 0000 0000
0000 0000 0000 0000 0000 0000 0000 0000 0000 0000 0000 0000 0000 0000 0000 0080 0000 0000 0000 0000 0000 0000 0000 0000 0000 0000 0000 0000 0000 0000 0000 0000
0000 0000 0000 0000 0000 0000 0000 0000 0000 0000 0000 0000 0000 0000 0000 00A0 0000 0000 0000 0000 0000 0000 0000 0000 0000 0000 0000 0000 0000 0000 0000 0000
0000 0000 0000 0000 0000 0000 0000 0000 0000 0000 0000 0000 0000 0000 0000 0000 0000 0000 0000 0000 0000 0000 0000 0000 0000 0000 0000 0000 0000 0000 0000 0000
0000 0000 0000 0000 0000 0000 0000 0000 0000 0000 0000 0000 0000 0000 0000 0000 0000 0000 0000 0000 0000 0000 0000 0000 0000 0000 0000 0000 0000 0000 0026 0027
0028 0000 0000 0000 0000 0029 002A 002B 0000 0000 0000 0000 002F 0030 0031 0000 0000 0000 0000 0000 0000 0000 0000 0000 0000 0000 0000 0000 0000 0000 0046 0047
0000 0000 0000 0000 0000 0049 004A 004B 0000 0000 0000 0000 004F 0050 0051 0000 0000 0000 0000 0000 0000 0000 0000 0000 0000 0000 0000 0000 0000 0000 0000 0000
0000 0000 0000 0000 0000 0000 0000 0000 006C 006D 006E 0000 0000 0000 0000 0000 0000 0000 0000 0000 0000 0000 0000 0000 0000 0000 0000 0000 0000 0000 0000 0000
0000 0000 0000 0000 0000 0000 0000 0000 008C 008D 008E 0000 0000 0000 0000 0000 0000 0000 0000 0000 0000 0000 0000 0000 0000 0000 0000 0000 0000 0000 0000 0000
0000 0000 0000 0000 0000 0000 0000 0000 0000 0000 0000 0000 0032 0033 0034 0000 0000 0000 0000 0000 0000 0000 0000 0000 0000 0000 0000 0000 0000 0000 0000 0000
0000 0000 0000 0000 0000 0000 0000 0000 0000 0000 0000 0000 0052 0053 0054 0000 0000 0000 0000 0000 0000 0000 0000 0000 0000 0000 0000 0000 0000 0000 0000 0000
0000 0000 0000 0000 0000 0000 0000 0000 0000 0000 0000 0000 0072 0000 0000 0000 0000 0000 0000 0000 0000 0000 0000 0000 0000 0000 0000 0000 0000 0000 0000 0000
0000 0000 0000 0000 0000 0000 0000 003A 003B 0000 0000 0000 0092 0000 0000 0000 0000 003D 0000 0000 0000 0000 0000 0000 0000 0000 0000 0000 0000 0000 0000 0000
0000 003E 0000 0000 0000 0000 0000 005A 005B 005C 0000 0000 00B2 0000 0000 0000 0000 0000 0000 0000 0000 0000 0000 0000 0000 0000 0000 0000 0000 0000 0000 0000
0000 0000 0000 0000 0077 0078 0079 0000 0000 0000 0000 0000 0000 0000 0000 0000 0000 00E0 0000 0000 0000 0000 0000 0000 0000 0000 0000 0000 0000 0000 0000 0000
0000 0000 0095 0096 0097 0098 0099 0000 0000 0000 0000 0000 00E2 00E3 00E4 0000 0000 0100 0101 0000 00E5 00E6 00E7 0000 0000 0000 0000 0000 0000 0000 0000 0000
0000 0000 0000 00B6 00B7 0000 0000 0000 00E9 00EA 00EB 0000 0102 0103 0104 0000 0000 0000 0000 0000 0105 0106 0107 0000 0000 0000 0000 0000 0000 0000 0000 0000
0000 0000 00D5 00D6 00D7 0000 0000 0000 0109 010A 010B 0000 0000 0000 0000 0000 0000 0000 0000 0000 0000 0000 0000 0000 0000 0000 0000 0000 0000 0000 0000 0000
0000 0000 0000 0000 0000 0000 0000 0128 0129 012A 0000 0000 0000 0000 0000 0000 0000 0000 0000 0000 0000 0000 0000 0000 0000 0000 0000 0000 0000 0000 0000 0000
00EC 00ED 00EE 00EF 00F0 0000 0000 0000 0000 0000 0000 0000 0000 0000 0000 0000 0000 0000 0000 0000 0000 0000 0000 0000 0000 0000 0000 0000 0000 0000 0000 0000
010C 010D 010E 0000 0000 0000 0000 0000 0000 0000 0000 0000 0000 0000 0000 0000 0000 0000 0000 0000 0000 0000 0000 0000 0000 0000 0000 0000 0000 0000 0000 0000
012C 012D 012E 0000 0000 0000 0000 0000 00F1 00F2 00F3 00F4 00F5 0000 0000 0000 0000 0000 0000 0000 00F6 00F7 00F8 0000 0000 00F9 0000 0000 0000 0000 0000 0000
014C 014D 014E 0000 0000 0000 0000 0000 0111 0112 0113 0114 0115 0000 0000 0000 0000 0000 0000 0000 0000 0000 0000 0000 0000 0119 0000 0000 00FA 00FB 00FC 00FD
0000 0000 0000 0000 0000 0000 0000 0000 0000 0000 0000 0000 0000 0000 0000 0000 0000 0000 0000 0000 0000 0000 0162 0000 0000 0000 0000 0000 0000 0000 0000 0000
0000 0000 0000 0000 0000 0000 0000 0000 0000 0000 0000 0000 0000 0000 0000 0000 0000 0000 0000 0000 0180 0181 0182 0183 0184 0000 0000 0000 0000 0000 0000 0000
0000 0000 0000 0000 0000 0000 0165 0166 0167 0000 0000 0000 0000 0000 0000 0000 0000 0000 0000 0000 01A0 01A1 01A2 0000 0000 0000 0000 0000 0000 0000 0000 0000
0000 0000 0000 0000 0000 0000 0185 0186 0187 0000 0000 0000 0000 0000 0000 0000 0000 0000 0000 0000 0000 0000 01C2 0000 0000 0000 0000 0000 0000 0000 0000 0000
0000 0000 0000 0000 0000 0000 0000 0000 0000 0000 0000 0000 0000 0000 0000 0000 0000 0000 0000 0000 0000 0000 01E2 0000 0168 0169 0000 0000 0000 0000 0000 0000
016C 016D 0000 0000 0000 0000 0000 0000 0000 0000 0000 0000 0000 0000 0000 0000 0170 0171 0172 0173 0000 0000 0000 0000 0000 0000 018A 018B 0000 0000 0000 0175
018C 018D 018E 0000 0000 0000 0000 0000 0000 0000 0000 0000 0000 0000 0000 018F 0190 0191 0192 0193 0000 0000 0000 0000 0000 01A9 01AA 01AB 0000 0000 0194 0195
