ATARI GAUNTLET PLAYFIELD 16X16 TILEMAP
SOURCE: level-031-playfield.png
GRID: 32 X 32
TILE_SIZE: 16 X 16
UNIQUE_TILES: 45

0000 0001 0002 0002 0002 0002 0003 0001 0002 0002 0002 0002 0002 0002 0002 0002 0002 0002 0002 0002 0004 0002 0002 0002 0002 0002 0002 0002 0002 0002 0002 0002
0005 0006 0007 0008 0009 000A 0005 000B 0009 000A 0007 0008 0009 000A 0007 0008 0009 000A 0007 0008 0009 000A 0007 0008 0009 000A 0007 0008 0009 000A 0007 0008
0005 000C 000A 0007 0008 0009 0005 000D 0008 0009 000A 0007 0008 0009 000A 0007 0008 0009 000A 0007 0008 0009 000A 0007 0008 0009 000A 0007 0008 0009 000A 0007
0005 000B 0009 000A 0007 0008 0005 000E 0007 0008 0009 000A 0007 0008 0009 000A 0007 0008 0009 000A 0007 0008 0009 000A 0007 0008 0009 000A 0007 0008 0009 000A
0005 000D 0008 0009 000A 0007 0005 000C 000A 0007 0008 0009 000A 0007 0008 0009 000A 0007 0008 0009 000A 0007 0008 0009 000A 0007 0008 0009 000A 0007 0008 0009
000F 000E 0007 0008 0009 000A 0005 0006 0010 0011 0012 0013 0010 0011 0012 0013 0010 0011 0012 0013 0010 0011 0012 0013 0014 000A 0015 0013 0010 0011 0012 0013
0016 000C 000A 0007 0008 0009 0017 0001 0002 0002 0002 0002 0002 0002 0002 0002 0002 0002 0002 0002 0002 0002 0002 0018 0019 0009 001A 0002 0002 0002 0002 0002
0005 000B 0009 000A 0007 0008 0005 000E 0007 0008 0009 000A 0007 0008 0009 000A 0007 0008 0009 000A 0007 0008 0009 000A 0007 0008 0009 000A 0007 0008 0009 000A
0005 000D 0008 0009 000A 0007 0005 000C 000A 0007 0008 0009 000A 0007 0008 0009 000A 0007 0008 0009 000A 0007 0008 0009 000A 0007 0008 0009 000A 0007 0008 0009
0005 000E 0007 0008 0009 000A 0005 000B 0009 000A 0007 0008 0009 000A 0007 0008 0009 000A 0007 0008 0009 000A 0007 0008 0009 000A 0007 0008 0009 000A 0007 0008
0005 000C 000A 0007 0008 0009 0005 000D 0008 0009 000A 0007 0008 0009 000A 0007 0008 0009 000A 0007 0008 0009 000A 0007 0008 0009 000A 0007 0008 0009 000A 0007
0005 000B 0009 000A 0007 0008 0005 000E 0007 0008 0009 000A 0007 0008 0009 000A 0007 0008 0009 000A 0007 0008 0009 000A 0007 0008 0009 000A 0007 0008 0009 000A
000F 001B 001C 0009 000A 0015 000F 001D 0011 0012 0013 0010 0011 0012 0013 0010 0011 0012 0013 0010 0011 0012 0013 0010 0011 0012 0013 0010 0011 0012 0013 0010
0000 001E 001F 0008 0009 001A 0000 0001 0002 0002 0002 0002 0002 0003 0001 0002 0002 0002 0002 0002 0002 0002 0002 0002 0002 0002 0002 0002 0002 0002 0002 0002
0005 001D 0020 0007 0008 0021 000F 000D 0008 0009 000A 0007 0008 0005 000E 0007 0008 0009 000A 0007 0008 0009 000A 0007 0008 0009 000A 0007 0008 0009 000A 0007
0017 001E 0022 0020 0015 0023 0016 000E 0007 0008 0009 000A 0007 0005 000C 000A 0007 0008 0009 000A 0007 0008 0009 000A 0007 0008 0009 000A 0007 0008 0009 000A
0005 001B 0024 001D 0024 001B 000F 000C 000A 0007 0008 0009 000A 0005 000B 0009 000A 0007 0008 0009 000A 0007 0008 0009 000A 0007 0008 0009 000A 0007 0008 0009
0017 0001 0000 0001 0000 0001 0016 000B 0009 000A 0007 0008 0009 0005 000D 0008 0009 000A 0007 0008 0009 000A 0007 0008 0009 000A 0007 0008 0009 000A 0007 0008
0005 001D 000F 001B 000F 001D 000F 000D 0008 0009 000A 0007 0008 0005 0025 0012 0013 0010 0011 0012 0013 0010 0011 0012 0013 0010 0020 0007 0008 0009 000A 0007
0017 0001 0004 0002 0004 0002 0026 0027 0007 0008 0009 000A 0007 0028 0002 0002 0002 0002 0002 0002 0002 0002 0002 0002 0002 0029 000C 000A 0007 0008 0009 000A
0005 000D 0008 0009 000A 0007 0008 0009 000A 0007 0008 0009 000A 0007 0008 0009 000A 0007 0008 0009 000A 0007 0008 0009 000A 0005 000B 0009 000A 0007 0008 0009
0005 000E 0007 0008 0009 000A 0007 0008 0009 000A 0007 0008 0009 000A 0007 0008 0009 000A 0007 0008 0009 000A 0007 0008 0009 0005 000D 0008 0009 000A 0007 0008
0005 000C 000A 0007 0008 0009 000A 0007 0008 0009 000A 0007 0008 0009 000A 0007 0008 0009 000A 0007 0008 0009 000A 0007 0008 0005 000E 0007 0008 0009 000A 0007
0005 000B 0009 000A 0007 0008 0009 000A 0007 0008 0009 000A 0007 0008 0009 000A 0007 0008 0009 000A 0007 0008 0009 000A 0007 0005 000C 000A 0007 0008 0009 000A
0005 000D 0008 0009 000A 0007 0008 0009 000A 0007 0008 0009 000A 0007 0008 0009 000A 0007 0008 0009 000A 0007 0008 0009 000A 0005 000B 0009 000A 0007 0008 0009
0005 000E 0007 0008 0009 000A 0007 0008 0009 000A 0007 0008 0009 000A 0007 0008 0009 000A 0007 0008 0009 000A 0007 0008 0009 0005 000D 0008 0009 000A 0007 0008
0005 000C 000A 0007 0008 0009 000A 0007 0008 0009 000A 0007 0008 0009 000A 0007 0008 0009 002A 0012 0013 0014 000A 0007 0008 0005 000E 0007 0008 0009 000A 0007
0005 000B 0009 000A 0007 0008 0009 000A 0007 0008 0009 000A 0007 0008 0009 000A 0007 0008 001A 0002 0029 000B 0009 000A 0007 0005 000C 000A 0007 0008 0009 000A
0005 000D 0008 0009 000A 0007 0008 0009 000A 0007 0008 0009 000A 0007 0008 0009 000A 0007 0008 0009 0005 000D 0008 0009 000A 0005 000B 0009 000A 0007 0008 0009
0005 000E 0007 0008 0009 000A 0007 0008 0009 000A 0007 0008 0009 000A 0007 0008 0009 000A 0007 0008 0005 000E 0007 0008 0009 0005 000D 0008 0009 000A 0007 0008
0005 000C 000A 0007 0008 0009 000A 0007 0008 0009 000A 0007 0008 0009 000A 0007 0008 0009 000A 0007 0005 000C 000A 0007 0008 002B 0027 0007 0008 0009 000A 0007
000F 002C 0010 0011 0012 0013 0010 0011 0012 0013 0010 0011 0012 0013 0010 0011 0012 0013 0010 0011 000F 002C 0010 0011 0012 0013 0010 0011 0012 0013 0010 0011
