ATARI GAUNTLET PLAYFIELD 16X16 TILEMAP
SOURCE: level-084-playfield.png
GRID: 32 X 32
TILE_SIZE: 16 X 16
UNIQUE_TILES: 76

0000 0001 0002 0002 0002 0002 0003 0001 0002 0002 0002 0002 0002 0002 0002 0002 0002 0002 0002 0002 0002 0002 0002 0002 0002 0002 0004 0002 0002 0002 0002 0002
0005 0006 0007 0008 0009 000A 0005 000B 000C 000D 000E 000F 0010 000A 0007 0008 0009 000A 0007 0008 0009 000A 0007 0008 0009 000A 0007 0008 0009 000A 0007 0008
0005 0011 000A 0007 0008 0009 0012 0001 0002 0013 0006 0014 0015 0016 000D 0017 0018 000C 000D 0017 0018 000C 000D 0017 0018 000C 000D 0017 0018 0019 000A 0007
001A 001B 0009 001C 000E 0008 0005 0006 0007 0005 0011 001C 001D 001E 0002 0002 0002 0002 0002 0002 0002 0002 0002 0002 0002 0002 0002 0002 001F 0020 0009 000A
0005 0021 0008 0022 0006 0007 0022 0023 000D 0024 000B 001E 0025 0026 0008 0009 000A 0007 0008 0009 000A 0007 0008 0009 000A 0007 0008 0009 000A 0007 0008 0009
0024 0006 0007 0005 0011 000A 0012 0001 0002 0004 0025 0020 0009 000A 0007 000F 000C 000D 0017 0018 000C 000D 0017 0018 000C 000D 0017 0018 000C 000D 0017 0018
0027 0011 000A 0005 001B 0009 0005 0021 0008 0009 000A 0007 0008 0016 000D 001E 0002 0002 0002 0002 0002 0002 0002 0002 0002 0002 0002 0003 001F 0002 0003 0001
0005 001B 0009 0005 0021 0008 0005 0006 0007 0008 0009 001C 0017 001E 0025 0028 0007 0008 0009 000A 0007 0008 0009 000A 0007 0008 0009 0005 0023 0008 0005 0006
0005 0021 0008 0005 0006 0007 0005 0011 000A 0029 0018 001E 0025 0026 0008 0009 000A 0007 0008 0009 000A 0007 000F 000C 002A 0007 0008 0005 002B 0017 0024 0011
0005 0006 0007 0005 0011 000A 0005 001B 0009 002C 002D 000B 000C 000D 0017 0018 000C 000D 0017 0018 000C 000D 002E 002D 0011 000A 0007 0012 0001 0002 002F 0020
0005 0011 000A 0005 001B 0009 0005 0021 0008 0030 0031 0001 0002 0002 0002 0002 0002 0002 0002 0002 0002 0002 0032 0033 0034 0019 000A 0035 0034 0019 001C 000E
0005 001B 0009 0005 0021 0008 0005 0006 0007 0008 0005 0006 0029 0018 000C 000D 0017 0018 000C 000D 0017 0036 0005 0006 0037 001B 0009 000A 0037 001B 0014 0028
0005 0021 0008 0005 0006 0007 0005 0011 000A 0007 0005 0011 0038 0001 0002 0002 0002 0002 0002 0002 0013 0021 0005 0011 0035 0039 0036 0009 0035 003A 003B 003C
0005 0006 0007 0005 0011 000A 0005 001B 0009 000A 0005 001B 0005 0006 0029 0018 000C 000D 0017 0036 0005 0006 0005 001B 0009 0037 0021 0008 0009 0037 0021 0008
0005 0011 000A 0005 001B 0009 0005 0021 0008 0009 0005 0021 0005 0011 0038 0001 0002 0002 0013 0021 0005 0011 0005 0021 0008 0035 003D 000E 0008 0005 0006 0007
0005 001B 0009 0005 0021 0008 0005 0006 0007 0008 0005 0006 0005 001B 0005 0006 0007 0008 0005 0006 0005 001B 0005 0006 0007 0008 0037 0006 0007 0005 0011 000A
0005 0021 0008 0005 0006 0007 0005 0011 000A 0007 0005 0011 0005 003E 0005 0011 000A 0007 0005 003E 0005 0021 0005 0011 000A 0007 0005 0011 000A 0005 001B 0009
0005 0006 0007 0005 0011 000A 0035 0034 0019 000A 0005 001B 0005 0006 0005 000B 000C 000D 0024 001B 0005 0006 0005 001B 0009 000A 0005 001B 0009 0005 0021 0008
0005 0011 000A 0005 001B 0009 000A 0037 001B 0009 0005 0021 0005 0011 003F 0002 0002 0002 002F 0026 0005 0011 0005 0021 0008 0009 0005 0021 0008 0005 0006 0007
0005 001B 0009 0035 0039 0036 0009 0035 0039 0036 0005 0006 0005 000B 000C 000D 0017 0018 000C 000D 0024 001B 0005 0006 0007 0008 0005 0006 0007 0005 0011 000A
0005 0040 0041 0010 0037 0021 0008 0009 0037 0021 0005 0011 003F 0002 0002 0002 0002 0002 0002 0002 002F 0026 0005 0011 000A 0007 0005 0011 000A 0005 001B 0009
0005 0006 0014 0020 0035 003D 000E 0008 0035 003D 0024 000B 000C 000D 0017 0018 000C 000D 0017 0018 000C 000D 0024 000B 0019 000A 0005 001B 0009 0005 0021 0008
0005 0011 001C 0017 0018 0042 0006 0007 0008 002C 0043 0001 0002 0002 0002 0002 0002 0002 0002 0002 0002 0002 0044 002D 001B 0009 0005 0021 0008 0005 0006 0007
0005 001B 0038 0001 0002 0027 0011 000A 0007 0030 0045 0028 0007 0008 0009 000A 0007 0008 0009 000A 0029 0018 0046 0045 0026 0008 0005 0006 0007 0005 0011 000A
0005 0021 0005 0011 000A 0005 001B 0009 000A 0007 0008 0009 000A 0007 0008 0009 000A 0007 000F 000C 001E 0025 0020 0009 000A 0007 0005 0011 000A 0005 001B 0009
0005 002B 0024 000B 0023 0024 0047 0018 000C 000D 0017 0018 000C 000D 0017 0018 000C 000D 001E 0025 0048 000A 0007 0008 0009 000A 0005 001B 0009 0005 0021 0008
0012 0001 0004 0002 0022 0004 0002 0002 0002 0002 0002 0002 0002 0002 0002 0002 0002 0025 0028 0007 0008 0009 001C 0017 0018 000C 0024 0021 0008 0005 0006 0007
0005 001B 0009 000A 0007 0008 0009 000A 0007 0008 0009 000A 0007 0008 0009 000A 0007 0008 0009 000A 0029 0018 001E 0003 0001 0002 0027 0006 0007 0005 0011 000A
0005 0021 0008 0009 001C 0017 0018 000C 000D 0017 0018 000C 000D 0017 0018 000C 000D 0017 0018 000C 001E 0025 0020 0005 0006 0023 001F 0011 000A 001F 0020 0009
001F 0006 0007 0008 0022 0002 0002 0002 0002 0002 0002 0002 0002 0002 0002 0002 0002 0002 0002 0025 0049 001C 000E 0005 004A 000D 0024 001B 0009 000A 0007 0008
0005 0011 000A 0007 0008 0009 000A 0007 0008 0009 000A 0007 0008 0009 000A 0007 0008 0009 000A 0007 004B 0014 0028 003F 0002 0002 0027 0021 0008 0009 000A 0007
0024 000B 000C 000D 0017 0018 000C 000D 0017 0018 000C 000D 0017 0018 000C 000D 0017 0018 000C 000D 001D 0018 000C 000D 0017 0018 0024 002B 0017 0018 000C 000D
