ATARI GAUNTLET MOTION OBJECT 16X16 TILEMAP
SOURCE: level-052.png
GRID: 32 X 32
TILE_SIZE: 16 X 16
ATLAS_TILES: 864
UNIQUE_PIXEL_TILES: 160
CONNECTED_OBJECT_GROUPS: 34

0000 0000 0000 0020 0021 0022 0023 0024 0000 0000 0000 0000 0000 0000 0000 0027 0028 0029 0000 0000 0000 0000 0000 0000 0000 0000 0000 0000 0000 0000 0000 002C
002D 0000 0000 0040 0041 0042 0043 0044 0000 0000 0000 002F 0000 0030 0000 0047 0048 0049 004A 0000 0031 0000 0000 0000 0000 0000 0000 0000 0000 0000 0000 004C
0000 0000 0000 0000 0000 0000 0000 0000 0000 0000 004E 0000 0000 0000 0000 0000 0000 0069 0000 0000 0000 0000 0000 0000 0000 0000 0032 0000 0000 0000 0000 0000
0000 0000 0000 0000 0033 0000 0000 0000 0000 0000 006E 0000 0000 0000 0000 0000 0000 0089 0000 0000 0000 0000 0000 0000 0000 0000 0000 0000 0000 0000 0000 0000
0000 0000 0000 0000 0053 0000 0000 0000 0000 0000 008E 0000 0000 0000 0000 0000 0000 00A9 0000 0000 0000 0000 0000 0000 0000 0000 0000 0000 0000 0000 0000 0000
0000 0000 0000 0000 0073 0074 0075 0076 0077 0000 00AE 0000 0000 0000 0000 0000 0000 00C9 00CA 00CB 0000 0038 0039 003A 0000 0000 0000 003B 003C 003D 0000 0000
0000 0000 0000 0000 0000 0000 0000 0096 0000 0000 00CE 0000 0000 0000 0000 00E7 00E8 00E9 00EA 00EB 0000 0058 0059 005A 0000 0000 0000 005B 005C 005D 005E 005F
0000 0000 0000 0000 0000 0000 00B5 00B6 0000 0000 00EE 0000 0000 0000 0000 0107 0108 0109 0000 0000 0000 0000 0000 0000 0000 0000 0000 007B 007C 007D 0000 0000
0000 0000 0000 0000 0000 0000 0000 0000 0000 0000 0000 0000 0000 0125 0126 0127 0128 0000 0000 0000 0000 0000 0000 0000 0000 0000 0000 009B 009C 009D 0000 0000
0160 0161 0000 0000 0000 0000 0000 0162 0163 0000 0000 0000 0000 0000 0146 0147 0148 0000 0000 0000 0000 0000 0168 0000 0000 0000 0000 0000 0000 0000 0000 0000
0000 0000 0000 0000 016A 016B 0000 0000 0000 0184 0185 0186 0187 0000 0000 0000 0000 0000 0000 0000 0000 0000 0000 0000 0000 0000 0000 0000 0000 0000 0000 0000
0000 0000 0000 0189 018A 018B 0000 0000 0000 01A4 0000 0000 0000 0000 0000 016C 0000 0000 0000 0000 0000 0000 0000 0000 0000 0000 016E 0000 0000 0000 0000 0000
0000 0000 0000 0000 0000 0000 0000 0000 0000 01C4 01C5 01C6 0000 0000 0000 0000 0000 0000 0000 0000 0000 0000 0000 0000 0000 018D 018E 018F 0000 0000 0000 0000
0000 0000 0170 0171 0172 0000 0000 0000 0000 01E4 01E5 01E6 0000 0000 0000 0000 0173 0174 0175 0000 0000 0000 0000 0000 0000 01AD 01AE 01AF 0000 0000 0000 0000
0000 0000 0190 0191 0192 0000 0000 0000 0000 0000 0000 0000 0000 0000 0000 0000 0193 0194 0195 0000 0000 0000 0000 0000 0000 0000 0000 0000 0000 0000 0000 0000
0000 0000 0000 0000 0000 0000 0000 0000 0000 0000 0000 0000 0000 0000 0000 0000 0000 0000 0000 0000 0000 0000 0000 0000 0000 0000 0000 0000 0000 0000 0000 0000
0000 0000 0000 0000 0000 0000 0000 0000 0000 0000 0000 0176 0177 0178 0000 0000 0000 0000 0000 0000 0000 0000 0000 0000 0000 0000 0000 0000 0000 0000 0000 0000
0000 0000 0000 0000 0000 0000 0000 0000 0000 0000 0000 0196 0197 0198 0000 0000 0000 0000 0000 0000 0000 0000 0000 0000 0000 0000 0000 0000 0000 0000 0000 0000
0179 0000 0000 0000 0000 0000 0000 0000 0000 0000 0000 0000 0000 0000 0000 0000 0000 0000 0000 0000 0000 0000 0000 0000 0000 0000 0000 0208 0209 020A 020B 020C
0199 0000 0000 0000 020D 020E 020F 0000 0000 0000 0000 0000 0000 0000 0000 0000 0000 0000 0000 0000 0221 0222 0223 0224 0225 0226 0000 0228 0229 022A 022B 022C
01B9 0000 0000 0000 022D 022E 022F 0000 0000 0000 0000 0213 0214 0215 0000 0000 0000 0000 0000 0240 0241 0242 0000 0000 0245 0246 0247 0000 0000 0000 024B 024C
01D9 0000 0000 0000 024D 024E 024F 0250 0251 0252 0000 0233 0234 0235 0000 0000 0000 0000 0000 0260 0261 0262 0000 0000 0000 0000 0000 0268 0269 026A 026B 026C
0000 0000 0000 0000 026D 026E 026F 0270 0000 0000 0000 0000 0000 0255 0256 0000 0000 0000 0000 0000 0000 0000 0000 0000 0000 0000 0000 0000 0000 0000 0000 0000
0000 0000 0000 0000 0000 0000 0000 0000 0000 0000 0000 0000 0000 0000 0000 0000 0000 0000 0000 0217 0218 0219 0000 0000 0000 0000 0000 0000 0000 021A 021B 021C
0000 0000 0000 0000 0000 0000 0000 0000 0000 0000 0000 0000 0000 0000 0000 0000 0000 0000 0000 0237 0238 0239 0000 0000 0000 0000 0000 0000 0000 023A 023B 023C
0000 0000 0000 0000 0000 0000 0000 0000 0000 0000 0000 0000 0280 0281 0282 0283 0284 0000 0000 0000 0000 0000 0000 0000 0000 0000 0000 0000 0000 0000 0000 0000
0000 0000 0000 0000 0000 0000 0000 0000 0000 0000 0000 0000 02A0 02A1 02A2 0000 0000 0000 0000 0000 0000 0000 0000 0000 0000 0000 0000 0000 0000 0000 0000 0000
0285 0000 0000 0286 0287 0288 0289 028A 028B 028C 0000 0000 0000 0000 0000 0000 0000 0000 0000 0000 028E 028F 0290 0000 0000 0000 0000 0000 0296 0297 0298 0299
0000 0000 0000 0000 0000 0000 0000 0000 0000 0000 0000 02E4 02E5 02E6 0000 0000 0000 0000 0000 02AD 02AE 02AF 02B0 02B1 02B2 02B3 02B4 02B5 02B6 0000 0000 0000
0000 0000 0000 0000 0000 0000 0000 0000 0000 0000 0000 0304 0305 0306 0000 0000 0000 0000 0000 0000 0000 02CF 02D0 02D1 0000 0000 0000 0000 0000 0000 0000 0000
0000 0000 0000 0000 0000 0000 0000 0320 0321 0322 0323 0324 0325 0326 0327 0000 0000 02E9 02EA 0000 0000 0000 0000 0000 0000 0000 02EC 02ED 02EE 0000 0000 0000
0000 0000 0000 0000 0000 0000 0000 0340 0341 0342 0343 0344 0345 0346 0347 0000 0308 0309 030A 030B 0000 0000 0000 02EF 0000 0000 030C 030D 030E 0000 0000 0000
