ATARI GAUNTLET MOTION OBJECT 16X16 TILEMAP
SOURCE: level-087.png
GRID: 32 X 32
TILE_SIZE: 16 X 16
ATLAS_TILES: 1408
UNIQUE_PIXEL_TILES: 242
CONNECTED_OBJECT_GROUPS: 28

0000 0000 0000 0000 0000 0000 0000 0000 0000 0000 002A 0000 0000 0000 0000 0000 0000 0000 0000 0000 0000 0000 0000 0000 0000 0000 0000 0000 0000 002B 002C 002D
0000 0000 0000 0000 0000 0000 0000 0000 0000 0000 004A 0000 0000 0000 0000 0000 0000 0000 0000 0000 0000 0000 0034 0000 0000 0036 0037 0038 0000 004B 004C 004D
0000 0000 0000 0063 0064 0065 0066 0067 0068 0069 006A 0000 0039 003A 003B 0000 0000 0000 0000 0000 0052 0053 0054 0000 0055 0056 0057 0000 0000 0000 0000 0000
0000 0000 0082 0083 0084 0085 0086 0087 0088 0089 0000 0000 0059 005A 005B 0000 006E 006F 0070 0000 0072 0073 0074 0000 0075 0076 0077 0000 003C 003D 003E 0000
0000 0000 00A2 00A3 00A4 00A5 00A6 00A7 00A8 00A9 0000 0000 0000 0000 007B 0000 008E 008F 0090 0091 0092 0000 0000 0000 0000 0000 0000 0000 005C 005D 005E 0000
00C0 00C1 00C2 00C3 0000 0000 0000 00C7 00C8 00C9 0000 0000 0000 0000 0000 0000 0000 0000 0000 0000 0000 0000 0000 0000 0000 0000 0000 0000 0000 0000 0000 007F
00E0 00E1 0000 0000 0000 0000 0000 0000 0000 0000 00EA 0000 0000 0000 0000 0000 0000 0000 0000 0000 0000 0000 0000 0000 0000 0000 0000 0000 0000 0000 0000 009F
0100 0101 0000 0000 0000 0145 0146 0147 0000 0000 0000 0000 0000 0000 0000 0000 0000 0000 0000 0000 0000 0000 0000 0000 0000 0000 0000 0000 0000 00BD 00BE 00BF
0120 0121 0000 0000 0000 0165 0166 0167 0000 0000 0000 0148 0149 014A 0000 0000 0000 0000 0000 0000 0000 0000 014B 014C 014D 0000 0000 0000 0000 0000 0000 00DF
0000 0000 0000 0000 0184 0185 0186 0000 0000 0000 0000 0168 0169 016A 0000 0000 0000 0000 0000 0000 0000 0000 0000 0000 0000 0000 0000 0000 0000 0000 0000 0000
01A0 01A1 01A2 01A3 01A4 01A5 01A6 0000 0000 0000 0000 0000 0000 0000 0000 0000 014F 0150 0151 0000 0000 0000 0000 0000 0000 0000 0000 0000 0000 0000 0152 0153
01C0 01C1 01C2 01C3 0000 0000 0000 0000 0000 0000 0000 0000 0000 0000 0000 016E 016F 0170 0000 0000 0000 0000 0000 0000 0000 0000 0000 0000 0000 0000 0000 0173
0000 0000 0000 01E3 0000 0000 0000 0000 0225 0226 0227 0228 0229 022A 0000 0000 018F 0000 0000 0000 022E 022F 0230 0231 0232 0233 0234 0000 0000 0000 0000 0000
0000 0000 0000 0203 0000 0000 0243 0244 0245 0246 0247 0248 0249 0000 0000 0000 01AF 0000 0000 0000 024E 0000 0000 0000 0000 0000 0000 0000 0000 0235 0236 0237
0000 0000 0000 0000 0000 0000 0263 0264 0265 0266 0267 0268 0000 0000 0000 0000 01CF 0000 0000 0000 0000 0000 0000 0000 0000 0000 0000 0000 0000 0255 0256 0257
0238 0239 023A 0000 0281 0282 0283 0000 0000 0000 0000 0288 0000 0000 0000 0000 0000 0000 0000 0000 0000 0000 0342 0343 0344 0000 0000 0000 0000 0000 0000 0000
0258 0259 025A 0000 02A1 02A2 02A3 0000 0000 0000 0000 02A8 0000 0000 02AB 02AC 02AD 0000 0000 0000 0000 0000 0362 0363 0364 0000 0000 0000 0000 0347 0000 0348
0278 0279 0000 0000 0000 0000 0000 0000 0000 0000 02C7 02C8 02C9 0000 02CB 02CC 02CD 0000 0000 0000 0380 0381 0382 0000 0384 0385 0386 0000 0000 0000 0000 0368
0000 0000 0000 02E0 02E1 02E2 0000 0000 02E5 0000 02E7 02E8 02E9 02EA 02EB 02EC 0000 0000 0000 0000 03A0 03A1 03A2 03A3 03A4 03A5 03A6 0000 0000 0000 0000 0000
0000 0000 0000 0300 0301 0302 0303 0304 0305 0306 0000 0000 0000 0000 0000 0000 0000 0000 0000 0000 03C0 03C1 03C2 03C3 03C4 03C5 03C6 0000 0000 0000 0000 0000
0000 0000 0000 0000 0000 0322 0323 0324 0325 0326 0000 0000 0000 0000 0000 0349 034A 0000 0000 0000 03E0 03E1 03E2 03E3 03E4 03E5 03E6 0000 034B 034C 034D 0000
034F 0000 0000 0000 0000 0000 0000 0000 0000 0000 0000 0000 0000 0000 0000 0000 0000 0000 0000 0000 0000 0000 0000 0403 0000 0000 0000 0000 036B 036C 036D 036E
036F 0370 0000 0000 0000 0000 0000 0000 0000 0000 0000 0000 0000 0000 0000 0000 0000 0000 0000 0000 0000 0000 0422 0423 0424 0000 0000 0000 0000 0000 0000 038E
0000 0000 0000 0000 0000 0000 0000 0000 0000 0000 0000 0000 0000 0000 0000 0000 0000 0000 0000 0000 0000 0000 0442 0443 0444 0000 0000 0000 0000 0000 0000 0000
0351 0352 0353 0354 0355 0000 0000 0000 0000 0000 0000 0000 0000 0000 0000 0000 0000 0000 0000 0000 0000 0000 0000 0000 0000 0000 0000 0000 0000 0468 0469 046A
0000 0000 0000 0000 0000 0000 0000 0000 0000 0000 0000 0472 0473 0474 0000 0000 0000 0000 0000 0000 0000 0000 0000 0000 0000 0000 0000 0000 0000 0488 0489 048A
047B 047C 047D 0000 0000 0000 0000 0000 0000 0000 0000 0492 0493 0494 0495 0496 0497 0498 0499 049A 0000 0000 0000 04A2 04A3 04A4 04A5 04A6 04A7 04A8 04A9 04AA
0000 0000 0000 0000 0000 0000 0000 0000 0000 04B0 04B1 04B2 0000 04B4 04B5 04B6 04B7 04B8 0000 0000 0000 04C0 04C1 04C2 04C3 04C4 04C5 04C6 04C7 04C8 0000 0000
0000 0000 0000 0000 0000 0000 04CD 04CE 04CF 04D0 04D1 04D2 0000 04D4 04D5 04D6 04D7 04D8 0000 0000 0000 04E0 04E1 04E2 04E3 04E4 04E5 04E6 04E7 04E8 0000 0000
0000 0000 0000 0000 04EB 0000 04ED 04EE 04EF 04F0 04F1 04F2 0000 04F4 04F5 04F6 0000 0000 0000 0000 0000 0000 0000 0000 0000 0000 0000 0000 0000 0000 0000 0000
047E 047F 0000 0000 050B 050C 0000 0000 0000 0000 0511 0512 0513 0514 0000 0000 0000 0000 0000 0000 0000 0000 0000 0000 0000 0000 0000 0540 0000 0000 0000 0541
049E 049F 0000 0000 052B 052C 0000 0000 0000 0000 0000 0000 0533 0534 0000 0000 0000 0000 0000 0000 0000 0000 0000 0000 0000 0000 0000 0000 0000 0000 0000 0561
