ATARI GAUNTLET MOTION OBJECT 16X16 TILEMAP
SOURCE: level-070.png
GRID: 32 X 32
TILE_SIZE: 16 X 16
ATLAS_TILES: 1152
UNIQUE_PIXEL_TILES: 145
CONNECTED_OBJECT_GROUPS: 31

0000 0000 0020 0021 0022 0000 0000 0000 0000 0000 0000 0000 0000 0000 0000 0000 0000 0000 0000 0000 0000 0000 0000 0000 0024 0025 0000 0000 0028 0029 0000 0000
0000 0000 0040 0041 0042 0043 0000 0000 0000 0000 0000 0000 0000 0000 0000 0000 0000 0000 0000 0000 002B 002C 0000 0000 0044 0045 0046 0000 0048 0049 004A 0000
0000 0000 0000 0000 0000 0000 0000 0000 0000 0000 0000 0000 0000 0000 0000 0000 0000 0000 0000 0000 0000 0000 0000 0000 0000 0000 0000 0067 0068 0000 0000 0000
0000 0000 0000 002D 002E 002F 0000 0000 0000 0000 0000 0000 0000 0000 0000 0000 0000 0000 0000 0000 0000 0000 0000 0000 0000 0000 0000 0000 0000 0000 0000 0000
0000 0000 0000 0000 0000 0000 0000 0000 0000 0030 0031 0032 0000 0000 0000 0033 0034 0035 0000 0000 0000 0000 0000 0038 0039 003A 003B 0000 0000 0000 0000 0000
0000 0000 0000 0000 0000 0000 0000 0000 0000 0000 0000 0000 0000 0000 0000 0053 0054 0055 0000 0000 0000 0000 0000 0058 0059 005A 0000 0000 0000 0000 0000 0000
003C 003D 0000 0000 0000 0000 0000 00A0 0000 0000 0000 0000 0000 0000 0000 0000 0000 0075 0076 0077 0000 0000 0000 0000 0000 0000 0000 0000 0000 0000 0000 00A5
005C 005D 0000 0000 0000 0000 0000 0000 0000 0000 0000 0000 0000 0000 0000 0000 0000 0000 0000 0000 0000 0000 0000 0000 0000 0000 0000 0000 0000 0000 0000 00C5
0000 007D 007E 0000 0000 0000 0000 0000 0000 00A6 0000 0000 0000 0000 0000 0000 0000 0000 0000 00A7 00A8 00A9 00AA 0000 0000 0000 0000 0000 00E2 00E3 00E4 0000
0000 0000 0000 009F 0000 0000 0000 0000 0000 0000 0000 0000 0000 0000 00AE 00AF 00B0 0000 0000 00C7 00C8 00C9 0000 0000 0000 0000 0000 0101 0102 0103 0104 0105
00B1 0000 0000 0000 0000 0000 0000 0000 0000 0000 0000 0000 00CC 00CD 00CE 0000 0000 0000 0000 0000 0000 00E9 00EA 00EB 0000 0000 0000 0121 0122 0123 0124 0125
0000 0000 0000 0000 0000 0000 0000 0000 0000 0000 0000 0000 00EC 00ED 00EE 0000 0000 0000 0000 0000 0000 0109 010A 010B 0000 0000 0000 0000 0000 0000 0000 0000
0000 0000 0000 0000 00B2 00B3 00B4 00B5 0000 0000 0000 0000 0000 0000 0000 0000 0000 0000 0000 0127 0128 0129 012A 012B 0000 0000 0000 0000 0000 0000 0000 0000
0000 0000 0000 0000 0000 00D3 00D4 00D5 0000 0000 00B6 00B7 0000 0000 0000 00BA 00BB 00BC 0000 0147 0148 0149 0000 0000 0000 0000 0000 0000 0160 0161 0162 0000
0000 0000 0000 0000 0000 0000 0000 0000 0000 0000 00D6 00D7 00D8 00D9 0000 0000 0000 0000 0000 0000 0000 0000 0000 0000 0000 0000 0000 0000 0000 0000 0000 0183
0000 0000 0000 0000 0000 0000 0000 0000 0000 0000 0000 00F7 00F8 00F9 0000 0000 0000 0000 0000 0000 0000 0164 0165 0166 0000 0000 0000 0000 0000 0000 0000 0000
0000 0000 0000 0000 0000 0000 0000 0000 0000 0000 0000 0117 0118 0119 0000 0000 0000 0000 0000 0000 0000 0000 0000 0000 0000 0000 0000 0000 0000 0000 0000 0000
0000 0167 0168 0169 0000 0000 0000 0000 0000 0000 0000 0000 0000 0000 0000 0000 0000 0000 0000 0000 0000 0172 0000 0000 0000 0000 0000 0000 0000 0000 0000 0000
0000 0187 0188 0189 0000 0000 0000 0000 0000 0000 0000 0000 0000 0000 0000 0000 0000 0000 0000 0190 0191 0000 0000 0000 0000 0000 0000 0174 0175 0000 0000 0000
0000 0000 0000 0000 01AA 0000 0000 0000 0179 017A 017B 0000 0000 0000 0000 0000 01AD 01AE 01AF 0000 0000 0000 0000 0000 0000 0000 0193 0194 0195 0000 0000 0000
0000 0000 0000 0000 0000 0000 0000 0198 0000 0000 0000 0000 0000 0000 0000 01CC 01CD 01CE 0000 0000 0000 0000 0000 0000 0000 0000 0000 0000 0000 0000 0000 0000
0000 0000 0000 0000 0000 01B6 01B7 01B8 0000 0000 0000 0000 0000 0000 0000 01EC 01ED 01EE 0000 0000 0000 0000 0281 0282 0283 0000 0000 0000 028A 028B 028C 0000
0000 0000 0000 0000 0000 01D6 01D7 01D8 01D9 0000 0000 0000 0000 0000 0000 020C 020D 0000 0000 0000 0000 0000 02A1 02A2 02A3 02A4 0000 0000 02AA 02AB 02AC 0000
028D 028E 0000 0000 0000 0000 01F7 01F8 01F9 01FA 0000 0000 0000 0000 0000 0000 0000 022E 022F 0230 0000 02C0 02C1 02C2 02C3 02C4 02C5 0000 0000 0000 0000 0000
02AD 02AE 0000 0000 0000 0000 0217 0218 0219 0000 0000 0000 028F 0000 0000 0000 0000 024E 024F 0250 0000 02E0 02E1 02E2 02E3 02E4 02E5 02E6 0000 0000 0000 0290
0000 0000 0000 0000 0000 0000 0000 0000 0000 0000 0000 0000 0000 0000 026B 026C 026D 0000 0000 0000 0000 0000 0000 0000 0303 0304 0305 0306 0307 0000 0000 0000
0000 0291 0292 0293 0000 0000 0000 0000 0000 0000 0000 0000 0000 0000 0000 0000 0000 0000 0000 0000 0000 0000 0000 0322 0323 0324 0325 0326 0327 0328 0000 0000
0000 02B1 02B2 02B3 02B4 02B5 02B6 02B7 02B8 02B9 02BA 02BB 0000 0000 0000 0000 03E1 03E2 0000 0000 0000 0000 0000 0000 0000 0344 0345 0346 0347 0348 0349 0000
0000 0000 0000 02D3 02D4 02D5 02D6 02D7 02D8 02D9 02DA 02DB 0000 0000 0000 0400 0401 0402 0000 0000 0000 0000 0000 0000 0000 0364 0365 0366 0367 0368 0369 0000
0000 0000 0000 0000 0000 0000 0000 0000 0000 0000 0000 0000 0000 0000 0000 0000 0000 0000 0423 0424 0425 0000 0000 0000 0000 0000 0000 0000 0387 0388 0000 0000
0000 0000 0000 03E7 0000 03E9 03EA 03EB 0000 0000 0000 0000 0000 0000 0000 0000 0000 0000 0443 0444 0445 0000 0000 0000 0000 03A4 03A5 03A6 03A7 03A8 03A9 0000
0000 0000 0000 0407 0408 0409 040A 040B 0000 0000 0000 0000 0000 0000 0000 0000 0000 0000 0000 0464 0465 0466 0000 0000 0000 03C4 03C5 03C6 03C7 03C8 03C9 0000
