ATARI GAUNTLET MOTION OBJECT 16X16 TILEMAP
SOURCE: level-061.png
GRID: 32 X 32
TILE_SIZE: 16 X 16
ATLAS_TILES: 1344
UNIQUE_PIXEL_TILES: 140
CONNECTED_OBJECT_GROUPS: 22

0000 0000 0000 0000 0020 0000 0021 0022 0023 0000 0000 0024 0000 0000 0000 0000 002A 002B 002C 0000 003A 003B 003C 0000 0032 0000 0034 0035 0036 0037 0038 0039
003D 0000 0000 0000 0040 0000 0041 0042 0043 0000 0000 0044 0045 0000 0000 0000 004A 004B 004C 0000 005A 005B 005C 0000 0052 0053 0054 0055 0056 0057 0058 0059
005D 0000 0000 0000 0060 0000 0000 0000 0000 0000 0000 0064 0000 0000 0000 0000 0000 0000 006C 0000 0000 0000 0000 0000 0072 0000 0000 0000 0000 0000 0078 0079
0000 0000 0000 0000 0080 0000 0000 0000 0000 0000 0000 0084 0000 0420 0421 0422 0000 0000 008C 008D 008E 0000 0000 0000 0092 0000 0000 0000 0000 0000 0000 0000
0000 0425 0426 0000 00A0 0000 0000 0000 0000 0000 0000 00A4 0000 0440 0441 0442 0443 0000 00AC 00AD 00AE 0000 0000 0000 00B2 0000 0427 0428 0429 042A 042B 0000
0444 0445 0446 0000 00C0 0000 0000 0000 0000 0000 0000 00C4 0000 0000 0461 0462 0463 0000 00CC 0000 0000 0000 0000 0000 00D2 0000 0447 0448 0449 044A 044B 0000
0000 0000 0000 0000 00E0 0000 0000 042C 042D 042E 0000 00E4 0000 0000 0000 0000 0000 0000 00EC 0000 0000 0000 00F0 00F1 00F2 0000 0000 0000 0000 0000 0000 0000
0000 0000 0000 0000 0100 0000 0000 0000 0000 0000 0000 0104 0000 0000 0000 0000 0000 0000 010C 010D 010E 0000 0000 0000 0112 0000 0000 0000 0000 0000 0000 0000
0000 0000 0000 0000 0120 0000 0000 0000 0000 0000 0000 0124 0000 0000 0000 0000 0000 0000 012C 012D 012E 0000 0000 0000 0132 0133 0134 0135 0136 0137 0138 0139
042F 0000 0000 0000 0140 0000 0000 0000 0000 0000 0000 0144 0000 0000 0000 0000 0000 0000 014C 014D 014E 0000 0000 0000 0152 0153 0154 0000 0156 0157 0158 0159
044F 0000 0000 0000 0160 0000 0000 0430 0431 0432 0000 0164 0000 0433 0434 0435 0000 0000 016C 016D 016E 0000 0000 0000 0172 0173 0174 0000 0176 0177 0178 0179
0000 0000 0000 0000 0180 0000 0000 0450 0451 0452 0000 0184 0000 0453 0454 0455 0000 0000 018C 0000 0000 0000 0000 0000 0192 0000 0000 0000 0000 0000 0000 0000
0000 0000 0000 0000 01A0 0000 0000 0000 0000 0000 0000 01A4 0000 0000 0000 0000 0000 0000 01AC 0000 0000 0000 01B0 01B1 01B2 0000 0000 0000 0000 0000 0000 0000
0000 0000 0000 0000 01C0 0000 0000 0000 0000 0000 0000 01C4 0000 0000 0000 0000 0000 0000 01CC 0000 0000 0000 0000 0000 01D2 0000 0000 0000 0000 0000 0000 0000
0000 0000 0000 0000 01E0 0000 0000 0000 0000 0000 0000 01E4 0000 0000 0000 0000 0000 0000 01EC 0000 0000 0000 0000 0000 01F2 0000 0000 0000 0000 0000 0000 0000
0000 0000 0000 0000 0200 0000 0000 0000 0000 0000 0000 0204 0000 0000 0000 0000 0000 0000 020C 020D 020E 020F 0210 0000 0212 0000 0000 0000 0000 0000 0000 0000
0000 0000 0000 0000 0220 0000 0000 0436 0437 0438 0000 0224 0000 0000 0000 0000 0000 0000 022C 022D 022E 022F 0230 0000 0232 0000 0000 0000 0000 0000 0439 0000
0000 0000 0000 0000 0240 0000 0000 0000 0000 0000 0000 0244 0000 0000 0000 0000 0000 0000 024C 0000 0000 0000 0000 0000 0252 0000 0000 0000 0000 0000 0459 045A
0000 0000 0000 0000 0260 0000 0000 0000 0000 0000 0000 0264 0000 0000 0000 0000 0000 0000 026C 0000 026E 026F 0270 0271 0272 0000 0000 0000 0000 0000 0000 0000
0000 0000 0000 0000 0280 0000 0000 0000 0000 0000 0000 0284 0000 043B 043C 043D 0000 0000 028C 0000 028E 028F 0290 0000 0292 0000 0000 0000 0000 0000 0000 0000
0000 0000 0000 0000 02A0 0000 0000 0000 0000 0000 0000 02A4 0000 045B 045C 045D 0000 0000 02AC 0000 0000 0000 0000 0000 02B2 0000 0000 0000 0000 0000 0000 0000
0000 0000 0000 0000 02C0 0000 0000 0480 0481 0482 0000 02C4 0000 0000 0000 0000 0000 0000 02CC 02CD 02CE 0000 0000 0000 02D2 0000 0000 0000 0000 0000 0000 0000
0000 0000 0000 0000 02E0 0000 0000 04A0 04A1 04A2 0000 02E4 0000 0000 0000 0000 0000 0000 02EC 02ED 02EE 0000 0000 0000 02F2 0000 0000 0000 0000 0000 0000 0000
0000 0000 0000 0000 0300 0000 0000 0000 0000 0000 0000 0304 0000 0000 0000 0000 0000 0000 030C 0000 0000 0000 0000 0000 0312 0313 0314 0315 0000 0317 0318 0319
0000 0000 0000 0000 0320 0000 0000 0000 0000 0000 0000 0324 0000 0000 0000 0000 0000 0000 032C 032D 032E 0000 0000 0000 0332 0333 0334 0335 0000 0337 0338 0339
0483 0000 0000 0000 0340 0000 0000 0000 0000 0000 0000 0344 0000 0347 0348 0349 0000 0000 034C 034D 034E 0000 0350 0351 0352 0353 0354 0355 0356 0357 0358 0359
04A3 0000 0000 0000 0360 0000 0000 0000 0000 0000 0000 0364 0000 0367 0368 0369 0000 0000 036C 0000 036E 036F 0370 0000 0372 0373 0374 0375 0376 0377 0378 0379
0000 04C4 04C5 0000 0380 0000 0000 0486 0487 0488 0000 0384 0000 0000 0388 0389 038A 0000 038C 0000 038E 038F 0390 0000 0392 0000 0000 0000 0000 0000 0000 0000
04E3 04E4 04E5 0000 03A0 0000 0000 0000 0000 0000 0000 03A4 0000 0000 03A8 03A9 03AA 03AB 03AC 0000 0000 0000 03B0 03B1 03B2 03B3 03B4 03B5 03B6 03B7 03B8 03B9
0503 0000 0000 0000 03C0 0000 0000 0000 0000 0000 0000 03C4 0000 0000 0000 0000 03CA 03CB 03CC 0000 0000 0000 03D0 03D1 03D2 0000 0000 0000 0000 0000 03D8 03D9
0523 0000 0000 0000 03E0 0000 0489 048A 048B 0000 0000 03E4 03E5 03E6 0000 0000 03EA 03EB 03EC 0000 03EE 03EF 03F0 0000 03F2 0000 0000 0000 0000 0000 03F8 03F9
0000 0000 0000 0000 0400 0000 04A9 04AA 04AB 0000 0000 0404 0405 0406 0000 0000 040A 040B 040C 040D 040E 040F 0410 0000 0412 0000 048C 0000 048D 0000 0418 0000
