ATARI GAUNTLET MOTION OBJECT 16X16 TILEMAP
SOURCE: level-099.png
GRID: 32 X 32
TILE_SIZE: 16 X 16
ATLAS_TILES: 832
UNIQUE_PIXEL_TILES: 153
CONNECTED_OBJECT_GROUPS: 29

0020 0021 0022 0000 0000 0000 0000 0000 0000 0000 0000 0000 0000 0000 0000 0000 0000 0000 0000 0000 0024 0025 0000 0000 0000 0000 0000 0000 0000 0000 0000 0000
0040 0041 0042 0000 0000 0000 0000 0000 0026 0027 0028 0000 0000 0000 0029 002A 002B 0000 0000 0043 0044 0045 0000 0000 0000 0000 002C 002D 002E 002F 0030 0031
0060 0000 0000 0000 0000 0000 0000 0000 0000 0000 0000 0000 0000 0000 0049 004A 004B 0000 0000 0000 0000 0000 0000 0000 0000 0000 004C 004D 004E 004F 0050 0051
0000 0000 0000 0000 0000 0037 0038 0000 0000 0000 003B 0000 0000 0000 0000 0000 0000 0000 003D 003E 0000 0000 0000 0000 0000 0000 006C 006D 006E 0000 0000 0000
0000 0000 0000 0000 0056 0057 0058 0000 0000 0000 005B 0000 0000 0000 0000 0000 0000 005C 005D 005E 0000 0000 0000 0000 0000 0000 0000 0000 0000 0000 0000 0000
0072 0073 0074 0075 0076 0077 0078 0000 0000 0000 0000 0000 0000 0000 0000 0000 0000 0000 0000 0000 0000 0000 0000 0000 0000 0000 0000 0000 0000 00E0 00E1 00E2
0092 0093 0094 0095 0096 0097 0098 0099 009A 0000 0000 0000 0000 0000 0000 0000 0000 0000 0000 0000 0000 0000 0000 0000 0000 0000 0000 0000 0000 0000 0000 0000
00B2 00B3 00B4 00B5 00B6 0000 0000 00B9 0000 0000 0000 0000 0000 0000 0000 00E4 00E5 00E6 0000 0000 0000 0000 0000 0000 0000 0000 0000 0000 0000 0000 0000 0000
00D2 00D3 00D4 00D5 00D6 0000 0000 00D9 00DA 0000 0000 0000 0000 0000 0103 0104 0105 0106 0000 0000 0000 0000 0000 0000 0000 0000 0000 0000 0000 0000 0000 0000
0000 0000 0000 0000 0000 0000 0000 0000 0000 0000 0000 0000 0000 0000 0000 0000 0000 0000 0000 0000 0000 0000 0000 0000 0000 0000 0000 0000 0000 0000 0000 0000
0000 0000 0000 0000 0000 0000 0000 0000 0000 0000 0000 0000 0000 0000 0000 0000 0000 0000 0000 0000 0000 0000 0000 0000 0000 0000 0000 00E7 00E8 00E9 0000 0000
0000 00EB 00EC 00ED 0000 0000 0000 0000 0000 0000 0000 0000 0000 0000 0000 0000 0000 0000 0000 00F0 0000 0000 0000 0000 0000 0000 0000 0000 0000 0000 0000 00F1
0000 010B 010C 010D 0000 0000 0000 0000 00F2 00F3 00F4 0000 0000 0000 0000 0000 0000 0000 0000 0000 0000 0000 0000 00F7 00F8 00F9 00FA 0000 0000 0000 0000 0000
0000 012B 012C 012D 0000 0000 0000 0000 0000 0000 0000 0000 0000 0000 0000 0000 0000 0000 0000 0000 0000 0000 0116 0117 0118 0119 011A 0000 0000 0000 0000 0000
0000 014B 014C 014D 0000 0000 0000 0000 0000 0000 0000 0000 0000 0000 0000 0000 0000 0000 0000 0000 0000 0000 0136 0000 0000 0000 013A 013B 013C 013D 0000 0000
016A 016B 016C 0000 0000 0000 0000 0000 0000 0000 0000 0000 0000 0000 0000 0000 0000 0000 0000 0000 0000 0000 0156 0157 0158 0000 015A 0000 0000 0000 0000 0000
018A 018B 018C 018D 018E 018F 0000 0000 0000 0000 0000 0000 0000 0000 0000 0000 0000 0000 0000 0000 0000 0000 0176 0177 0178 0000 017A 0000 0000 0000 0000 0000
0000 0000 0000 0000 0000 0000 0000 0000 0000 0000 0000 0000 0000 0000 0000 0000 0000 0000 0000 0000 0000 0000 0196 0000 0000 0000 019A 0000 0000 0000 0000 0000
0000 0000 0000 0000 0000 0000 0000 0000 0000 0000 0000 0000 0000 0000 0000 0000 0000 0000 0220 0221 0222 0000 01B6 0000 0000 01B9 01BA 0000 0000 0000 0000 0000
0223 0224 0225 0000 0000 0000 0000 0000 0000 0000 0226 0000 0000 0000 0000 0000 0000 0000 0000 0000 0000 0000 01D6 0000 01D8 01D9 01DA 0000 0000 0000 0000 0000
0243 0244 0245 0000 0000 0000 0000 0000 0000 0000 0000 0000 0000 0000 0000 0000 0000 0000 0000 0000 0000 0000 01F6 0000 0000 0000 01FA 0000 0000 0000 0000 0000
0000 0000 0000 0000 0000 0000 0000 0000 0000 0000 0000 0000 0000 0000 0000 0000 0000 0000 0000 0000 0000 0215 0216 0217 0218 0219 021A 021B 021C 021D 021E 0000
0000 0000 0000 0000 0000 0000 0000 0000 0000 0000 0000 0000 0000 0000 022A 022B 0000 0000 0000 0000 0000 0000 0000 0000 0000 0000 0000 0000 0000 0000 0000 0000
0000 0000 0000 0000 0000 0000 0000 0000 0000 0000 0000 0247 0000 0249 024A 024B 0000 0000 0000 0000 0000 0000 0000 0000 0000 0000 0000 0000 0000 0000 0000 0000
022D 022E 022F 0230 0000 0000 0000 0000 0000 0000 0000 0000 0268 0269 026A 0000 0000 0000 0000 0231 0232 0233 0000 0000 0000 0000 0000 0000 0000 0000 0000 0000
024D 024E 024F 0000 0000 0000 0000 0000 0000 0000 0000 0000 0288 0289 028A 0000 028C 0000 0000 0000 0000 0000 0000 0000 0234 0235 0236 0000 0000 0000 0000 0000
026D 026E 026F 0000 0000 0000 0000 0000 0000 0000 0000 0000 0000 0000 0000 02AB 02AC 0000 0000 0000 0000 0000 0000 0000 0000 0000 0000 0000 0000 0000 0000 0000
0000 0000 0000 0000 0000 0000 0000 0000 0000 0000 0000 0000 0000 0000 02CA 02CB 02CC 0000 0000 0000 0000 0000 0000 0000 0000 0000 0000 0000 0000 0000 0000 0000
0000 0000 0000 0000 0000 0000 0000 0000 0000 0000 0000 0000 0000 0000 0000 0000 0000 0000 0000 0000 0000 0000 0000 0000 0000 0000 0000 0000 0000 0000 0000 0000
0237 0000 0238 0000 0000 0000 0000 0000 0000 0000 0000 0000 0000 0000 0000 023B 023C 0000 0000 0000 0000 0000 0000 0000 0000 0000 0000 0000 02E0 02E1 02E2 02E3
0257 0000 0258 0259 0000 0000 0000 0000 02E4 02E5 02E6 02E7 02E8 0000 025A 025B 025C 0000 0000 0000 0000 02EA 02EB 0000 0000 0000 0000 0000 0000 0301 0302 0303
0277 0000 0000 0000 0000 0000 0000 0000 0000 0000 0306 0307 0308 0000 0000 0000 0000 0000 0000 0000 0309 030A 030B 0000 0000 0000 0000 0000 0000 0321 0322 0323
