ATARI GAUNTLET MOTION OBJECT 16X16 TILEMAP
SOURCE: level-065.png
GRID: 32 X 32
TILE_SIZE: 16 X 16
ATLAS_TILES: 672
UNIQUE_PIXEL_TILES: 153
CONNECTED_OBJECT_GROUPS: 18

0000 0000 0000 0000 0000 0000 0000 0000 0000 0000 0000 0000 0000 0000 0000 0000 0000 0000 0000 0000 0000 0000 0000 0000 0000 0000 0000 0000 0000 0000 0000 0000
0000 0000 0000 0000 0000 0000 0000 0000 0000 0000 0000 0000 0000 0000 0000 0000 0000 0000 0000 0000 0000 0000 0000 0000 0000 0000 0000 0000 0000 0000 0000 0000
0000 0000 0000 0000 0000 0000 0000 0000 0000 0020 0021 0022 0000 0000 0000 0000 0000 0000 0000 0000 0000 0000 0000 0000 0000 0000 0000 0000 0000 0000 0000 0000
0000 0000 0000 0000 0000 0000 0000 0000 0000 0000 0000 0000 0000 0000 0000 0000 0000 0000 0000 0000 0000 0000 0000 0000 0000 0000 0000 0000 0000 0000 0000 0000
0000 0000 0000 0000 0024 0025 0026 0000 0000 0000 0000 0000 0000 0000 002E 002F 0030 0000 0032 0033 0000 0000 0000 0035 0036 0037 0038 0039 003A 0000 0000 0000
0000 0000 0000 0000 0044 0045 0046 0000 0000 0000 0000 0000 0000 0000 004E 004F 0050 0051 0052 0053 0054 0000 0000 0055 0056 0057 0058 0059 005A 0000 0000 0000
0000 0000 0000 0063 0064 0065 0066 0067 0068 0069 0000 0000 0000 0000 006E 006F 0070 0071 0072 0073 0074 0000 0000 0000 0000 0000 0000 0000 0000 0000 0000 0000
0000 0000 0000 0083 0084 0085 0086 0087 0088 0089 008A 0000 0000 0000 0000 0000 0000 0000 0000 0000 0000 0000 003C 003D 003E 0000 0000 0000 0000 0000 0000 0000
0000 0000 0000 0000 0000 0000 0000 0000 0000 0000 0000 00AB 00AC 00AD 0000 0000 0000 0000 0000 0000 0000 005B 005C 005D 005E 0000 0000 0000 0000 0000 0000 0000
0000 0000 0000 0000 0000 0000 0000 0000 0000 0000 0000 0000 0000 0000 0000 0000 0000 0000 0000 0000 0000 0000 0000 0000 0000 0000 0000 0000 0000 0000 0000 0000
0000 0000 0000 0000 0000 0000 0000 0000 0000 0000 0000 0000 0000 0000 0000 0000 0000 0000 0000 0000 0000 0000 0000 0000 0000 0000 00C0 00C1 00C2 0000 0000 0000
0000 0000 0000 0000 0000 0000 0000 0000 0000 0000 0000 0000 0000 0000 0000 0000 0000 0000 0000 0000 0000 0000 0000 0000 0000 0000 00E0 00E1 00E2 0000 0000 0000
0000 0000 0000 0000 0000 0000 0000 0000 0000 0000 0000 0000 0000 0000 0000 0000 0000 0000 0000 0000 0000 0000 0000 0000 0000 0000 0000 0000 0000 0000 0000 0000
0000 0000 0000 0000 0000 0000 0000 0000 0000 0000 0000 0000 0000 0000 0000 0000 0000 0000 0000 0000 0000 0000 0000 0000 0000 0000 00C3 00C4 00C5 0000 0000 0000
00C6 0000 0000 0000 0000 0000 0000 0000 0000 0000 0000 0000 0000 0000 0000 0000 0000 0000 0000 0000 0000 0000 0000 0000 0000 0000 0000 0000 0000 0000 00C7 00C8
0000 0000 0000 00CA 00CB 00CC 0000 00CE 0000 0000 0000 0000 0000 0000 0000 0000 0000 0000 0000 0000 0000 0000 0000 0000 0000 0000 0000 0000 0000 0000 0000 0000
0000 0000 00E9 00EA 00EB 00EC 00ED 00EE 00EF 0000 0000 0000 0000 0000 0000 0000 0000 00D0 0000 0000 0000 0000 0000 0000 0000 00D2 00D3 00D4 00D5 00D6 0000 0000
0000 0000 0109 010A 010B 010C 010D 010E 010F 0000 0000 0000 0000 0000 0000 0000 0000 00F0 00F1 0000 0000 0000 0000 0000 0000 00F2 00F3 00F4 00F5 00F6 0000 0000
0000 0000 0000 012A 012B 012C 012D 012E 012F 0000 0000 0000 0000 0000 0000 0000 0000 0000 0000 0000 0000 0000 0000 0000 0000 0000 0000 0000 0000 0000 0000 0000
0000 0000 0000 0000 0000 0000 014D 014E 014F 0000 0000 0000 0000 0000 0000 0000 0000 0000 0000 0000 0000 0000 0000 0000 0000 0000 0000 0000 0000 0000 0000 0000
0000 0000 0000 0000 0000 0000 0000 0000 0000 0000 0000 0000 0000 0000 0000 0000 0000 0000 0000 0000 0000 0000 0000 0000 0000 0000 0000 0000 00DA 00DB 00DC 0000
0000 0000 0000 0000 0000 0000 0000 0000 0000 0000 0000 0000 0000 0000 0000 0000 0000 0000 0000 0000 0000 0000 0000 0000 0000 00F7 00F8 00F9 00FA 00FB 00FC 0000
00DD 00DE 00DF 0000 0000 0000 0000 0000 0000 0000 0000 0000 0000 0000 0000 0000 0000 0000 0000 0000 0000 0000 0000 0000 0000 0117 0118 0119 0000 0000 0000 0000
00FD 00FE 00FF 0000 0000 0000 0000 0000 0000 0000 0000 0000 0000 0000 0000 0000 0000 0000 0000 0000 0000 0000 0000 0000 0000 0000 0000 0000 0000 0000 0000 0000
0000 0000 0000 0000 0000 0000 0000 0000 0000 0000 0000 0000 0167 0168 0169 0000 0000 0000 0000 0000 0000 0000 0000 0000 0000 0171 0172 0173 0000 0000 0000 0000
0000 0000 0000 0000 0000 0180 0181 0182 0183 0184 0185 0000 0187 0188 0189 0000 0000 0000 0000 018B 018C 018D 0000 0000 0000 0191 0192 0193 0194 0000 0000 0000
0000 0000 0000 0000 0000 01A0 01A1 01A2 01A3 01A4 01A5 01A6 0000 0000 0000 0000 0000 0000 0000 01AB 01AC 01AD 01AE 01AF 01B0 01B1 01B2 01B3 0000 0000 0000 0000
0000 0000 0000 0000 0000 0000 0000 0000 0000 0000 0000 0000 0000 0178 0179 017A 0000 0000 0000 01CB 01CC 01CD 01CE 0000 0000 01D1 01D2 01D3 0000 0000 0000 0000
0000 0000 0000 0000 0000 0000 0240 0241 0242 0243 0244 0000 0000 0198 0199 019A 019B 0000 01EA 01EB 01EC 01ED 0000 0000 01F0 01F1 01F2 01F3 01F4 0000 0000 0000
0000 0000 0000 0000 0000 0000 0260 0261 0262 0263 0264 0000 0000 0000 01B9 01BA 01BB 0000 020A 020B 020C 0000 0000 0000 0210 0211 0212 0213 0214 0000 0216 0217
0000 0000 0000 0000 0000 0000 0000 0281 0282 0283 0000 0000 0000 0000 0000 0000 0000 0000 0000 0000 0000 0000 0000 0000 0000 0231 0232 0233 0000 0235 0236 0237
0000 0000 0000 0000 0000 0000 0000 0000 0000 0000 0000 0000 0000 0000 0000 0000 0000 0000 0000 0000 0000 0000 0000 0000 0000 0000 0000 0000 0000 0000 0000 0000
