ATARI GAUNTLET PLAYFIELD 16X16 TILEMAP
SOURCE: level-046-playfield.png
GRID: 32 X 32
TILE_SIZE: 16 X 16
UNIQUE_TILES: 61

0000 0001 0002 0002 0003 0002 0002 0003 0002 0002 0002 0002 0002 0002 0002 0003 0002 0002 0002 0002 0002 0003 0002 0002 0002 0002 0002 0002 0002 0002 0002 0002
0004 0005 0006 0007 0008 0009 0006 0007 0008 0009 0006 0007 0008 0009 0006 0007 0008 0009 0006 0007 0008 0009 0006 0007 0008 0009 0006 0007 0008 0009 0006 0007
0004 000A 0009 0006 0007 0008 0009 0006 0007 0008 000B 000C 0007 000D 000E 0006 0007 0008 0009 000F 0010 0008 000B 000C 0007 000D 000E 0006 0011 0012 0009 0006
0004 0013 0008 0009 0006 0007 0008 0009 0006 0007 0014 0005 0006 0014 000A 0009 000F 0015 0016 0001 0017 0007 0014 0005 0006 0014 000A 0009 0014 0013 0008 0009
0004 0017 0007 0008 0009 0006 0007 0008 0009 0006 0004 000A 0009 0004 0013 0008 0018 0001 0002 0019 0005 0006 0004 000A 0009 0004 001A 0016 001B 0017 0007 0008
0004 0005 0006 0007 000D 001C 000C 0007 0008 0009 0004 0013 0008 0004 0017 0007 0004 0005 0006 0004 000A 0009 0004 0013 0008 001D 0002 0002 001E 001F 000C 0007
0004 000A 0009 0006 0020 0021 0005 0006 0007 0008 0004 0017 0007 0004 0005 0006 0004 000A 0009 0004 0013 0008 0004 0017 0007 0008 0009 0006 0007 0014 0005 0006
0004 0013 0008 0009 0006 0004 0022 0009 0006 0007 0004 0005 0006 0004 000A 0009 0004 0013 0008 0004 0017 0007 0004 0005 0006 0007 0008 0009 0006 0004 000A 0009
0004 0017 0007 0008 0009 0023 0024 0008 0009 0006 0004 000A 0009 0004 0013 0008 0004 0017 0007 0004 0005 0006 0004 000A 0009 0006 0007 0008 0009 0004 0013 0008
0004 0025 0026 0015 0016 001C 0026 0015 0012 0009 0004 0013 0008 0004 0017 0007 0004 0005 0006 0004 000A 0009 0004 0013 0008 0009 0006 0007 0008 0004 0017 0007
0027 0001 0002 0002 0002 0002 0002 0028 0024 0008 0004 0017 0007 0004 0005 0006 0004 000A 0009 0004 0013 0008 0004 0017 0007 0008 0009 0006 0007 0004 0005 0006
0004 0013 0008 0009 0006 0007 0008 0009 0006 0007 0004 0005 0006 0004 000A 0009 0004 0013 0008 0004 0017 0007 0004 0005 0006 0007 0008 0009 0006 0004 000A 0009
0004 0017 0007 0008 0009 0006 0011 0016 000E 0006 0004 000A 0009 0004 0013 0008 0004 0017 0007 0004 0005 0006 0023 0029 000E 0006 0007 0008 0009 0004 0013 0008
0004 0005 0006 0007 0008 0009 0018 002A 002B 0009 0004 0013 0008 0004 0017 0007 0004 0005 0006 0004 000A 0009 0006 002C 0029 000E 0006 0007 0008 0004 0017 0007
0004 000A 0009 0006 0007 0008 0004 0017 0007 002D 0004 0017 0007 0004 0005 0006 0023 002B 0009 0023 0024 0008 000B 000C 002C 0029 000E 0006 0007 0004 0005 0006
0004 0013 0008 0009 0006 0011 001B 0005 0006 0007 0004 0005 0006 0004 000A 0009 0006 0007 0008 0009 0006 0007 002C 002E 0006 002C 0029 000E 0006 0004 000A 0009
0004 0017 0007 0008 0009 0020 0019 000A 0009 0006 0004 000A 0009 0004 0013 0008 0009 0006 0007 0008 000B 000C 0007 0008 000B 000C 002C 0029 000E 0004 0013 0008
0004 0005 0006 0007 0008 0009 0004 0013 0008 0009 0004 0013 0008 0004 0017 0007 0008 0009 0006 0007 0014 0005 0006 0007 002C 002E 0006 0014 002F 001B 0017 0007
0004 000A 000B 000C 0007 0008 0004 0017 0007 0008 0004 0017 0007 0004 0005 0006 0007 0008 0009 0006 0004 000A 0009 0006 0007 0008 000B 0030 0002 001E 002E 0006
0004 0013 002C 002E 0006 0007 0004 0005 0006 0007 0004 0025 0026 001B 002F 001C 0026 0015 0016 001C 001B 0013 0008 0009 0006 0007 002C 002E 0006 0007 0008 0009
0004 0017 0007 0008 0009 0006 0004 000A 0009 0006 0027 0001 0002 0003 0002 0002 0002 0002 0031 0001 001E 0032 0007 0008 0009 0006 0007 0008 0009 0006 0007 0008
0004 0005 0006 0007 0008 0009 0004 0013 0008 0009 0004 0013 0008 0009 0006 0007 0008 0009 0004 0013 0008 0009 0006 0007 0008 0009 0006 0011 0016 001C 000C 0007
0004 000A 0009 0006 0007 0008 0004 0017 0007 0008 0004 0017 0007 0008 0009 0006 0007 0008 0004 0017 0007 0008 0009 0006 0007 0008 0009 0020 0002 0021 0005 0006
0004 0013 0008 0009 0006 0011 001B 0025 000C 0007 0004 0025 0026 0015 0016 001C 000C 0007 0004 0025 0026 0015 0016 001C 0026 0015 0016 001C 0026 001B 000A 0009
0004 0017 0007 0008 0009 0020 0003 0021 0005 0006 001D 0002 0002 0002 0002 0028 002E 0006 001D 0002 0002 0002 0002 0002 0002 0002 0002 0002 0002 001E 0024 0008
0004 0005 0006 0007 0008 0009 0006 0004 000A 0009 0006 0007 0008 0009 0006 0007 0008 0009 0006 0007 0008 0033 0006 0007 0008 0009 0006 0007 0008 0009 0006 0007
0004 002F 001C 0026 0015 0012 0009 0004 0013 0008 0009 0006 0007 0008 0009 0006 0007 0008 0009 0006 0007 0008 0009 0034 0007 0008 0009 0006 0007 0008 0009 0006
0035 0001 0002 0002 0021 0013 0008 0004 0017 0036 0008 0009 0006 0007 0008 0009 000F 0015 0016 0037 0026 0015 0016 001C 0026 0038 0016 001C 000C 0007 000D 001C
0019 0017 0007 0008 0004 0017 0007 0004 0005 0006 0007 0008 0009 0006 0036 000D 0039 0002 0002 0002 0002 0031 0001 0002 0002 0002 0002 0028 002E 0006 0020 0002
0004 0005 0006 0007 0004 0005 0006 0004 000A 0009 0006 0007 003A 0009 0006 0014 000A 0009 0006 0007 0008 0004 0017 0007 0008 0009 0006 0007 0008 0009 0006 0007
0004 000A 0009 0006 0004 000A 0009 0004 0013 0008 0009 0006 0007 0008 0009 0004 0013 0008 0009 0006 0007 0004 0005 0006 0036 003A 0009 0006 0007 0008 0009 0006
001B 003B 0016 001C 001B 001A 0016 001B 003C 0015 0016 001C 0026 0015 0016 001B 003C 0015 0016 001C 0026 001B 002F 001C 0026 0015 0016 001C 0026 0015 0016 001C
