ATARI GAUNTLET MOTION OBJECT 16X16 TILEMAP
SOURCE: level-093.png
GRID: 32 X 32
TILE_SIZE: 16 X 16
ATLAS_TILES: 1408
UNIQUE_PIXEL_TILES: 213
CONNECTED_OBJECT_GROUPS: 29

0020 0021 0022 0023 0000 0000 0000 0000 0000 0000 0000 0024 0025 0026 0000 0000 0000 0000 0000 0000 0000 0027 0028 0029 0000 0000 0000 0000 0000 0000 0000 002A
0040 0041 0042 0043 0000 0000 0000 0000 0000 0000 0000 0044 0045 0046 0000 0000 0000 0000 002B 0000 0000 0047 0048 0049 0000 0000 0000 002C 0000 0000 0000 004A
0000 0000 0062 0000 0000 0000 0000 0000 0000 0000 0000 0000 0000 0000 0000 0000 0000 0000 0000 0000 0000 0000 0000 0000 0000 0000 0000 0000 0000 0000 0000 0000
0000 0000 0000 0000 0000 002D 0000 0000 0000 0000 0000 0000 0000 0000 0000 0000 0000 0000 0000 0093 0094 0095 0000 0000 0000 0000 0000 0000 009A 009B 009C 009D
0000 0000 0000 0000 0000 0000 0000 0000 0000 0000 0000 0000 0423 0424 0425 0426 0427 0428 0000 00B3 00B4 00B5 0000 0000 0000 0000 0000 0000 0000 0000 0000 0000
0000 0000 0000 0000 0000 0429 0000 0000 0000 0000 0000 0000 0443 0444 0445 0446 0447 0448 0000 00D3 00D4 00D5 0000 0000 0000 0000 0000 0000 0000 0000 0000 0000
042A 0000 0000 0000 0000 0000 0000 0000 0000 0460 0461 0462 0000 0000 0000 0000 0000 0000 0000 0000 0000 00F5 00F6 00F7 00F8 00F9 0000 0000 0000 0000 0430 0431
044A 044B 044C 044D 0000 044F 0000 0000 0000 0480 0481 0482 0000 010D 0000 010F 0000 0111 0112 0113 0114 0115 0116 0117 0118 0119 0000 0000 0000 0000 0450 0451
0000 046B 046C 046D 046E 0000 0000 0000 0000 0000 0000 0000 0000 012D 012E 012F 0130 0131 0132 0133 0134 0135 0000 0000 0000 0000 0000 0000 0000 0000 0000 0000
0000 048B 048C 048D 048E 0000 0000 0147 0148 0149 0000 0000 0000 014D 0000 014F 0000 0151 0000 0000 0000 0000 0000 0000 0000 0000 0000 0000 0000 0000 0000 0000
0000 04AB 04AC 04AD 0000 0000 0000 0167 0168 0169 016A 016B 016C 016D 016E 016F 0170 0171 0000 0000 0000 0000 0000 0000 0000 0000 0000 0436 0437 0000 0000 0000
0000 0000 0000 0000 0000 0000 0000 0000 0000 0000 018A 018B 018C 018D 018E 0000 0190 0191 0000 0000 0000 0000 0000 0000 0000 0000 0455 0456 0000 0000 0000 0000
0000 0000 0000 0000 0000 0000 0000 0000 0000 01A9 01AA 01AB 01AC 01AD 01AE 01AF 01B0 01B1 0000 0000 0000 0000 0000 0472 0473 0474 0475 0000 0000 0000 043B 043C
0000 0000 04C2 0000 04C5 0000 01C6 01C7 01C8 0000 01CA 01CB 01CC 01CD 0000 0000 01D0 01D1 01D2 0000 04C6 0000 0000 0492 0493 0494 0495 0496 0000 0000 0000 0000
04E0 04E1 0000 0000 0000 0000 01E6 01E7 01E8 0000 01EA 01EB 01EC 01ED 0000 0000 01F0 01F1 01F2 0000 0000 0000 0000 0000 0000 04B4 04B5 04B6 04B7 04B8 04B9 04BA
0000 0000 0502 0503 0504 0000 0000 0000 0000 0000 0000 0000 0000 020D 0000 0000 0210 0211 0212 0000 0000 0215 0000 0000 0000 0000 0000 0000 0000 0000 0000 0000
0000 0000 0000 0000 0000 0000 0000 0000 0000 0229 022A 022B 022C 022D 022E 022F 0230 0231 0000 0000 0234 0000 0000 0000 0000 0000 0000 0000 0000 0000 0000 0000
0000 0000 0000 0000 0000 0245 0246 0247 0248 0249 0000 024B 024C 024D 0000 0000 0000 0000 0000 0253 0254 0255 0000 0000 0000 0000 0000 0000 0000 0000 0000 04C7
0000 0000 0000 0000 0000 0265 0266 0267 0268 0269 0000 0000 0000 0000 026E 026F 0270 0000 0272 0273 0274 0275 0276 0277 0278 0279 0000 0000 0000 0000 0000 0000
0000 0000 0000 0000 0000 0000 0000 0000 0000 0289 028A 028B 028C 028D 028E 028F 0290 0291 0000 0000 0294 0295 0296 0297 0298 0299 0000 0000 0000 0000 0000 0000
0000 0000 0000 0000 0000 0000 02A6 02A7 02A8 02A9 02AA 02AB 02AC 02AD 02AE 02AF 02B0 02B1 0000 0000 0000 0000 0000 0000 0000 0000 0000 0000 0000 0000 0000 0000
02C0 0000 0000 0000 0000 0000 02C6 02C7 02C8 02C9 02CA 02CB 02CC 02CD 02CE 0000 0000 0000 0000 0000 0000 0000 04C8 0000 0000 0000 0000 0000 0000 0000 0000 0000
0000 02E1 02E2 02E3 02E4 02E5 02E6 02E7 02E8 02E9 0000 0000 02EC 02ED 02EE 0000 02F0 02F1 02F2 02F3 0000 0000 0000 0000 0000 0000 0000 0000 0000 0000 0000 0000
0000 0000 0302 0303 0304 0000 0306 0307 0308 0000 0000 0000 030C 030D 030E 0000 0310 0311 0312 0000 0000 0000 0000 0000 0000 04CA 0000 0000 0000 0000 0000 0000
0000 0000 0322 0323 0324 0000 0326 0327 0328 0000 0000 0000 0000 0000 0000 032F 0330 0331 0000 0000 0000 0000 0000 0000 04E9 04EA 04EB 0000 0000 0000 0000 04CC
0340 0341 0000 0000 0000 0000 0000 0000 0000 0000 0000 0000 0000 0000 0000 034F 0350 0351 0000 0000 0000 0000 0000 0000 0509 050A 050B 0000 0000 0000 0000 0000
0360 0361 0000 0000 0000 0000 0000 0000 0000 0000 0000 0000 0000 0000 0000 036F 0370 0371 0000 0000 04CD 04CE 04CF 0000 0000 0000 0000 0000 0000 0000 0000 04D4
0000 0381 0382 0383 0384 0000 0000 0000 0000 0000 0000 0000 0000 0000 0000 038F 0390 0391 0000 0000 04ED 04EE 04EF 0000 0000 0000 0000 0000 0000 0000 0000 0000
0000 0000 0000 0000 03A4 03A5 03A6 0000 0000 0000 0000 04D5 04D6 04D7 0000 03AF 03B0 03B1 0000 0000 0000 0000 050F 0510 0511 0512 0513 0000 0000 0000 0000 0000
0000 0000 0000 0000 0000 03C5 03C6 03C7 0000 0000 0000 04F5 04F6 04F7 0000 03CF 03D0 03D1 0000 0000 0000 0000 052F 0000 0531 0000 0000 0000 0000 0000 0000 0000
04D8 0000 03E2 03E3 03E4 03E5 03E6 03E7 0000 0000 0000 0000 0000 0000 0000 0000 0000 0000 0000 0000 0000 0000 054F 0000 0551 0552 0000 0000 04DA 04DB 04DC 04DD
0000 0000 0000 0000 0000 0405 0406 0407 0000 0000 0000 0000 0000 0000 0000 0000 04DE 0000 0000 04DF 0000 0000 056F 0000 0000 0572 0000 04F9 04FA 04FB 0000 0000
