ATARI GAUNTLET MOTION OBJECT 16X16 TILEMAP
SOURCE: level-079.png
GRID: 32 X 32
TILE_SIZE: 16 X 16
ATLAS_TILES: 608
UNIQUE_PIXEL_TILES: 80
CONNECTED_OBJECT_GROUPS: 25

0020 0000 0022 0000 0000 0000 0000 0000 0000 0000 0000 0000 0000 0000 0026 0027 0028 0000 0000 0000 0000 0000 0000 0000 0000 0000 0000 0000 0000 0000 0029 002A
0040 0000 0042 0043 0044 0000 0000 0000 0000 0000 0000 0000 0000 0000 0046 0047 0048 0000 0000 0000 0000 0000 0000 002B 002C 002D 0000 0000 0000 0000 0049 004A
0060 0061 0062 0063 0064 0000 0000 0000 0000 0000 0000 0000 0000 0000 0000 0000 0000 0000 0000 0000 0000 0000 0000 004B 004C 004D 0000 0000 0000 0000 0000 0000
0000 0081 0082 0083 0084 0085 0000 0000 0000 0000 0000 0000 0000 0000 0000 0000 0000 0000 0000 0000 0000 0000 0000 0000 0000 0000 0000 0000 002E 002F 0030 0000
0000 0000 0000 00A3 00A4 00A5 0000 0000 0000 0000 0000 0000 0000 0000 0000 0000 0000 0000 0000 0000 0000 0000 0000 0000 0000 0000 0000 0000 004E 004F 0050 0000
0000 0000 0000 0000 0000 0000 0000 0000 0000 0000 0000 0000 0000 0000 0000 0000 0000 0000 0000 0000 0000 0000 0000 0000 0000 0000 0000 0000 0000 0000 0000 0000
0000 0000 0000 0000 0000 0000 0000 0000 0000 0000 0000 0000 0000 0000 0000 0000 0000 0000 0000 0000 0000 0000 0000 0000 0000 0000 0000 0000 0000 0000 0000 0000
0000 0000 0000 0000 0000 0000 0000 0000 0032 0033 0000 0000 0000 0000 0000 0000 0000 0000 0000 0000 0000 0000 0000 0000 0000 0035 0036 0000 0000 0000 0000 0000
0000 0037 0038 0039 0000 0000 0000 0051 0052 0053 0000 0000 0000 0000 0000 0000 0000 0000 0000 0000 0000 0000 0000 0000 0054 0055 0056 0000 0000 0000 0000 0000
0000 0057 0058 0059 0000 0000 0000 0000 0000 0000 0000 0000 0000 0000 0000 0000 0000 0000 0000 0000 0000 0000 0000 0000 0000 0000 0000 0000 0000 0000 0000 0000
0000 0000 0000 0000 0000 0000 0000 0000 0000 0000 0000 0000 0000 0000 0000 0000 0000 0000 0000 0000 0000 0000 0000 0000 0000 0000 0000 0000 0000 0000 0000 0000
0000 0000 0000 0000 0000 0000 0000 0000 0000 0000 0000 003A 003B 003C 0000 0000 0000 0000 0000 0000 00C2 00C3 00C4 0000 0000 0000 0000 0000 0000 0000 0000 0000
0000 0000 0000 00C6 00C7 0000 0000 0000 0000 0000 0000 005A 005B 005C 0000 0000 0000 0000 0000 0000 00E2 00E3 00E4 0000 0000 0000 0000 0000 0000 0000 0000 0000
0000 0000 0000 0000 0000 0000 0000 0000 0000 0000 0000 0000 0000 0000 0000 0000 0000 0000 0000 0101 0102 0000 0000 0105 0000 0000 0000 0000 0000 0000 0000 0000
00C8 00C9 00CA 0000 0000 0000 0000 00CD 00CE 0000 0000 0000 0000 0000 0000 0000 0000 0000 0120 0121 0122 0000 0000 0000 0000 0000 0000 0000 0000 0000 0000 0000
00E8 00E9 00EA 0000 0000 00EB 00EC 0000 0000 00EF 00F0 0000 0000 0000 0000 0000 00D3 0000 0000 0000 0000 0000 0000 0000 0000 0000 0000 0000 0000 0000 0000 0000
0000 0000 0000 0000 0000 0000 0000 0000 0000 0000 0000 0111 0112 0000 0000 0000 00F3 00F4 0000 0000 0000 0000 0000 0000 0000 0000 0000 0000 0000 0000 0000 0000
0000 0000 0000 0000 0000 0000 0000 0000 0000 0000 0000 0000 0000 0000 0000 0000 0000 0000 0000 00D5 0000 00D6 0000 0000 0000 00D7 0000 0000 0000 0000 0000 0000
00D8 0000 0000 0000 0000 0000 0000 0000 0000 0000 0000 0000 0000 0000 0000 0000 0000 0000 0000 0000 0000 0000 0000 0000 0000 0000 0000 0000 0000 0000 00DC 00DD
00F8 0000 0000 0000 0000 0000 0000 0000 0000 0000 0000 0140 0141 0142 0000 0000 0000 0000 0000 0000 0000 0000 0000 0000 0000 0000 0000 0000 0000 0000 00FC 00FD
0000 0119 011A 011B 0000 0000 0000 0000 0000 0000 0000 0160 0161 0162 0000 0000 0000 0000 0000 0000 0000 0000 0000 0000 0000 0000 0000 0000 0000 0000 0000 0000
0000 0139 013A 013B 0000 0000 0000 0000 0000 0000 0000 0000 0000 0000 0000 0000 0000 0000 0000 0000 0000 0144 0145 0000 0000 0000 0000 0000 0000 0000 0000 0000
0000 0000 0000 0000 0000 0000 0000 0000 0000 0000 0000 0000 0000 0000 0000 0000 0000 0000 0000 0000 0163 0164 0165 0000 0000 0000 0000 0000 0000 0000 0000 0000
0000 0000 0000 0000 0000 0000 0000 014F 0150 0151 0000 0000 0000 0000 0000 0000 0000 0000 0000 0000 0000 0000 0185 0186 0187 0000 0000 0000 0000 0000 0000 0000
0000 0000 0000 0000 0000 0000 0000 016F 0170 0171 0000 0000 0000 0000 0000 0000 0000 0000 0000 0000 0000 0000 01A5 01A6 01A7 0000 0000 0000 0000 0000 0000 0000
0000 0000 0000 0000 0000 0000 0000 0000 0000 0000 0000 0000 0000 0000 0000 0000 0000 0000 0000 0000 0000 0000 0000 0000 01C7 01C8 01C9 0000 0000 0000 0000 0000
0000 0000 0000 0000 0000 0000 0000 0000 0000 0000 0000 0000 0000 0000 0000 0000 0000 0000 0000 0000 0000 0000 0000 0000 01E7 01E8 01E9 0000 0000 0000 0000 0000
0000 0000 0000 0155 0156 0157 0000 0000 0000 0000 0000 0000 0000 0000 0000 0000 0000 0000 0000 0000 0000 0000 0000 0000 0000 0000 0209 020A 020B 0000 0000 0000
0000 0000 0000 0175 0176 0177 0000 0000 0000 0000 0000 0000 0000 0000 0000 0000 0000 0000 0000 0000 0000 0000 0000 0000 0000 0000 0229 022A 022B 022C 022D 022E
0000 0193 0194 0195 0000 0000 0000 0000 0000 0000 0000 0000 0000 0000 0000 0000 0000 0000 0000 0000 0158 0000 0000 0000 0000 0000 0000 0000 0000 024C 024D 024E
01B2 01B3 01B4 01B5 0000 0000 0000 0000 0000 0000 0000 0000 0000 015B 015C 015D 0000 0000 0000 0000 0178 0179 017A 0000 0000 0000 0000 0000 0000 0000 0000 0000
01D2 01D3 01D4 0000 0000 0000 0000 0000 0000 0000 0000 0000 0000 017B 017C 017D 0000 0000 0000 0000 0198 0199 019A 0000 0000 0000 0000 0000 0000 0000 0000 0000
