ATARI GAUNTLET MOTION OBJECT 16X16 TILEMAP
SOURCE: level-097.png
GRID: 32 X 32
TILE_SIZE: 16 X 16
ATLAS_TILES: 1184
UNIQUE_PIXEL_TILES: 205
CONNECTED_OBJECT_GROUPS: 21

0000 0000 0000 0000 0000 0000 0000 0000 0000 0000 0000 0000 0020 0021 0022 0023 0000 0000 0000 0000 0000 0000 0000 0000 0000 0000 0029 0000 0000 0000 0000 0000
0000 0000 0000 0000 0000 0000 0000 0000 0000 0000 0000 0000 0040 0041 0042 0043 0000 0000 0000 0000 0000 0000 0045 0046 0047 0048 0049 0000 0000 0000 0000 002A
0000 0000 0000 0000 0000 0000 0000 0000 0000 0000 0000 0000 0000 0061 0062 0063 0064 0000 0000 0000 0000 0000 0000 0066 0067 0068 0069 0000 0000 0000 0000 0000
0000 0000 0000 0000 0000 0000 0000 0000 0000 0000 0000 0000 0000 0000 0082 0083 0084 0000 0000 0000 0000 0000 0085 0000 0000 0000 0089 0000 0000 0000 0000 0000
0000 0000 0000 0000 0000 0000 0000 0000 0000 0000 0000 0000 0000 0000 0000 0000 0000 0000 0000 0000 002B 0000 0000 0000 0000 0000 0000 0000 0000 0000 0000 0000
0000 0000 0000 0000 0000 0000 0000 0000 0000 0031 0032 0033 0034 0000 0000 0000 0000 0000 0000 0000 004B 0000 0000 0000 0000 0000 0035 0036 0037 0038 0039 003A
0000 0000 0000 0000 0000 004D 004E 004F 0050 0051 0052 0053 0054 0000 00A2 00A3 00A4 00A5 0000 0000 006B 0000 0000 0000 0000 0000 0000 0000 0000 0058 0059 005A
0000 0000 0000 0000 006C 006D 006E 006F 0070 0000 0000 0000 0000 0000 00C2 00C3 00C4 00C5 0000 0000 0000 0000 0000 0000 00A7 0000 0000 0076 0077 0000 0000 0000
0000 0000 0000 0000 0000 0000 0000 0000 0000 0000 0000 0000 0000 0000 0000 0000 00E4 00E5 00E6 0000 0000 0000 0000 0000 00C7 00C8 0000 0096 0097 0098 0099 009A
0000 0000 0000 0000 0000 0000 00AD 00AE 00AF 0000 0000 0000 0100 0101 0102 0103 0104 0105 0106 0000 0174 0000 0000 0000 0000 0000 0000 0000 0000 0000 0000 0000
0000 0000 00C9 00CA 00CB 00CC 00CD 00CE 00CF 0000 0000 0000 0120 0121 0122 0123 0124 0125 0126 0000 0194 0000 0000 0000 0000 0000 0000 0000 0000 03E0 03E1 03E2
0000 0000 00E9 00EA 00EB 0000 0000 0000 0000 0000 0000 0000 0000 0000 0000 0000 0144 0145 0146 0000 01B4 0000 0000 0000 0000 0000 0000 0000 0000 0400 0401 0402
0000 0000 0000 0000 0000 0000 0000 0000 01C8 0000 0000 0000 0000 0000 0000 0000 0000 0000 0000 0000 0000 01D5 01D6 01D7 0000 01D9 01DA 0000 0000 0000 0000 0000
0000 0000 0000 0000 0000 0000 0000 0000 01E8 0000 0000 0000 0000 0000 0000 0000 0000 0000 0000 0000 0000 01F5 01F6 01F7 01F8 01F9 01FA 0000 0000 0000 0000 0000
0000 0000 0000 0000 0000 0000 0000 0000 0208 0000 0000 0000 0000 0000 0000 0000 0000 0000 0000 0000 0000 0000 0000 0217 0000 0000 0000 0000 0000 0000 0000 0000
0000 0000 0000 0000 0000 0000 0226 0227 0228 0229 0000 0000 0000 0000 0000 0000 0000 0000 0000 0000 0000 03E3 0000 0237 0000 0000 0000 0000 0000 0000 03E4 0000
0000 0000 0000 03E5 0000 0000 0246 0247 0248 0249 024A 024B 024C 024D 024E 024F 0000 0000 0000 0000 0000 0000 0000 0257 0000 03E6 0000 0000 0000 0000 0000 0000
0000 0000 0000 0000 0000 0000 0000 0000 0000 0000 026A 026B 026C 026D 026E 026F 0270 0000 0000 0000 0000 0000 0000 0277 0000 0000 0000 0000 0000 027D 027E 027F
03E7 0000 0000 0000 0000 0000 0286 0287 0288 0289 028A 028B 0000 0000 028E 028F 0290 0000 0000 0000 0000 0000 0000 0297 0298 0299 029A 0000 0000 0000 029E 029F
0407 0408 0000 0000 0000 0000 02A6 02A7 02A8 02A9 02AA 02AB 0000 0000 0000 0000 0000 0000 0000 0000 0000 0000 0000 02B7 02B8 02B9 02BA 0000 0000 0000 02BE 02BF
0000 0000 0000 0000 0000 0000 0000 0000 0000 0000 0000 0000 02CC 02CD 02CE 0000 0000 0000 0000 0000 02D4 02D5 02D6 02D7 0000 0000 0000 02DB 02DC 02DD 02DE 02DF
0000 0000 0000 0000 0000 02E5 02E6 0000 0000 0000 0000 0000 02EC 02ED 02EE 02EF 02F0 02F1 02F2 02F3 0000 0000 0000 0000 02F8 02F9 02FA 0000 0000 0000 0000 02FF
0000 0000 0000 03E9 0000 0305 0000 0307 0308 0309 030A 030B 030C 030D 0000 0000 0000 0000 0000 0000 0000 0000 0000 0000 0318 0319 031A 0000 0000 0000 0000 0000
0000 0000 0000 0000 0000 0325 0000 0000 0328 0329 032A 032B 032C 032D 032E 032F 0330 0000 0000 0000 0000 0000 0000 0000 0000 0000 0000 0000 0000 0000 0000 03EA
0000 0000 0000 0000 0000 0345 0000 0000 0000 0000 0000 0000 0000 034D 034E 034F 0350 0351 0352 0353 0354 0355 0356 0357 0358 0000 0000 0000 0000 0000 0000 0000
0000 0000 0000 0000 0000 0365 0000 0000 0000 0369 036A 036B 0000 036D 0000 0000 0000 0000 0000 0000 0000 0000 0000 0000 0000 0000 0000 03EB 03EC 03ED 03EE 03EF
0000 0000 0382 0383 0384 0385 0386 0000 0000 0389 038A 038B 0000 038D 0000 0000 0000 0000 0000 0000 0000 0000 0000 0000 0000 0000 0000 0000 040C 040D 040E 040F
0000 0000 03A2 03A3 03A4 03A5 0000 0000 0000 03A9 0000 0000 0000 03AD 0000 0000 0000 0000 0000 0000 0000 0000 0000 0000 0000 0000 0000 0000 042C 042D 042E 042F
03C0 03C1 0000 0000 0000 03C5 03C6 03C7 03C8 03C9 03CA 03CB 03CC 03CD 0000 0000 0000 03F4 0000 0000 0000 0000 0000 0000 0000 0000 0000 0000 044C 0000 0000 0000
0000 0000 0000 0000 0000 0000 0000 0000 0000 0000 0000 0000 0000 0000 0000 0000 0000 0414 0000 0000 0000 0000 0000 0000 0000 0000 0000 0000 046C 0000 0000 0000
0000 0000 0000 0000 03F8 0000 0000 0000 0000 0000 0000 0000 0000 0000 0431 0432 0433 0434 0435 0436 0437 0000 0000 0000 0000 0000 0000 048B 048C 0000 0000 0000
0000 0000 0000 0000 0418 0000 0000 0000 0000 0000 0000 0000 0000 0450 0451 0452 0453 0454 0455 0456 0457 0000 0000 0000 0000 0000 0000 0000 0000 0000 0000 0000
