ATARI GAUNTLET MOTION OBJECT 16X16 TILEMAP
SOURCE: level-077.png
GRID: 32 X 32
TILE_SIZE: 16 X 16
ATLAS_TILES: 384
UNIQUE_PIXEL_TILES: 90
CONNECTED_OBJECT_GROUPS: 18

0000 0000 0021 0000 0000 0000 0000 0000 0000 0000 0000 0000 0000 0000 0022 0023 0024 0025 0026 0000 0000 0000 0000 0000 0000 0000 0000 0000 0000 0000 0027 0000
0000 0040 0041 0000 0000 0000 0000 0000 0000 0000 0000 0000 0000 0000 0042 0043 0044 0045 0046 0000 0000 0000 0000 0000 0000 0000 0000 0000 0000 0000 0047 0000
0000 0000 0061 0000 0000 0000 0000 0000 0028 0029 002A 0000 0000 0000 0000 0000 0000 0000 0000 0000 0000 0000 0000 0000 0000 0000 0000 0000 0000 0000 0067 0000
0000 0000 0000 0000 0000 0000 0000 0000 0048 0049 004A 0000 0000 0000 0000 0000 0000 0000 0000 0000 0000 0000 0000 0000 0000 0000 0000 0000 0000 0000 0000 0000
0000 0000 0000 0000 0000 0000 0000 0000 0000 0000 0000 0000 0000 0000 0000 0000 0000 0000 0000 0000 0000 0000 0000 0000 0000 0000 0000 0000 0000 0000 0000 0000
0000 0000 0000 0000 0000 0000 0000 0000 0000 0000 0000 0000 0000 0000 0000 0000 0000 0000 0000 0000 0000 002B 002C 002D 0000 0000 0000 0000 0000 0000 0000 0000
0000 0000 0000 0000 0000 0000 0000 0000 0000 0000 0000 0000 0000 0000 0000 0000 0000 0000 0000 0000 0000 004B 004C 004D 0000 0000 0000 0000 0000 0000 0000 0000
0000 0000 0000 0000 0000 0000 0000 0000 0000 0000 0000 0000 0000 0000 0000 0000 0000 0000 0000 0000 0000 006B 006C 0000 0000 0000 0000 0000 0000 0000 0000 0000
0000 0000 0000 0000 0000 0000 0000 0000 0000 0000 0000 0000 0000 0000 0000 0000 0000 0000 0000 0030 0000 008B 008C 008D 0000 0000 0000 0000 0000 0000 0000 0000
0000 0000 0000 0000 0000 0000 0000 0000 0000 0000 0000 0000 0000 0000 0000 0000 0000 004E 004F 0050 0000 0000 0000 0000 0000 0000 0000 0000 0000 0000 0000 0000
0000 0000 0000 0000 0000 0000 0000 0000 0000 0000 0000 0000 0000 0000 0000 0000 0000 006E 006F 0070 0000 0000 0000 0000 0000 0000 0000 0000 0000 0000 0000 0000
0031 0032 0033 0000 0000 0000 0000 0000 0000 0000 0000 0000 0000 0000 0000 0000 0000 0000 0000 0000 0000 0000 0000 0000 0000 0000 0000 0000 0000 0000 0037 0038
0051 0052 0053 0000 0000 0000 0000 0000 0039 003A 003B 0000 0000 0000 0000 0000 0000 0000 0000 0000 0000 0000 0000 0000 0000 0000 0000 0000 0000 0000 0057 0058
0000 0000 0000 0074 0000 0000 0000 0000 0059 005A 005B 0000 0000 0000 0000 0000 0000 0000 0000 0000 0000 0000 0000 003C 003D 003E 0000 0000 0000 0000 0000 0000
0000 0000 0000 0094 0095 0000 0000 0000 0000 0000 0000 0000 0000 0000 0000 0100 0000 0102 0000 0000 0000 0000 0000 0000 0000 0000 0000 0104 0105 0106 0107 0108
0000 00B2 00B3 00B4 00B5 00B6 0000 0000 0000 0000 0000 0000 0000 0000 0000 0120 0121 0122 0123 0000 0000 0000 0000 0000 0000 0000 0000 0124 0125 0126 0127 0128
0000 0000 00D3 00D4 00D5 0000 0000 0000 0000 0000 0000 0000 0000 0000 0000 0140 0000 0142 0000 0000 0000 0000 0000 0000 0000 0000 0000 0000 0000 0146 0147 0148
0000 00F2 00F3 00F4 00F5 00F6 0000 0000 0000 0000 0000 0000 0000 0000 0000 0160 0161 0162 0163 0000 0000 0000 0000 0000 0000 0000 0000 0000 0000 0166 0167 0168
0000 0000 0000 0000 0000 0000 0000 0000 0000 0000 0000 0000 0000 0000 0000 0000 0000 0000 0000 0000 0000 0000 0000 0000 0000 0000 0000 0000 0000 0000 0000 0000
0109 010A 010B 010C 0000 0000 0000 0000 0000 0000 0000 0000 0000 0000 0000 0000 0000 0000 0000 0000 0000 0000 0000 0000 0000 0000 0000 0000 0000 0000 010D 010E
0129 012A 012B 0000 0000 0000 0000 0000 0000 0000 0000 0000 0000 0000 0000 0000 0000 0000 0000 0000 0000 0000 0000 0000 0000 0000 0000 0000 0000 0000 012D 012E
0000 0000 0000 0000 0000 0000 0000 0000 0000 0000 0000 0000 0000 0000 0000 0000 0000 0000 0000 0000 0000 0000 0000 0000 0000 0000 0000 0000 0000 0000 0000 0000
0000 0000 0000 0000 0000 0000 0000 0000 0000 0000 0000 0000 0000 0000 0000 0000 0000 0000 0000 0000 0000 0000 0000 0000 0000 0000 0000 0000 0000 0000 0000 0000
0000 0000 0000 0000 0000 0000 0000 0000 0000 0000 0000 0000 0000 0000 0000 0000 0000 0000 0000 0000 0000 0000 0000 0000 0000 0000 0000 0000 0000 0000 0000 0000
0000 0000 0000 0000 0000 0000 0000 0000 0000 0000 0000 0000 0000 0000 0000 0000 0000 0000 0000 0000 0000 0000 0000 0000 0000 0000 0000 0000 0000 0000 0000 0000
0000 0000 0000 0000 0000 0000 0000 0000 0000 0000 0000 0000 0000 0000 0000 0000 0000 0000 0000 0000 0000 0000 0000 0000 0000 0000 0000 0000 0000 0000 0000 0000
0000 0000 0000 0000 0000 0000 0000 0000 0000 0000 0000 0000 0000 0000 0000 0000 0000 0000 0000 0000 0000 0000 0000 0000 0000 0000 0000 0000 0000 0000 0000 0000
0000 0000 0000 0000 0000 010F 0110 0111 0000 0000 0000 0000 0000 0000 0000 0000 0000 0000 0000 0000 0000 0000 0000 0000 0000 0000 0000 0000 0000 0000 0000 0000
0000 0000 0000 0000 0000 012F 0130 0131 0000 0000 0000 0000 0000 0112 0113 0114 0000 0000 0000 0000 0000 0000 0000 0000 0000 0000 0000 0000 0000 0000 0000 0000
0000 0000 0116 0000 0000 0000 0000 0000 0000 0000 0000 0000 0000 0000 0000 0000 0000 0000 0000 0000 0000 0000 0000 0000 0000 0000 0000 0000 0000 0000 0000 0000
0000 0000 0136 0000 0000 0000 0000 0000 0000 0000 0000 0000 0000 0000 0117 0118 0000 0000 0000 0000 0000 0000 0000 0000 0000 0000 0000 0000 0000 0000 0000 0000
0000 0155 0156 0000 0000 0000 0000 0000 0000 0000 0000 0000 0000 0000 0137 0138 0139 0000 0000 0000 0000 0000 0000 0000 0000 0000 0000 0000 0000 0000 0000 0000
