ATARI GAUNTLET PLAYFIELD 16X16 TILEMAP
SOURCE: level-100-playfield.png
GRID: 32 X 32
TILE_SIZE: 16 X 16
UNIQUE_TILES: 72

0000 0001 0002 0002 0002 0003 0002 0002 0002 0003 0002 0002 0002 0003 0002 0002 0002 0002 0004 0001 0002 0002 0003 0002 0002 0002 0002 0002 0002 0002 0002 0002
0005 0006 0007 0008 0009 000A 0007 0008 0009 000A 0007 0008 0009 000A 0007 0008 0009 000A 000B 000C 000D 000A 0007 0008 0009 000A 000E 0008 000F 000A 000E 0008
0005 0010 0011 0012 0013 0014 0011 0012 0013 000D 000A 0007 0008 0009 000A 0007 0008 0009 000A 0015 0016 0009 000A 0007 0008 0009 000A 000E 0008 0009 000A 000E
0017 0001 0002 0002 0002 0002 0002 0002 0018 0016 0009 0019 0012 0013 0014 0011 001A 0008 0009 0005 001B 0008 0009 000A 0007 0008 0009 000A 0007 0008 0009 000A
0005 001B 0008 0009 000A 0007 0008 0009 0005 001B 0008 001C 0002 0002 0002 001D 001E 0007 0008 000B 001E 0007 0008 0009 000A 0007 001F 000D 000A 0007 0008 0009
0005 0006 0007 0008 0009 000A 0007 0008 0005 0006 0007 0008 0009 000A 0007 0008 0009 000A 0007 0020 0009 000A 0007 001F 0014 0011 0021 0022 0014 0011 001A 0008
0005 0023 000A 0007 001F 000D 000A 0007 0005 0023 000A 0007 0008 0009 000A 0007 0008 0009 000A 000E 0008 0009 000A 001C 0002 0002 0003 0002 0002 001D 001E 0007
0005 0016 0009 000A 0015 0016 0009 000A 0005 0016 0009 0019 0012 0013 0014 0011 001A 0008 0009 0024 001A 0008 0009 000A 0007 0008 0009 000A 0007 0008 0009 000A
0005 001B 0008 0009 0005 001B 0008 0009 0005 001B 0008 0025 0026 0026 0026 0027 0006 0007 0008 0015 0006 0007 0008 0009 000A 0007 0008 0009 000A 0007 0008 0009
0005 0006 0007 0008 0005 0006 0007 0008 0005 0006 0007 0028 0029 0029 0029 002A 002B 000A 0007 0005 0023 000A 0007 0008 0009 000A 0007 0008 0009 000A 0007 0008
0005 0023 000A 0007 0005 0023 000A 0007 0005 0023 000A 0007 0008 0009 000A 0007 0008 0009 000A 0005 0016 0009 000A 0007 0008 0009 000A 0007 0008 0009 000A 0007
0005 0016 0009 000A 0005 0016 0009 000A 0005 0016 0009 000A 0007 0008 0009 000A 0007 0008 0009 0005 001B 0008 0009 000A 0007 0008 0009 000A 0007 0008 0009 000A
0005 001B 0008 0009 0005 001B 0008 0009 0005 002C 0013 0014 0011 0012 0013 0014 0011 0012 0013 002D 002E 0012 0013 0014 0011 001A 0008 0009 0019 0012 0013 000D
002D 0006 0007 0008 0005 0006 0007 0008 002F 0002 0002 0002 0002 0002 0002 0002 0002 0002 0002 0000 0001 0002 0002 0002 001D 0030 000E 0020 001C 0002 001D 000C
0031 0010 0011 0012 002D 0023 000A 0007 0008 0009 000A 0007 0008 0009 000A 0007 0008 0009 000A 0005 0016 0009 000A 0007 0008 0009 000A 0007 0008 0009 000A 001C
0017 0001 0002 0002 0032 000C 000D 000A 0007 0008 0009 000A 0007 0008 0009 000A 0007 0008 0009 0005 001B 0008 0009 000A 0007 0008 0009 000A 0007 0008 0009 000A
0005 001B 0008 0009 000A 0015 0022 0014 0011 0012 0013 0014 0011 0012 0013 0014 0033 0007 0008 0005 0006 0007 0008 0009 000A 0007 001F 000D 000A 0007 0008 0009
0005 0006 0007 0008 0009 0017 0001 0002 0002 0002 0004 0001 0002 0002 0002 001D 002B 000A 0007 0005 0023 000A 0007 0008 0009 000A 0015 0016 0009 000A 0007 0008
002D 0023 000A 0007 0008 0005 0006 0007 0008 0009 0005 001B 0008 0009 000A 0007 0008 0009 000A 0005 0022 0014 0011 001A 0008 0009 0005 001B 0008 0034 0011 0012
0031 0016 0009 000A 0007 000B 002B 000A 0007 001F 002D 0006 0007 0008 0009 000A 0007 0008 0009 0017 0001 0002 001D 001E 0007 0008 0005 0006 0007 001C 0002 0002
0005 001B 0008 0009 000A 0007 0008 0009 0019 0035 0036 0010 0011 0012 0037 0009 000A 0007 0008 0005 0006 0007 0008 0009 000A 0007 0005 0023 000A 0007 0008 0009
0005 0006 0007 0008 0009 000A 0007 001F 0038 0039 003A 0002 0004 003B 003C 0008 0009 0019 0012 003D 002B 000A 0007 001F 0014 0011 002D 0022 0014 0033 0007 0008
0005 0023 000A 0007 0008 0009 0019 003E 003F 0009 0019 0012 003D 002B 000A 0007 001F 0038 001D 003C 0008 0009 000A 001C 0002 0004 0040 0002 001D 002B 000A 0007
0005 0016 0009 000A 0007 0008 0015 0006 0007 001F 0038 001D 003C 0008 0009 0019 003E 003F 0009 000A 0007 0008 0009 000A 0007 0005 0023 000A 0007 0008 0009 000A
002D 001B 001F 0014 0011 001A 0005 0010 0011 0021 0022 0014 0011 0012 0013 003E 001E 0007 0008 0009 0019 0012 0013 000D 000A 0005 0016 0009 000A 0041 0013 0014
0031 002E 0038 0002 001D 0042 0043 0002 0002 0000 0001 0002 0002 0004 003B 003F 0009 000A 0007 0008 001C 0002 001D 003F 0009 0005 001B 0008 0009 001C 0002 0002
0017 003B 001E 0007 0008 0015 0006 0007 0008 0005 0006 0007 0008 0005 0006 0007 0008 0009 000A 0041 0037 0009 000A 0007 0008 0005 0006 0007 0008 0009 000A 0007
0005 0016 0009 000A 0007 0005 0023 000A 0007 0005 0023 000A 0007 0005 0010 0011 0012 0013 0014 0021 001B 0008 0009 000A 0007 0005 0023 000A 0007 0008 0009 000A
0005 001B 0008 0009 000A 0005 0022 0014 0011 002D 0016 0009 000A 0044 0026 0026 0026 0026 0026 0036 0006 0007 0008 0034 0011 002D 0022 0014 0011 0012 0037 0009
0005 0006 0007 0008 0009 0017 0001 0002 0002 0031 001B 0008 0009 0045 0046 0029 0029 0029 0029 002A 002B 000A 0041 0038 0002 0003 0002 0002 0002 001D 003C 0008
0005 0023 000A 0007 0008 0005 0006 0007 0008 0005 0006 0007 0008 0005 0006 0007 0008 0009 000A 0007 0008 0009 0015 001B 0008 0009 000A 0007 0008 0009 000A 0007
002D 0022 0014 0011 0012 002D 0010 0047 0012 002D 0010 0011 0012 002D 0010 0011 0012 0013 0014 0011 0012 0013 002D 002E 0012 0013 0014 0011 0012 0013 0014 0011
