ATARI GAUNTLET MOTION OBJECT 16X16 TILEMAP
SOURCE: level-048.png
GRID: 32 X 32
TILE_SIZE: 16 X 16
ATLAS_TILES: 1632
UNIQUE_PIXEL_TILES: 199
CONNECTED_OBJECT_GROUPS: 25

0000 0000 0000 0000 0024 0000 0000 0027 0028 0000 0000 0000 0000 0000 0000 0000 0000 0000 0029 0000 0114 0115 0116 0000 0000 0000 0000 0000 011C 011D 0000 0000
0000 0000 0000 0000 0044 0045 0046 0047 0048 0000 0000 0000 0000 0000 0000 0000 0000 0000 0049 0000 0134 0135 0136 0000 0000 0000 0000 013B 013C 013D 0000 011F
0000 0000 0000 0000 0064 0000 0000 0000 0000 0000 0000 0000 0000 0000 0000 0000 0000 0000 0000 0000 0000 0000 0000 0157 0158 0159 015A 0000 0000 015D 0000 0000
0000 0000 0000 0000 0084 0000 0000 0000 0000 0169 016A 016B 016C 0000 0000 0000 0000 0000 0000 0000 0000 0000 0000 0177 0178 0179 017A 017B 017C 017D 017E 0000
00A0 00A1 00A2 00A3 00A4 0000 0000 0187 0188 0189 018A 018B 018C 0000 0000 0000 0000 0000 0000 0000 0000 0000 0000 0197 0198 0199 019A 0000 0000 0000 0000 0000
00C0 00C1 0000 0000 0000 0000 0000 0000 0000 0000 0000 0000 01AC 0000 0000 01AF 01B0 01B1 01B2 01B3 0000 01B5 01B6 01B7 0000 0000 0000 0000 0000 0483 0484 0485
00E0 0000 0000 0000 0000 0000 0000 0000 0000 0000 0000 0000 01CC 0000 0000 01CF 0000 01D1 01D2 01D3 0000 01D5 01D6 01D7 0000 0000 0000 0000 0000 04A3 04A4 04A5
0000 0000 0000 0486 0000 0000 0000 0000 0000 01E9 01EA 01EB 01EC 01ED 01EE 01EF 0000 01F1 01F2 01F3 01F4 0000 0000 0000 0000 0000 0000 0000 0000 04C3 0000 0000
0000 0000 0000 04A6 0000 0000 0000 0000 0000 0000 0000 020B 020C 020D 0000 020F 0000 0211 0000 0000 0000 0000 0000 0000 0000 0000 04E0 04E1 04E2 04E3 0000 0000
0000 0000 0000 0000 0000 0225 0226 0227 0228 0229 022A 022B 022C 022D 0000 0000 0000 0000 0000 0000 0000 0000 0000 0000 0000 0000 0500 0501 0502 0503 0000 0000
0000 0000 0000 0000 0000 0000 0000 0000 0000 0000 024A 024B 0000 0000 0000 0000 0000 0000 0000 048B 048C 048D 048E 048F 0490 0000 0000 0000 0522 0000 0000 0000
0000 0000 0000 0000 0264 0265 0266 0267 0268 0269 026A 026B 026C 026D 026E 026F 0270 0000 0000 04AB 04AC 04AD 04AE 04AF 04B0 0000 0000 0000 0542 0000 0000 0000
0000 0492 0493 0000 0284 0285 0286 0287 0288 0289 028A 0000 028C 0000 028E 028F 0290 0000 0000 04CB 0000 0000 04CE 0000 0000 0000 0000 0000 0562 0000 0000 0000
04B1 04B2 04B3 0000 0000 02A5 02A6 02A7 02A8 02A9 02AA 02AB 02AC 0000 0000 0000 02B0 02B1 0000 04EB 0000 0000 04EE 04EF 0000 0000 0000 0000 0582 0000 0000 0000
0000 0000 04D3 0000 02C4 02C5 02C6 02C7 0000 0000 02CA 0000 0000 0000 0000 02CF 02D0 02D1 0000 050B 0000 0000 050E 0000 0000 0000 0000 0000 0000 05A3 05A4 05A5
0000 0000 04F3 0000 02E4 02E5 0000 0000 0000 0000 0000 02EB 0000 0000 0000 0000 0000 0000 0000 052B 0000 0000 052E 052F 0530 0000 0000 0000 0000 0000 0000 0000
0000 0000 0513 0000 0304 0000 0000 0000 0000 0000 0000 030B 0000 0000 0000 0000 0000 0000 0000 054B 0000 0000 054E 054F 0550 0000 0000 0000 0000 0000 0000 0000
0000 0000 0533 0000 0324 0000 0000 0000 0000 0000 0000 0000 0000 0000 0000 0567 0568 0569 056A 056B 056C 0000 056E 056F 0000 0000 0000 0000 0000 0000 0000 0000
0494 0000 0000 0000 0344 0000 0000 0000 0000 0000 0000 0000 0000 0000 0000 0000 0000 0000 0000 0000 0000 0000 0000 0000 0000 0000 0000 0000 0000 0495 0496 0497
0000 0000 0000 0000 0364 0000 0000 0000 0000 0000 0000 0000 0000 0000 0000 0000 0000 0000 0000 0000 0000 0000 0000 0000 0000 0000 0000 0000 0000 0000 0000 0000
0000 0000 0382 0383 0384 0000 0000 0000 0000 0000 0000 0498 0000 0000 0000 0000 0000 0499 0000 0000 0000 0000 0000 0000 0000 0000 0000 0000 0000 0000 0000 0000
0000 0000 0000 03A3 03A4 0000 0000 0000 0000 0000 0000 04B8 0000 0000 049A 0000 0000 04B9 0000 0000 0000 0000 0000 0000 0000 0000 0000 0000 0000 0000 0000 0000
049B 0000 03C2 0000 03C4 0000 0000 0000 0000 0000 0000 0000 0000 0000 04BA 0000 0000 0000 0000 0000 0000 0000 0000 049C 0000 0000 0000 0000 0000 0000 049E 049F
0000 0000 03E2 0000 03E4 0000 0000 0000 0000 0000 0000 0000 0000 0000 04DA 0000 0000 0000 0000 0000 0000 0000 0000 04BC 04BD 0000 0000 0000 0000 0000 0000 0000
0400 0000 0402 0000 0404 0000 0000 0000 0000 0000 0000 0000 0000 0000 0000 0000 0000 05C0 0000 0000 0000 0000 0000 0000 0000 0000 0000 0000 0000 0000 05C5 05C6
0420 0000 0422 0000 0424 0425 0426 0000 0000 0000 0000 05C7 05C8 05C9 05CA 0000 0000 05E0 0000 0000 0000 0000 0000 0000 0000 0000 0000 0000 0000 0000 05E5 05E6
0440 0441 0442 0000 0444 0445 0446 0000 0000 0000 0000 0000 05E8 05E9 0000 0000 0000 0000 0000 0000 0000 0000 0000 0000 0000 0000 0000 0000 0000 0000 0605 0606
0460 0461 0462 0000 0000 0000 0000 0000 0000 0000 0000 0000 0608 0609 060A 060B 0000 0000 0000 0000 0000 0000 0000 0000 0000 0000 0621 0622 0623 0624 0000 0000
0000 0000 0000 0000 0000 0000 0000 0000 0000 0000 0000 0000 0000 0629 062A 062B 0000 0000 0000 0000 0000 0000 0000 0000 0000 0000 0000 0642 0643 0644 0000 0000
0000 0000 0000 0000 0000 0000 0000 0000 0000 0000 0000 0000 0000 0000 0000 0000 0000 0000 05CE 05CF 05D0 05D1 0000 0000 0000 0000 0000 0000 0000 0000 0000 0000
0000 0000 0000 05D2 05D3 0000 0000 0000 05D5 05D6 05D7 05D8 0000 0000 0000 0000 05EC 05ED 05EE 0000 0000 0000 0000 0000 0000 05DA 05DB 05DC 0000 0000 0000 0000
0000 05DD 0000 0000 0000 0000 0000 05F4 05F5 05F6 05F7 05F8 0000 0000 0000 0000 060C 060D 060E 0000 0000 0000 0000 0000 05F9 05FA 05FB 05FC 0000 0000 0000 05DE
