ATARI GAUNTLET PLAYFIELD 16X16 TILEMAP
SOURCE: level-063-playfield.png
GRID: 32 X 32
TILE_SIZE: 16 X 16
UNIQUE_TILES: 36

0000 0001 0002 0002 0002 0002 0002 0002 0002 0002 0002 0002 0002 0002 0002 0002 0002 0002 0002 0002 0002 0002 0002 0002 0002 0002 0002 0002 0002 0002 0002 0002
0003 0004 0005 0006 0007 0008 0005 0006 0007 0008 0005 0006 0007 0008 0005 0006 0007 0008 0005 0006 0007 0008 0005 0006 0007 0008 0005 0006 0007 0008 0005 0006
0003 0009 0008 0005 0006 0007 0008 0005 0006 0007 0008 0005 0006 0007 0008 0005 0006 0007 0008 0005 0006 0007 0008 0005 0006 0007 0008 0005 0006 0007 0008 0005
000A 000B 000C 0008 0005 000D 000E 000F 0010 0011 000E 000F 0010 0012 0007 0008 0013 0011 000E 000F 0010 0011 000E 000F 0010 0012 0007 0014 0010 0011 000E 0004
0000 0015 0016 0007 0008 0017 0002 0002 0002 0002 0002 0002 0018 0019 0006 0007 0017 0002 0002 0002 0002 0002 0002 0002 0018 0019 0006 0017 0002 0002 0002 0002
0003 001A 0005 0006 0007 0008 0005 0006 0007 0008 0005 0006 0007 0008 0005 0006 0007 0008 0005 0006 0007 0008 0005 0006 0007 0008 0005 0006 0007 0008 0005 0006
0003 0009 0008 0005 0006 0007 0008 0005 0006 0007 0008 0005 0006 0007 0008 0005 0006 0007 0008 0005 0006 0007 0008 0005 0006 0007 0008 0005 0006 0007 0008 0005
000A 001B 0007 0008 0013 0011 000E 000F 0010 0011 000E 000F 0010 0011 000E 000F 0010 0011 000E 000F 0010 0011 000E 000F 0010 0011 000E 000F 0010 0011 000E 000F
001C 001D 0006 0007 0017 0002 0002 0002 0002 0002 0002 0002 0002 0002 0002 0002 0002 0002 0002 0002 0002 0002 0002 0002 0002 0002 0002 0002 0002 0002 0002 0002
0003 001A 0005 0006 0007 0008 0005 0006 0007 0008 0005 0006 0007 0008 0005 0006 0007 0008 0005 0006 0007 0008 0005 0006 0007 0008 0005 0006 0007 0008 0005 0006
0003 0009 0008 0005 0006 0007 0008 0005 0006 0007 0008 0005 0006 0007 0008 0005 0006 0007 0008 0005 0006 0007 0008 0005 0006 0007 0008 0005 0006 0007 0008 0005
0003 000B 000E 000F 0010 0011 000E 000F 0010 0011 000E 000F 0010 0011 000E 000F 0010 0011 000E 000F 0010 0011 000E 000F 0010 0011 000E 000F 0010 0011 000C 0008
001E 0001 0002 0002 0002 0002 0002 0002 0002 0002 0002 0002 0002 0002 0002 0002 0002 0002 0002 0002 0002 0002 0002 0002 0002 0002 0002 0002 0002 0018 0016 0007
0003 001A 0005 0006 0007 0008 0005 0006 0007 0008 0005 0006 0007 0008 0005 0006 0007 0008 0005 0006 0007 0008 0005 0006 0007 0008 0005 0006 0007 0008 0005 0006
0003 0009 0008 0005 0006 0007 0008 0005 0006 0007 0008 0005 0006 0007 0008 0005 0006 0007 0008 0005 0006 0007 0008 0005 0006 0007 0008 0005 0006 0007 0008 0005
000A 000B 000E 000F 0010 0012 0007 0008 0005 000D 000E 000F 001F 0006 0007 0014 0010 0011 000E 0020 0005 0006 0007 0014 0010 0011 000E 000F 0010 0011 000E 000F
0000 0001 0002 0002 0018 0019 0006 0007 0008 0017 0002 0018 0021 0005 0006 0017 0002 0002 0018 0022 0008 0005 0006 0017 0002 0002 0002 0002 0002 0002 0002 0002
0003 001A 0005 0006 0007 0008 0005 0006 0007 0008 0005 0006 0007 0008 0005 0006 0007 0008 0005 0006 0007 0008 0005 0006 0007 0008 0005 0006 0007 0008 0005 0006
0003 0009 0008 0005 0006 0007 0008 0005 0006 0007 0008 0005 0006 0007 0008 0005 0006 0007 0008 0005 0006 0007 0008 0005 0006 0007 0008 0005 0006 0007 0008 0005
000A 000B 000E 0020 0005 0006 0007 0014 0010 0011 000E 000F 0010 0011 000E 0020 0005 0006 0007 0014 0010 0011 000E 000F 001F 0006 0007 0008 0013 0011 000E 000F
0000 0001 0018 0022 0008 0005 0006 0017 0002 0002 0002 0002 0002 0002 0018 0022 0008 0005 0006 0017 0002 0002 0002 0018 0021 0005 0006 0007 0017 0002 0002 0002
0003 001A 0005 0006 0007 0008 0005 0006 0007 0008 0005 0006 0007 0008 0005 0006 0007 0008 0005 0006 0007 0008 0005 0006 0007 0008 0005 0006 0007 0008 0005 0006
0003 0009 0008 0005 0006 0007 0008 0005 0006 0007 0008 0005 0006 0007 0008 0005 0006 0007 0008 0005 0006 0007 0008 0005 0006 0007 0008 0005 0006 0007 0008 0005
0003 000B 000E 000F 0010 0011 000C 0008 0005 0006 0023 000F 0010 0011 000E 000F 0010 0011 000E 0020 0005 0006 0007 0014 0010 0011 000E 000F 0010 0011 000C 0008
001E 0001 0002 0002 0002 0018 0016 0007 0008 0005 0017 0002 0002 0002 0002 0002 0002 0002 0018 0022 0008 0005 0006 0017 0002 0002 0002 0002 0002 0018 0016 0007
0003 001A 0005 0006 0007 0008 0005 0006 0007 0008 0005 0006 0007 0008 0005 0006 0007 0008 0005 0006 0007 0008 0005 0006 0007 0008 0005 0006 0007 0008 0005 0006
0003 0009 0008 0005 0006 0007 0008 0005 0006 0007 0008 0005 0006 0007 0008 0005 0006 0007 0008 0005 0006 0007 0008 0005 0006 0007 0008 0005 0006 0007 0008 0005
0003 001B 0007 0014 0010 0011 000E 000F 0010 0011 000E 000F 0010 0012 0007 0008 0013 0011 000E 000F 0010 0011 000E 000F 0010 0011 000E 000F 001F 0006 0007 0008
0003 001D 0006 0017 0002 0002 0002 0002 0002 0002 0002 0002 0018 0019 0006 0007 0017 0002 0002 0002 0002 0002 0002 0002 0002 0002 0002 0018 0021 0005 0006 0007
0003 001A 0005 0006 0007 0008 0005 0006 0007 0008 0005 0006 0007 0008 0005 0006 0007 0008 0005 0006 0007 0008 0005 0006 0007 0008 0005 0006 0007 0008 0005 0006
0003 0009 0008 0005 0006 0007 0008 0005 0006 0007 0008 0005 0006 0007 0008 0005 0006 0007 0008 0005 0006 0007 0008 0005 0006 0007 0008 0005 0006 0007 0008 0005
000A 000B 000E 000F 0010 0011 000E 000F 0010 0011 000E 000F 0010 0011 000E 000F 0010 0011 000E 000F 0010 0011 000E 000F 0010 0011 000E 000F 0010 0011 000E 000F
