ATARI GAUNTLET PLAYFIELD 16X16 TILEMAP
SOURCE: level-053-playfield.png
GRID: 32 X 32
TILE_SIZE: 16 X 16
UNIQUE_TILES: 67

0000 0000 0000 0000 0001 0000 0000 0000 0002 0003 0000 0000 0001 0000 0000 0000 0004 0003 0000 0000 0002 0003 0000 0000 0000 0000 0000 0000 0004 0003 0000 0000
0005 0006 0007 0008 0005 0006 0007 0008 0009 000A 0007 0008 000B 000C 0007 0008 000D 000E 0007 0008 0009 000A 0007 0008 000B 000C 0007 0008 000D 000E 0007 0008
000F 0010 0006 0007 0008 0005 0006 0007 0009 0011 0006 0007 0012 0013 0006 0007 000F 0010 0006 0007 0009 0011 0006 0007 0012 0013 0006 0007 0008 0005 0006 0007
0014 0015 0016 0017 0018 0019 0005 0006 0009 0015 0016 0017 0018 001A 0016 0017 0014 001B 000B 000C 0009 001B 0005 0006 001C 001A 0016 0017 0018 001A 0016 0017
0004 0003 0000 0000 001D 001E 0008 0005 001F 0003 0000 0000 0002 0003 0000 0000 0020 001E 0012 0013 0009 001E 0008 0005 0021 0000 0000 0000 0002 0003 0000 0000
000D 000E 0007 0008 0009 000A 0007 0008 0009 000A 0007 0008 0009 0022 0018 0019 0009 000A 0007 0008 0009 000A 0007 0008 0005 0006 0023 0008 0009 000A 0007 0008
0008 0005 0006 0007 0009 0011 0006 0007 0009 0011 0006 0007 001F 0003 0024 0025 0009 0011 0006 0007 0009 0011 0006 0007 0008 0005 0026 0007 0009 0011 0006 0007
0007 0008 0005 0027 0028 001B 0005 0006 0009 001B 000B 000C 0009 0015 0016 000C 0009 001B 0005 0006 0009 001B 000B 0017 0018 001A 0016 0017 0028 0015 0010 0006
0006 0007 0008 0029 0020 001E 000F 0010 0009 001E 0012 0013 001F 0003 0024 002A 0021 0025 0008 0005 002B 002C 002D 0000 002E 0000 0000 0000 0004 002F 0030 0005
0005 0006 0007 0008 0009 000A 0031 001B 0009 000A 0007 0008 0009 000A 0007 0012 0013 0006 0007 0008 001F 002F 0025 0008 0005 0006 0007 0008 0009 000A 0007 0008
000F 0010 0006 0007 0009 0032 0033 0025 0009 0011 0006 0007 0009 0011 0006 0007 0008 0005 0006 0007 0009 0011 0006 0007 0008 0005 0006 0007 0009 0011 0006 0007
0014 0015 0016 0017 0034 002F 0013 0006 0009 0015 0010 0027 0028 001B 0005 0006 001C 0019 0005 0006 0009 001B 000B 000C 001C 001A 0016 0017 0028 0015 0010 0027
0004 0003 0000 0000 0020 001E 0008 0005 001F 002F 0030 0029 0020 001E 000F 0010 002E 0025 0008 0005 0021 0025 0012 0013 0035 0003 0000 0000 0004 002F 0030 0029
0009 000A 0007 0008 0009 000A 0007 0008 0009 000A 0007 0008 0009 000A 0012 0036 0010 0006 0007 0008 0005 0006 0007 0008 0009 0037 0007 0008 0009 000A 0007 0008
0009 0011 0006 0007 0009 0032 0017 0038 0009 0011 0006 0007 0009 0011 0006 0012 0030 0005 0006 0007 0008 0005 0006 0007 0009 0011 0006 0007 0009 0011 0006 0007
0009 001B 000B 000C 001F 0003 0024 000E 0009 001B 000B 000C 0009 0015 0016 0017 0018 001A 0016 0017 0018 001A 0016 0017 0028 0015 0010 0006 0009 001B 0005 0006
0009 001E 0012 0013 0009 001E 0008 0005 0009 001E 0012 0013 0039 0000 0000 0000 0000 0000 0000 0000 002E 0000 0000 0000 0004 002F 0036 0010 0009 001E 0008 0005
0009 000A 0007 0008 0009 000A 0007 000F 0028 000A 0007 0008 0005 0006 0007 0008 0005 0006 0007 0008 0005 0006 0007 0008 0009 000A 0012 0030 0009 000A 0007 0008
0009 0011 0006 0007 0009 0011 0006 003A 003B 0011 0006 0007 0008 0005 0006 0007 0008 0005 0006 0007 0008 0005 0006 0007 0009 0011 0006 0007 0009 0011 0006 0007
0009 001B 0005 0006 0009 001B 0005 003C 003D 0015 0016 0017 0018 001A 0016 0017 0018 001A 0016 0017 0018 001A 0016 0017 0028 001B 0005 0027 0028 001B 0005 0006
0009 001E 0008 000B 0021 0025 0008 0021 003E 0000 0000 0000 0002 0003 0000 0000 0000 0000 0002 0003 0002 0003 0000 0000 0020 001E 000F 002D 0020 001E 0008 0005
0009 000A 0007 0012 002A 000C 0007 0009 0032 0017 0018 0019 0009 000A 0007 0008 0005 0006 002B 0030 0009 000A 0007 0008 0009 000A 0012 0030 0009 000A 0007 0008
0009 0011 0006 0007 0031 0011 0006 001F 0003 0000 0024 0025 0009 0011 0006 0007 000F 0010 0006 0007 0009 0011 0006 0007 0009 0011 0006 0007 0009 0011 0006 0007
0009 001B 0005 0006 0009 0015 0016 0028 002C 001A 0016 0017 0028 0015 0016 0017 0014 001B 0005 0006 0009 0015 0016 0017 0028 0015 0010 0006 0009 001B 0005 0006
0009 001E 0008 0005 0039 0000 0000 0001 0000 0000 0000 0000 0001 0000 0000 0000 002E 001E 0008 0005 0021 0003 0000 0000 0001 0024 0036 0010 0009 001E 0008 0005
0009 000A 0007 0008 000B 000C 0007 0008 0005 0006 0007 0008 000B 000C 0007 0008 0009 000A 0007 0008 0009 000A 001C 0019 0005 0006 0012 0030 0009 000A 0007 0008
0009 0011 0006 0007 0012 0013 0006 0007 0008 0005 0006 0007 0012 0013 0006 0007 0009 0011 0006 0007 0009 0011 0012 003F 0019 000B 000C 0007 0009 0011 0006 0007
0009 0015 0016 0017 0018 001A 0016 0017 0018 001A 0016 0017 0018 0019 0005 0006 002E 001B 000B 000C 0021 001B 0005 0012 003F 0040 0013 0006 0009 001B 0005 0006
0039 0000 0000 0000 0000 0000 0000 0000 0002 0003 0000 0000 001D 001E 0008 0005 0009 001E 0021 0013 000D 0025 0008 0005 0012 0025 0008 0005 0009 001E 0008 0005
0005 0006 0007 0008 0005 0006 0007 0008 000D 000E 0007 0008 0009 000A 0007 0008 0009 000A 0007 0008 0005 0006 0007 0008 0005 0006 0007 0008 0009 000A 0007 0008
0008 0005 0006 0007 000F 0010 0006 0007 0008 0005 0006 0007 0009 0011 0006 0007 0009 0011 0006 0007 0008 0005 0006 0007 0008 0005 0006 0007 0009 0011 0006 0007
0018 001A 0016 0017 0014 0041 0016 0017 0018 001A 0016 0017 0028 0015 0016 0042 0028 0015 0016 0017 0018 001A 0016 0017 0018 001A 0016 0017 0028 0015 0016 0017
