ATARI GAUNTLET MOTION OBJECT 16X16 TILEMAP
SOURCE: level-027.png
GRID: 32 X 32
TILE_SIZE: 16 X 16
ATLAS_TILES: 992
UNIQUE_PIXEL_TILES: 147
CONNECTED_OBJECT_GROUPS: 32

0020 0021 0022 0000 0000 0000 0026 0027 0028 0000 0000 0000 0000 0000 0000 0000 0000 0000 0000 0000 0000 0035 0036 0037 0000 0000 0000 0000 0000 0000 0000 0000
0040 0041 0042 0043 0044 0045 0046 0047 0048 0000 0000 0000 0000 0000 0000 0000 0000 0000 0000 0000 0000 0055 0056 0057 0000 0000 0000 0000 0000 0000 0000 0000
0060 0061 0062 0063 0000 0000 0000 0000 0000 0000 0000 0000 0000 0000 0000 0000 0000 0000 0072 0073 0074 0075 0000 0000 0000 0000 0000 0000 0000 0000 003B 003C
0080 0081 0082 0000 0000 0000 0000 0000 0000 0000 0000 0000 0000 0000 0000 0000 0000 0000 0000 0093 0094 0095 0096 0097 0098 0000 0000 0000 0000 0000 005B 005C
0000 0000 0000 0000 0000 0000 0000 0000 0000 0000 0000 0000 0000 0000 0000 00AF 00B0 00B1 00B2 0000 0000 0000 00B6 00B7 00B8 0000 0000 0000 0079 007A 007B 0000
003D 003E 003F 0000 0000 0000 0000 0000 0000 00C9 00CA 00CB 00CC 00CD 00CE 00CF 00D0 00D1 00D2 0000 0000 0000 0000 0000 0000 0000 0000 0000 0099 009A 009B 0000
005D 005E 005F 0000 0000 0000 0000 0000 0000 0000 00EA 00EB 00EC 0000 00EE 00EF 00F0 00F1 00F2 0000 0000 0000 0000 0000 0000 0000 0000 0000 0000 00BA 00BB 00BC
007D 007E 007F 0000 0140 0141 0142 0000 0143 0000 0000 0000 0000 0000 010E 010F 0110 0111 0112 0113 0114 0115 0116 0117 0000 0000 0000 0000 0000 0000 0000 0000
0000 0000 0000 0000 0160 0161 0162 0000 0000 0000 0000 0000 0000 0000 0000 0000 0000 0000 0000 0000 0000 0135 0136 0137 0000 0000 0000 0000 0000 0000 0000 0000
0144 0000 0000 0000 0000 0000 0000 0000 0000 0000 0148 0000 0000 0000 0000 0000 0000 0000 0000 0000 0000 0000 0000 0000 0000 0000 0000 0000 014B 014C 014D 014E
0000 0000 0000 0000 0000 014F 0000 0165 0166 0167 0000 0000 0158 0159 015A 0000 0000 0000 0000 0000 0000 0000 0000 0000 0000 0000 0169 016A 016B 0000 0000 0000
015B 015C 015D 0000 0000 0000 0000 0000 0000 0000 0000 0177 0178 0179 0000 0000 0000 0000 0000 0000 0000 0000 0000 0000 0000 0000 0189 018A 018B 0000 0000 0000
017B 017C 017D 0000 0000 0000 0000 0000 0000 0000 0196 0197 0198 0000 0000 0000 0000 0000 0000 0000 0000 0000 0000 0000 0000 0000 0000 0000 0000 0000 0000 0000
019B 019C 019D 0000 02A0 02A1 02A2 0000 01B4 01B5 01B6 01B7 0000 0000 0000 0000 0000 0000 02A3 02A4 02A5 0000 0000 0000 0000 0000 0000 0000 0000 0000 02A6 02A7
01BB 01BC 01BD 0000 0000 0000 0000 0000 01D4 01D5 01D6 0000 0000 0000 0000 0000 0000 0000 02C3 02C4 02C5 0000 0000 0000 0000 0000 0000 0000 0000 0000 02C6 02C7
01DB 01DC 01DD 0000 0000 0000 0000 01F3 01F4 01F5 0000 0000 0000 0000 0000 0000 02A8 0000 0000 0000 0000 0000 0000 0000 0000 0000 0000 0000 0000 0000 02E6 02E7
01FB 01FC 01FD 0000 0000 0000 0000 0000 0214 0215 0216 0000 0000 0000 0000 0000 02C8 02C9 0000 0000 0000 0000 0000 0000 0000 0000 0000 0000 0000 0000 0306 0307
021B 021C 021D 0000 0230 0231 0232 0000 0000 0235 0236 0237 0000 0000 0000 0000 0000 0000 0000 0000 0000 0000 0000 0000 0000 0000 0000 0000 0000 0000 0000 0327
023B 023C 023D 0000 0000 0000 0000 0253 0254 0255 0256 0257 0258 0000 0000 0000 0000 0000 0000 0000 0000 0000 0000 0000 0000 0000 0000 0000 0000 0000 0000 0000
0000 0000 0000 0000 02AA 0000 0000 0000 0000 0000 0000 0277 0278 0279 0000 0000 0000 0000 0000 0000 0000 0000 02AB 02AC 02AD 0000 0000 0000 0000 0000 0000 0000
0000 0000 0000 0000 0000 0000 0000 0000 0000 02AE 0000 0000 0298 0299 029A 0000 0000 0000 0000 0000 0000 0000 02CB 02CC 02CD 0000 0000 02AF 02B0 02B1 0000 0000
0000 0000 0000 0000 0000 0000 02B2 0000 0000 0000 0000 0000 0000 0000 0000 0000 0000 0000 0000 0000 0000 0000 0000 0000 0000 0000 0000 0000 0000 0000 0000 0000
0000 0000 0000 0000 0000 0000 0000 0000 0000 0000 0000 0000 0000 0000 0000 0000 0000 0000 0000 0000 0000 0000 0000 0000 0000 0000 0000 0000 0000 0000 0000 0000
02B3 02B4 02B5 0000 0000 0000 02B6 02B7 02B8 0000 0000 02B9 02BA 02BB 0000 0000 0000 0000 0000 0000 0000 0000 0000 0000 0000 0000 02BC 02BD 02BE 0000 0000 0000
02D3 02D4 02D5 0000 0000 0000 02D6 02D7 02D8 0000 0000 0000 0000 0000 0000 0347 0348 0349 034A 034B 034C 0000 0000 0000 0000 0000 02DC 02DD 02DE 0000 034D 034E
02F3 0000 0000 0000 0000 0000 0000 0000 0000 0000 034F 0000 0000 0000 0366 0367 0368 0369 036A 036B 036C 0000 0000 0000 0000 0000 0000 0000 0000 0000 036D 036E
0313 0314 0315 0000 0000 0000 0000 0000 0000 0000 0000 0000 0000 0000 0386 0387 0388 0389 038A 0000 0000 0000 0000 0000 0000 0000 0000 0000 0000 0000 0000 0000
0000 0000 0000 0000 0000 0000 0000 0000 0000 03A1 03A2 03A3 03A4 03A5 03A6 03A7 03A8 03A9 03AA 0000 0000 0000 0000 0000 0000 0000 0000 0000 0000 0000 0350 0000
0000 0351 0000 0000 0000 0000 0000 0000 03C0 03C1 03C2 0000 0000 0000 0000 0000 0000 0000 0000 0000 0000 0000 0000 0000 0000 0000 0000 0000 0000 0000 0000 0000
0000 0000 0372 0000 0000 0000 0000 0000 0000 0000 0000 0000 0000 0000 0000 0000 0000 0000 0000 0000 0000 0000 0000 0000 0000 0000 0000 0000 0000 035A 0000 0000
0000 0391 0392 0393 0000 0000 0000 0397 0398 0399 0000 0000 0000 0000 0000 0000 0000 0000 0000 0000 0000 0000 0000 0000 0000 0000 0000 0000 0000 037A 0000 035B
0000 03B1 03B2 03B3 03B4 03B5 03B6 03B7 03B8 03B9 0000 0000 0000 0000 0000 0000 0000 0000 0000 0000 0000 0000 0000 0000 0000 0000 0000 0000 0000 039A 0000 037B
