ATARI GAUNTLET MOTION OBJECT 16X16 TILEMAP
SOURCE: level-049.png
GRID: 32 X 32
TILE_SIZE: 16 X 16
ATLAS_TILES: 672
UNIQUE_PIXEL_TILES: 151
CONNECTED_OBJECT_GROUPS: 24

0020 0000 0000 0000 0000 0000 0000 0000 0000 0000 0000 0000 0000 0000 0000 0000 0000 0000 0000 0000 0000 0000 0000 0000 0000 0000 0000 0000 0000 0000 0022 0023
0040 0041 0000 0000 0000 0000 0000 0000 0000 0000 0000 0000 0000 0000 0000 0000 0000 0000 0000 0000 0000 0000 0000 0000 0000 0000 0000 0000 0000 0000 0042 0043
0000 0000 0000 0000 0000 0000 0000 0000 0000 0000 0000 0000 0000 0000 0000 0000 0000 0000 0000 0000 0000 0000 0000 0000 0000 0000 0000 0000 0000 0000 0000 0000
0000 0000 0000 0000 0000 0000 0000 0000 0000 0000 0000 0000 0000 0000 0000 0000 0000 0000 0000 0000 0000 0000 0000 0000 0000 0000 0000 0000 0000 0000 0000 0000
0000 0000 0000 0000 0000 0000 0000 0000 0000 0000 0000 0000 0000 0000 0000 0000 0000 0000 0000 0000 0000 0000 0000 0000 0000 0000 0000 0000 0000 0000 0000 0000
0000 0000 0000 0000 0000 0000 0000 0000 0000 0000 0000 0000 0024 0025 0026 0027 0028 0000 0000 002B 002C 0000 0000 0000 0000 0000 0000 0000 0000 0000 0000 0000
0000 0000 0000 0000 0000 0000 0000 0000 0000 0000 0000 0000 0044 0045 0046 0047 0048 0000 004A 004B 004C 0000 0000 004F 0000 0000 0000 0000 0000 0000 0000 0000
0000 0000 0000 0000 0000 0000 0000 0000 0000 0000 0000 0000 0000 0000 0000 0000 0000 0069 006A 0000 006C 006D 006E 0000 0000 0000 0000 0030 0031 0032 0033 0034
0000 0000 0000 0000 0000 0000 0000 0000 0000 0000 0000 0000 0000 0000 0000 0000 0000 0089 008A 008B 008C 008D 008E 0000 0000 0000 0000 0000 0000 0000 0000 0000
0000 0000 0000 0000 0000 0000 0000 0000 0000 0000 0035 0036 0037 0000 0000 0000 0000 0000 0000 0000 0000 0000 0000 0000 0000 0000 0000 0000 0000 0000 0000 0000
0000 0000 0000 0000 0000 0000 0000 0000 0000 0000 0055 0056 0057 0000 0059 005A 005B 005C 0000 0000 0000 0000 0000 0000 0000 0000 0000 0000 0000 0000 0000 0000
0000 0000 0000 0000 0000 0000 0000 0000 0000 0000 0000 0076 0077 0078 0079 007A 007B 0000 0000 0000 0000 0000 0000 0000 0000 0000 0000 0000 0000 0000 0000 0000
0000 003D 003E 003F 0000 0000 00A3 00A4 00A5 0000 0095 0096 0097 0000 0000 0000 0000 0000 0000 0000 0000 0000 0000 0000 0000 0000 0000 0000 0000 0000 0000 0000
0000 0000 0000 0000 0000 0000 00C3 00C4 00C5 0000 0000 0000 0000 0000 0000 00AA 0000 0000 0000 0000 0000 0000 0000 0000 00AB 00AC 00AD 0000 0000 0000 0000 0000
0000 0000 0000 00E0 00E1 00E2 0000 00E4 00E5 00E6 00E7 00E8 00E9 0000 0000 0000 0000 0000 0000 0000 0000 0000 0000 0000 00CB 00CC 00CD 0000 0000 0000 0000 0000
0000 0000 0000 0000 0000 0000 0000 0000 0000 0000 0107 0108 0109 0000 0000 0000 0000 0000 0000 0000 0000 0000 0000 0000 0000 0000 0000 0000 0000 0000 0000 0000
0000 00AE 00AF 00B0 0000 0000 0000 0000 0000 0000 0000 0000 0000 0000 0000 0000 0000 0000 0000 0000 0000 0000 0000 0000 0000 0000 0000 0000 0000 0000 0000 0000
0000 00CE 00CF 00D0 0000 00B1 00B2 00B3 0000 0000 0000 00B5 00B6 00B7 00B8 0000 0000 0000 0000 0000 0000 0000 0000 0000 0000 0000 0000 0000 0000 0000 0000 0000
0000 0000 0000 0000 0000 00D1 00D2 00D3 0000 0000 00D4 00D5 00D6 0000 0000 0000 0000 0000 0000 0000 0000 0000 0000 0000 0000 0000 0000 0000 0000 0000 0000 0000
0000 0000 0000 0000 0000 0000 0000 0000 0000 0000 0000 0000 0000 0000 0000 0000 0000 0000 0000 0000 0000 0000 0000 0000 0000 0000 0000 0000 0000 0000 0000 0000
0000 0000 0000 0000 0000 0000 0000 0000 0000 0000 0128 0129 012A 0000 0000 0000 0000 0000 0000 0000 0000 013A 0000 0000 0000 0000 0000 0000 0000 0000 0000 0000
013B 0000 0000 013C 013D 013E 0000 0145 0146 0147 0148 0149 014A 0000 0153 0154 0155 0156 0157 0158 0159 0000 0000 0000 0000 0000 0000 0000 0000 0000 0000 0241
015B 0000 0000 015C 015D 015E 0000 0165 0166 0167 0000 0000 0000 0000 0173 0174 0175 0176 0177 0178 0179 0000 0000 0000 0000 0000 0000 0000 0000 0000 0260 0261
0000 0000 0000 0000 0000 0000 0000 0185 0186 0187 0000 0189 018A 0000 0000 0000 0000 0000 0000 0000 0000 0000 0000 0000 0000 0000 0243 0244 0245 0000 0000 0000
0000 0000 01A0 01A1 01A2 01A3 01A4 01A5 01A6 01A7 01A8 01A9 01AA 01AB 01AC 0000 0000 0000 01B0 0000 0000 0000 0000 0000 0000 0000 0263 0264 0265 0000 0000 0246
0000 0000 01C0 01C1 01C2 01C3 01C4 01C5 0000 0000 01C8 01C9 01CA 01CB 01CC 0000 01CE 01CF 01D0 01D1 01D2 0000 0000 0000 0000 0282 0283 0284 0000 0000 0000 0000
0000 0000 0000 0000 0000 01E3 01E4 01E5 0000 0000 01E8 01E9 01EA 01EB 01EC 01ED 01EE 01EF 01F0 01F1 01F2 0000 0000 0000 0000 0000 0000 0000 0000 0000 0000 0000
0000 0000 0000 0000 0202 0203 0204 0205 0000 0000 0000 0000 0000 0000 0000 0000 0000 0000 0000 0000 0000 0000 0000 0000 0000 0000 0000 0000 0000 0000 0000 0000
0000 0000 0000 0000 0222 0223 0224 0000 0000 0000 0000 0000 0000 0000 0000 0000 0000 0000 0000 0000 0000 0000 0000 0000 0000 0000 0000 0000 0000 0000 0000 0000
0247 0248 0249 0000 0000 0000 0000 0000 0000 0000 0000 0000 0000 0000 0000 0000 024A 024B 024C 0000 0000 0000 0000 0000 0000 0252 0253 0254 0000 0000 0255 0000
0000 0000 0000 0000 0000 0000 0000 0000 0000 0000 0000 0257 0258 0259 0000 0000 026A 026B 026C 0000 026D 026E 026F 0270 0271 0272 0273 0274 0000 0000 0275 0276
0000 0000 0000 0000 0000 0000 0000 0000 0000 0000 0000 0277 0278 0279 0000 0000 0000 0000 0000 0000 028D 028E 028F 0290 0291 0000 0000 0000 0000 0000 0000 0000
