ATARI GAUNTLET PLAYFIELD 16X16 TILEMAP
SOURCE: level-023-playfield.png
GRID: 32 X 32
TILE_SIZE: 16 X 16
UNIQUE_TILES: 48

0000 0001 0002 0002 0002 0002 0002 0002 0002 0002 0002 0002 0002 0002 0002 0002 0002 0002 0002 0002 0002 0002 0002 0002 0002 0002 0002 0002 0002 0002 0002 0002
0003 0004 0005 0006 0007 0008 0005 0006 0007 0008 0005 0006 0007 0008 0005 0006 0007 0008 0005 0006 0007 0008 0005 0006 0007 0008 0005 0006 0007 0008 0005 0004
0003 0009 0008 000A 000B 000C 000D 000E 000B 000C 000D 000E 000B 000C 000D 000E 000B 000C 000D 000E 000B 000C 000D 000E 000F 0007 0008 0005 0006 0007 0008 0005
0003 0010 0007 0011 0002 0002 0002 0002 0002 0002 0002 0002 0002 0002 0002 0002 0002 0002 0002 0002 0002 0002 0002 0012 0013 0006 0007 0008 0005 0006 0007 0008
0003 0013 0006 0007 0008 0005 0006 0007 0008 0005 0006 0007 0008 0005 0006 0007 0008 0005 0006 0007 0008 0005 0006 0003 0014 0005 0006 0007 0008 0005 0006 0007
0003 0015 000E 000B 000C 000D 000E 000B 000C 000D 000E 000B 000C 000D 000E 000B 000C 000D 000E 000B 0016 0008 0005 0003 0017 000D 0018 0006 0007 0008 0005 0006
0019 0001 0002 0002 0002 0002 0002 0002 0002 0002 0002 0002 0002 0002 0002 0002 0002 0002 0002 001A 001B 0007 0008 001C 0002 001A 001D 0005 0006 0007 0008 0005
0003 0010 0007 0008 0005 0006 0007 0008 0005 0006 0007 0008 0005 0006 0007 0008 0005 0006 0007 0008 0005 0006 0007 0008 0005 0006 0007 0008 0005 0006 0007 0008
0003 0013 0006 0007 0008 0005 001E 000C 000D 000E 000B 000C 000D 000E 000B 000C 000D 000E 000B 000C 000D 000E 000B 000C 000D 0018 0006 0007 0008 0005 0006 0007
0003 0014 0005 0006 0007 0008 0011 0002 0002 0002 0002 0002 0002 0002 0002 0002 0002 0002 0002 0002 0002 0002 0002 0002 0012 0014 0005 0006 0007 0008 0005 0006
0003 0009 0008 0005 0006 0007 0008 0005 0006 0007 0008 0005 0006 0007 0008 0005 0006 0007 0008 0005 0006 0007 001F 0018 0003 0009 0008 0005 0006 0007 0008 0005
0003 0010 0007 001F 000E 000B 0016 0008 0005 0006 0007 0008 0005 0006 0007 0008 0005 0006 0007 0008 0005 0006 0020 001D 0003 0010 0007 0008 0005 0006 0007 0008
0003 0013 0006 0011 0002 001A 001B 0007 0008 0005 0006 0007 0008 0005 0006 0007 0008 0005 0006 0007 0008 0005 0006 0007 0003 0021 000F 0007 0008 0005 0006 0007
0003 0014 0005 0006 0007 0008 0005 0006 0007 0008 0005 0006 0022 0023 0005 0006 0007 0008 0005 0006 0007 0008 0005 0006 001C 001A 0024 0006 0007 0008 0005 0006
0025 0017 000D 000E 000F 0007 0008 0005 0006 0007 0008 0005 0020 0026 0008 0005 0006 0007 0008 0005 0006 0007 0008 0005 0006 0007 001F 000E 000B 000C 000D 000E
0000 0001 0002 001A 0024 0006 0007 0008 0005 0006 0007 0008 000A 000F 0007 0008 0005 0006 0007 0008 0005 0006 0007 0008 0005 0006 0011 0002 0002 0002 0002 0002
0003 0013 0006 0007 0008 0005 0006 0007 0008 0005 0006 0007 0020 0024 0006 0007 0008 0005 0006 0007 0008 0005 0006 0007 0008 0005 0006 0007 0008 0005 0006 0007
0003 0014 0005 001E 000C 000D 0018 0006 0007 0008 0005 0006 0007 0008 0005 0006 0007 0008 0005 0006 0007 0008 0005 0006 0007 001F 000E 000B 000C 000D 0018 0006
0003 0009 0008 0011 0002 001A 001D 0005 0006 0007 0008 0005 0006 0007 0008 0005 0006 0007 0008 0005 0006 0007 0008 0005 0006 0011 0002 0002 0002 001A 001D 0005
0003 0010 0007 0008 0005 0006 0007 0008 0005 0006 0007 0008 0005 0006 0007 0008 0005 0006 0007 0008 0005 0006 0007 0008 0005 0006 0007 0008 0005 0006 0007 0008
0025 0021 000B 000C 0023 0005 0006 0007 0008 0005 0006 0007 0008 0005 0006 0007 0008 0005 0006 0007 0008 0005 0006 0007 0008 0005 001E 000C 000D 000E 000B 000C
0000 0001 0002 001A 0026 0008 0005 0006 0007 0008 0005 0006 0007 0008 0005 0006 0007 0008 0005 0006 0007 0008 0005 0006 0007 0008 0011 0002 0002 0002 0002 0002
0003 0009 0008 0005 0006 0007 0008 0005 0006 0007 0008 0005 0006 0007 0008 0005 0006 0007 0008 0005 0006 0007 0008 0005 0006 0007 0008 0005 0006 0007 0008 0005
0003 0010 0007 001F 000E 000B 0016 0008 0005 0006 0007 0008 0005 0006 0007 0008 0005 0006 0007 0008 0005 0006 0007 0008 0005 001E 000C 000D 000E 000B 0016 0008
0003 0013 0006 0011 0002 001A 001B 0007 0008 0005 0006 0007 0008 0005 0006 0007 0008 0005 0006 0007 0008 0005 0006 0007 0008 0011 0002 0002 0002 001A 001B 0007
0003 0014 0005 0006 0007 0008 0005 0006 0007 0008 0005 0006 0007 0008 0005 0006 0007 0008 0005 0006 0007 0008 0005 0006 0007 0008 0005 0006 0007 0008 0005 0006
0025 0009 0008 0005 0006 0007 001F 0018 0006 0007 0008 0005 0006 0007 0008 0005 0006 0007 0008 0005 0006 0007 0008 0005 0006 0007 001F 000E 000B 000C 000D 0004
0027 0010 0007 001F 000E 000B 0028 0014 0005 0006 0007 0008 0005 0006 0007 0008 0005 0006 0007 0008 0005 0006 0007 0008 0005 0006 0011 0002 0002 0002 0002 0002
0003 0004 000B 0029 002A 002A 002B 0017 000D 000E 000B 000C 000D 000E 000B 000C 000D 000E 000B 000C 000D 000E 000B 000C 000D 000E 000B 000C 000D 000E 000F 0007
0019 0001 0002 002C 002D 002D 002E 0002 0002 0002 0002 0002 0002 0002 0002 0002 0002 0002 0002 0002 0002 0002 0002 0002 0002 0002 0002 0002 0002 001A 0024 0006
0003 0004 0008 0005 0006 0007 0008 0005 0006 0007 0008 0005 0006 0007 0008 0005 0006 0007 0008 0005 0006 0007 0008 0005 0006 0007 0008 0005 0006 0007 0008 0005
0025 002F 000C 000D 000E 000B 000C 000D 000E 000B 000C 000D 000E 000B 000C 000D 000E 000B 000C 000D 000E 000B 000C 000D 000E 000B 000C 000D 000E 000B 000C 000D
