ATARI GAUNTLET MOTION OBJECT 16X16 TILEMAP
SOURCE: level-031.png
GRID: 32 X 32
TILE_SIZE: 16 X 16
ATLAS_TILES: 480
UNIQUE_PIXEL_TILES: 115
CONNECTED_OBJECT_GROUPS: 26

0020 0000 0000 0000 0021 0022 0000 0000 0000 0000 0000 0000 0000 0000 0000 0000 0000 0000 0000 0000 0000 0000 0000 0000 0000 0000 0000 0000 0000 0000 0024 0025
0040 0000 0000 0000 0041 0042 0043 0000 0000 0000 0000 0000 0026 0027 0028 0029 0000 0000 0000 0000 0000 0000 0000 0000 0000 0000 0000 0000 0000 0000 0044 0045
0000 0000 0000 0000 0000 0000 0000 0000 0000 0000 0000 0000 0046 0047 0048 0049 0000 0000 0000 0000 0000 0000 0000 0000 0000 0000 0000 0000 0000 0000 0000 0000
0000 0000 0000 0000 0000 0000 0000 0000 0000 0000 0000 0000 0000 0000 0000 0000 0000 0000 002A 0000 0000 0000 0000 0000 0000 0000 0000 0000 0000 0000 0000 002B
0000 0000 0000 0000 0000 002D 002E 0000 0030 0031 0032 0033 0034 0000 0000 0000 0000 0000 0000 0000 0000 0000 0000 0000 0000 0000 0000 0000 0000 0000 0000 0000
0000 0000 0000 0000 004C 004D 004E 004F 0050 0051 0052 0053 0054 0000 0000 0000 0000 0000 0000 0000 0000 0000 0000 0000 0000 0000 0000 0000 0000 0000 0000 0000
0035 0000 0000 0000 0000 0000 0000 0000 0000 0000 0000 0000 0000 0000 0000 0000 0000 0000 0000 0000 0000 0000 0000 0000 0000 0000 0000 0000 0000 0036 0037 0038
0055 0000 0000 0000 0000 0000 0039 003A 003B 0000 0000 0000 0000 0000 0000 0000 0000 0000 0000 0000 0000 0000 0000 0000 0000 0000 0000 0000 0000 0056 0057 0058
0000 0000 0000 0000 0000 0000 0000 0000 0000 0000 0000 0000 0000 0000 0000 0000 0000 0000 0000 0000 0000 0000 0000 0000 0000 0000 0000 0000 0000 0000 0000 0000
0000 0000 0000 0000 0000 0000 0000 0000 0000 0000 0000 0000 0000 0000 0000 0000 0000 0000 0000 0000 0000 0000 0000 0000 0000 0000 0000 0000 0000 0000 0000 0000
0000 0000 0000 0000 0000 0000 0000 0000 0000 0000 0000 0000 0000 0000 0000 0000 0000 0000 003C 003D 003E 0000 0000 0000 0000 0000 0000 0000 0000 0000 0000 0000
0000 0000 0000 0000 0000 0000 0000 0000 0000 0000 0000 0000 0000 0000 0000 0000 0000 0000 0000 0000 0000 0000 0000 0000 0000 0000 0000 0000 0000 0000 0000 0000
0000 0000 0000 0000 0000 0000 0000 0000 0000 0000 0000 0000 0000 0000 0000 0000 0000 0000 0000 0000 0000 0000 0000 0000 0000 0000 0000 0000 0000 0000 0000 0000
0060 0061 0062 0063 0064 0065 0066 0067 0068 0000 0000 006B 006C 006D 0000 0000 0000 0000 0000 0000 0000 0000 006E 006F 0070 0000 0000 0000 0000 0000 0074 0075
0080 0000 0082 0000 0084 0000 0086 0087 0088 0000 0000 008B 008C 008D 0000 0000 0000 0000 0000 0000 0000 0000 008E 008F 0090 0000 0000 0000 0092 0093 0094 0095
0000 00A1 00A2 00A3 00A4 00A5 0000 0000 00A8 00A9 00AA 0000 0000 0000 0000 0000 0076 0000 0000 0000 0000 0000 0000 0000 0000 0000 0000 00B1 00B2 00B3 00B4 0000
0000 0000 0000 0000 0000 0000 0000 0000 0000 0000 0000 0000 0000 0000 0000 0000 0096 0097 0000 0000 0000 0000 0000 0000 0000 0000 0000 00D1 00D2 00D3 00D4 0000
0000 0000 0000 0000 0000 0000 0000 0000 0000 0000 0000 0000 0000 0000 0000 0000 0000 0000 0000 0000 0000 0000 0078 0079 007A 0000 0000 00F1 00F2 00F3 00F4 0000
0000 0000 0000 0000 0000 0000 0000 0000 0000 0000 0000 0000 0000 0000 0000 0000 0000 0000 0000 0000 0000 0000 0098 0099 009A 0000 0000 0000 0000 0000 0000 0000
007C 007D 007E 0000 0000 0000 0000 0000 0000 0000 0000 0000 0000 0000 0000 0000 0000 0000 0000 0000 0000 0000 0000 00B9 00BA 00BB 0000 0000 0000 0000 0000 0000
009C 009D 009E 0000 0000 0000 0000 0000 0000 0000 0000 0000 0000 0000 0000 0000 0000 0000 0000 0000 0000 0000 0000 00D9 00DA 00DB 0000 0000 0000 0000 0000 0000
0000 0000 0000 0000 0000 0000 0000 0000 0000 0000 0000 0000 0000 0000 0000 0100 0101 0102 0000 0000 0000 0000 0000 0000 0000 0000 0000 0000 0000 0000 0000 0000
0103 0000 0000 0000 0000 0000 0000 0000 0000 0000 0000 0000 0000 0000 0000 0000 0000 0000 0000 0000 0000 0000 0000 0000 0000 0000 0000 0000 0000 0000 0106 0107
0123 0124 0125 0000 0000 0000 0000 0000 0000 0000 0000 0000 0000 0000 0000 0000 0000 0000 0000 0000 0000 0000 0000 0000 0000 0000 0000 0000 0000 0000 0126 0127
0000 0000 0000 0000 0000 0000 0000 0000 0000 0000 0000 0000 0000 0000 0000 0000 0000 0000 0000 0000 0000 0000 0000 0000 0000 0000 0000 0000 0000 0000 0000 0000
0000 0000 0000 0000 0000 0000 0000 0000 0000 0000 0000 0000 0000 0000 0000 0000 0000 0000 0000 0000 0000 0000 0000 0000 0000 0000 0000 0000 0000 0000 0000 0000
0000 0000 0000 0000 0000 0000 0000 0000 0000 0000 0000 0000 0000 0000 0000 0108 0109 010A 0000 0000 0000 0000 0000 0000 0000 0000 0000 0000 0000 0000 0000 0000
0000 0000 0000 0000 010B 010C 010D 0000 0000 0000 0000 0000 0000 0000 0000 0000 0000 0000 0000 0000 0110 0111 0112 0113 0114 0115 0000 0000 0000 0000 0000 0000
0000 0000 0000 0000 0000 0000 0000 0000 0000 0000 0000 0000 0000 0000 0000 0000 0000 0000 0000 0000 0000 0131 0000 0133 0134 0135 0136 0137 0138 0139 013A 013B
0000 0000 0000 0000 0000 0000 0000 0000 0000 0000 0000 0000 0000 0000 0000 0000 0000 0000 014E 014F 0150 0000 0000 0000 0000 0000 0156 0157 0158 0159 015A 015B
011C 0000 0000 0000 0000 0000 0000 0000 0000 0000 0000 0000 01A0 01A1 0000 0000 0000 0000 0000 0000 0170 0171 0172 0000 0000 0000 0000 0000 0000 0000 017A 017B
013C 013D 0000 0000 0000 0000 0000 0000 01A3 01A4 01A5 0000 01C0 01C1 01C2 0000 0000 0000 0000 0000 0190 0191 0192 0000 0000 0000 0000 0000 0000 0000 019A 019B
