ATARI GAUNTLET PLAYFIELD 16X16 TILEMAP
SOURCE: level-018-playfield.png
GRID: 32 X 32
TILE_SIZE: 16 X 16
UNIQUE_TILES: 39

0000 0001 0002 0002 0002 0003 0002 0002 0002 0002 0002 0002 0002 0002 0002 0002 0002 0002 0002 0002 0002 0002 0002 0002 0002 0002 0002 0002 0002 0002 0002 0002
0004 0005 0006 0007 0008 0009 0006 0007 0008 0009 0006 0007 0008 0009 0006 0007 0008 0009 0006 0007 0008 0009 0006 0007 0008 0009 0006 0007 0008 0009 0006 0007
0004 000A 0009 0006 0007 0008 0009 0006 0007 0008 0009 0006 0007 0008 0009 000B 000C 0008 0009 000B 000C 0008 0009 0006 0007 0008 0009 0006 0007 0008 0009 0006
0004 000D 0008 0009 000B 000C 0008 0009 0006 0007 0008 0009 0006 0007 0008 000E 000F 0007 0008 000E 000F 0007 0008 0009 0006 0007 0008 0009 0006 0007 0008 0009
0004 000F 0007 0008 0010 0011 0007 0008 0009 0006 0007 0008 0009 0006 0007 0004 0005 0006 0007 0004 0005 0006 0007 0008 0009 0006 0007 0008 0009 0006 0007 0008
0004 0005 0006 0007 0008 0009 0006 0007 0008 0009 0006 0007 0008 0009 0006 0004 0012 0009 0006 0004 0012 0009 0006 0007 0008 0009 0006 0007 0008 0009 0006 0007
0004 0012 0009 0006 0007 0008 0009 0006 0007 0008 0009 0006 0007 0008 0009 0004 000D 0008 0009 0004 000D 0008 0009 0006 0007 0008 0009 0006 0007 0008 0009 0006
0013 0014 0015 0016 0017 0018 0015 0016 0017 0018 0015 0016 0017 0018 0015 0013 000F 0007 0008 0004 0019 0018 0015 0016 0017 0018 0015 0016 0017 0018 0015 0016
0003 0002 0002 0002 0002 0002 0002 0002 0002 0002 0002 0002 0002 0002 0002 001A 001B 0006 0007 001C 0002 0002 0002 0002 0002 0002 0002 0002 0002 0002 0002 0002
0008 0009 0006 0007 0008 0009 0006 0007 0008 0009 0006 0007 0008 0009 0006 0007 0008 0009 0006 0007 0008 0009 0006 0007 0008 0009 0006 0007 0008 0009 0006 0007
000C 001D 0016 0017 0018 0015 0016 0017 0018 0015 0016 0017 0018 0015 0016 0017 0018 0015 0016 0017 0018 0015 0016 0017 0018 0015 0016 0017 0018 0015 0016 0017
0011 001E 0002 0002 0002 0002 0002 0002 0002 0002 0002 0002 0002 0002 0002 0002 0002 0002 0002 0002 0002 0002 0002 0002 0002 0002 0002 0002 0002 0002 0002 001F
0009 0006 0007 0008 0009 0006 0007 0008 0009 0006 0007 0008 0009 0006 0007 0008 0009 0006 0007 0008 0009 0006 0007 0008 0009 0006 0007 0008 0009 0006 0007 0008
0015 0016 0017 0018 0015 0016 0017 0018 0015 0016 0017 0018 0015 0016 0017 0018 0020 0009 0006 0021 0015 0016 0017 0018 0015 0016 0017 0018 0015 0016 0017 0018
0002 0002 0002 0002 0002 0002 0002 0002 0002 0002 0002 0002 0002 0002 0002 0022 000D 0008 0009 0023 0001 0002 0002 0002 0002 0002 0002 0002 0002 0002 0002 0002
0006 0007 0008 0009 0006 0007 0008 0009 0006 0007 0008 0009 0006 0007 0008 0004 000F 0007 0008 0004 000F 0007 0008 0009 0006 0007 0008 0009 0006 0007 0008 0009
0009 0006 0007 0008 0009 0006 0007 0008 0009 0006 0007 0008 0009 0006 0007 0004 0005 0006 0007 0004 0005 0006 0007 0008 0009 0006 0007 0008 0009 0006 0007 0008
0008 0009 0006 0007 0008 0009 0006 0007 0008 0009 0006 0007 0008 0009 0006 0004 0012 0009 0006 0004 0012 0009 0006 0007 0008 0009 0006 0007 0008 0009 0006 0007
0007 0008 0009 0006 0007 0008 0009 0006 0007 0008 0009 0006 0007 0008 0009 0004 000D 0008 0009 0004 000D 0008 0009 0006 0007 0008 0009 0006 0007 0008 0009 0006
0006 0007 0008 0009 0006 0007 0008 0009 0006 0007 0008 0009 0006 0007 0008 0004 000F 0007 0008 0004 000F 0007 0008 0009 0006 0007 0008 0009 0006 0007 0008 0009
0009 0006 0007 0008 0009 0006 0007 0008 0009 0006 0007 0008 0009 0006 0007 0004 0005 0006 0007 0004 0005 0006 0007 0008 0009 0006 0007 0008 0009 0006 0007 0008
0015 0016 0017 0018 0015 0016 0017 0018 0015 0016 0017 0018 0015 0016 0017 0013 0012 0009 0006 0004 0024 0016 0017 0018 0015 0016 0017 0018 0015 0016 0017 0018
0025 0001 0002 0002 0002 0002 0002 0002 0002 0002 0002 0002 0002 0002 0002 001A 0026 0008 0009 001C 0002 0002 0002 0002 0002 0002 0002 0002 0002 0002 0002 0002
0004 000D 0008 0009 0006 0007 0008 0009 0006 0007 0008 0009 0006 0007 0008 0009 0006 0007 0008 0009 0006 0007 0008 0009 0006 0007 0008 0009 0006 0007 0008 0009
0013 0019 0018 0015 0016 0017 0018 0015 0016 0017 0018 0015 0016 0017 0018 0015 0016 0017 0018 0015 0016 0017 0018 0015 0016 0017 0018 0015 0016 0017 0018 0015
0003 0002 0002 0002 0002 0002 0002 0002 0002 0002 0002 0002 0002 0002 0002 0002 0002 0002 0002 0002 0002 0002 0002 0002 0002 0002 0002 0002 0002 0002 0002 0002
0007 0008 0009 0006 0007 0008 0009 0006 0007 0008 0009 0006 0007 0008 0009 0006 0007 0008 0009 0006 0007 0008 0009 0006 0007 0008 0009 0006 0007 0008 0009 0006
0006 0007 0008 0009 0006 0007 0008 0009 0006 0007 0008 0009 0006 0007 0008 0009 0006 0007 0008 0009 0006 0007 0008 0009 0006 0007 0008 0009 0006 0007 0008 0009
0016 0017 0018 0015 0016 0017 0018 0015 0016 0017 0018 0015 0016 0017 0018 0015 0016 0017 0018 0015 0016 0017 0018 0015 0016 0017 0018 0015 0016 0017 0018 0015
0025 0001 0002 0002 0002 0025 0001 0002 0002 0002 0002 0002 0002 0002 0002 0002 0002 0002 0002 0002 0002 0002 0002 0002 0002 0002 0002 0002 0002 0002 0002 0002
0004 0012 0009 0006 0007 0004 0005 0006 0007 0008 0009 0006 0007 0008 0009 0006 0007 0008 0009 0006 0007 0008 0009 0006 0007 0008 0009 0006 0007 0008 0009 0006
0013 0014 0015 0016 0017 0013 0024 0016 0017 0018 0015 0016 0017 0018 0015 0016 0017 0018 0015 0016 0017 0018 0015 0016 0017 0018 0015 0016 0017 0018 0015 0016
