ATARI GAUNTLET MOTION OBJECT 16X16 TILEMAP
SOURCE: level-005.png
GRID: 32 X 32
TILE_SIZE: 16 X 16
ATLAS_TILES: 576
UNIQUE_PIXEL_TILES: 85
CONNECTED_OBJECT_GROUPS: 22

0020 0021 0022 0000 0000 0000 0000 0000 0000 0000 0000 0000 0000 0000 0000 0000 0000 0000 0000 0000 0000 0000 0000 0000 0000 0000 0000 0000 0000 0000 0000 0000
0040 0041 0042 0000 0000 0000 0000 0000 0000 0000 0000 0000 0000 0000 0000 0000 0000 0000 0000 0000 0000 0000 0000 0000 0000 0000 0000 0000 0000 0000 0000 0000
0000 0000 0000 0000 0000 0000 0000 0000 0000 0000 0000 0000 0000 0000 0000 0000 0000 0000 0000 0000 0000 0000 0000 0000 0000 0000 0000 0000 0000 0000 0000 0000
0000 0000 0000 0000 0000 0000 0000 0000 0000 0000 0000 0000 0000 0000 0000 0000 0000 0000 0000 0000 0000 0000 0000 0000 0000 0000 0000 0000 0000 0000 0000 0000
0000 0000 0000 0023 0024 0025 0026 0027 0000 0029 002A 002B 0000 0000 0000 0000 0000 0000 0000 0000 0000 0000 0000 0000 0000 0000 0000 0000 0000 0000 0000 0000
0000 0000 0000 0043 0044 0045 0046 0047 0048 0049 004A 004B 0000 0000 0000 0000 0000 0000 0000 0000 0000 0000 0000 0000 0000 0000 0000 0000 0000 0000 0000 0000
002C 0000 0000 0000 0000 0000 0000 0000 0000 0000 0000 0000 0000 0000 0000 0000 0000 0000 0000 0000 0000 0000 0000 0000 0000 0000 0000 0000 0000 0000 002D 002E
004C 0000 0000 0000 0000 0000 0000 0000 0000 0000 0000 0000 0000 0000 0000 0000 0000 0000 0000 0000 0000 0000 0000 0000 0000 0000 0000 0000 0000 0000 004D 004E
0000 0000 0000 0000 0000 0000 0000 0000 0000 0000 0000 0000 0000 0000 0000 002F 0030 0031 0032 0033 0000 0000 0000 0000 0000 0000 0000 0000 0037 0000 0000 006E
0038 0000 0000 0039 003A 003B 0000 0000 0000 0000 0000 0000 0000 0000 0000 0000 0000 0000 0000 0000 0054 0055 0056 0000 0000 0000 0000 0000 0057 0000 0000 008E
0000 0000 0000 0000 0000 0000 0000 0000 0000 0000 0000 0000 0000 0000 0000 0000 0000 0000 0000 0000 0074 0075 0076 0000 0000 0000 0000 0000 0077 0000 0000 0000
0000 0000 0000 0000 0000 0000 0000 0000 0000 0000 0000 0000 0000 0000 0000 0000 0000 0000 0000 0000 0000 0000 0000 0000 0000 0000 0000 0000 0097 0000 0000 003F
00C0 0000 0000 0000 0000 0000 0000 0000 0000 0000 0000 00C1 00C2 00C3 0000 0000 0000 0000 0000 0000 0000 0000 0000 0000 0000 0000 0000 0000 0000 0000 005E 005F
00E0 0000 0000 0000 0000 0000 0000 0000 0000 0000 0000 00E1 00E2 00E3 0000 0000 0000 0000 0000 0000 0000 0000 0000 0000 0000 0000 0000 0000 0000 0000 007E 007F
0000 0000 0000 0000 0000 0000 0000 0000 0000 0000 0000 0000 0000 0000 0000 00C4 00C5 00C6 0000 0000 0000 0000 0000 0000 0000 0000 0000 0000 009C 009D 009E 0000
0000 0000 0000 0000 0000 0000 0000 0000 0000 0000 0000 0000 0000 0000 0000 00E4 00E5 00E6 0000 0000 0000 0000 0000 0000 0000 0000 0000 0000 00BC 00BD 00BE 0000
0000 0000 0000 0000 0000 0000 0000 0000 0000 0000 0000 0000 0000 0000 0000 0000 0000 0000 0000 0000 0000 0000 0000 0000 0000 0000 0000 0000 0000 0000 0000 0000
0000 0000 0000 0000 0000 0000 0000 0000 0000 00C8 00C9 00CA 0000 0000 0000 0000 0000 0000 0000 0000 0000 0000 0000 0000 0000 0000 0000 0000 00CB 00CC 00CD 0000
0000 00CE 00CF 00D0 00D1 00D2 00D3 0000 00E7 00E8 00E9 00EA 0000 0000 0000 0000 0000 0000 0000 0000 0000 0000 0000 0000 0000 0000 0000 0000 00EB 00EC 00ED 0000
0000 0000 0000 0000 0000 0000 0000 0000 0000 0000 0000 0000 0000 0000 0000 0000 0000 0000 0000 0000 0000 0000 0000 0000 0000 0000 0000 0000 0000 0000 0000 0000
0000 0000 0000 0000 0000 0000 0000 0000 0000 0000 0000 0000 0000 0000 0000 0000 0000 0000 0000 0000 0000 0000 0000 0000 0000 0000 0000 0000 0000 0000 0000 0000
0000 0000 0000 0000 0000 0000 0000 0000 0000 0000 0000 0000 0000 0000 0000 0000 0000 0000 0000 00D4 00D5 00D6 0000 0000 0000 0000 0000 0000 0000 0000 0000 0000
0000 0000 0000 0000 0000 0000 0000 0000 0000 0000 0000 0000 0000 0000 0000 0000 0000 0000 0000 00F4 00F5 00F6 0000 0000 0000 00D7 00D8 00D9 0000 0000 0000 0000
0000 0000 0000 0000 0000 0000 0000 0000 0000 0000 0000 0000 0000 0000 0000 0000 0000 0000 0000 0000 0000 0000 0000 0000 0000 00F7 00F8 00F9 0000 0000 0000 0000
0000 0000 0000 0000 0000 0000 0000 0000 0000 0000 0000 0000 0000 0000 0000 0000 0000 0000 0000 0000 0000 0000 0000 0000 0000 0000 0000 0000 0000 0000 0000 0000
0000 0000 0000 0000 0000 0000 0000 0000 0000 0000 0000 0000 0000 00DD 00DE 00DF 0000 0000 0000 0000 0000 0000 0000 0000 0180 0181 0182 0183 0184 0000 0000 0000
0185 0000 0000 0000 0000 0000 0000 0000 0000 0000 0000 0000 0000 00FD 00FE 00FF 0000 0000 0000 0000 0000 0000 0000 0000 0000 0000 0000 0000 0000 0000 018A 018B
01A5 01A6 01A7 01A8 01A9 0000 0000 0000 0000 0000 011A 011B 011C 0000 0000 0000 0000 0000 0000 0000 0000 0000 0000 0000 0000 0000 0000 0000 0000 0000 01AA 01AB
01C5 01C6 01C7 01C8 01C9 0000 0000 0000 0000 0000 013A 013B 013C 0000 0000 0000 0000 0000 0000 0000 0000 0000 0000 0000 0000 0000 0000 0000 0000 0000 01CA 01CB
01E5 0000 0000 0000 0000 0000 0000 0000 0000 0000 0000 0000 0000 015D 015E 015F 0000 0000 0000 0000 0000 0000 0000 0000 0000 0000 0000 0000 0000 0000 01EA 01EB
0205 0000 018C 018D 0000 0000 0000 0000 0000 0000 0000 0000 0000 017D 017E 017F 0000 0000 0000 0000 0000 0000 0000 0000 0000 0000 0000 0000 0000 0000 020A 020B
0225 0000 0000 0000 0000 0000 0000 0000 0000 0000 0000 0000 0000 0000 0000 0000 0000 0000 0000 0000 0000 0000 0000 0000 0000 0000 0000 0000 0000 0000 022A 022B
