ATARI GAUNTLET PLAYFIELD 16X16 TILEMAP
SOURCE: level-036-playfield.png
GRID: 32 X 32
TILE_SIZE: 16 X 16
UNIQUE_TILES: 59

0000 0001 0002 0002 0003 0001 0002 0002 0002 0002 0002 0002 0002 0002 0004 0002 0002 0002 0002 0002 0004 0002 0002 0002 0002 0002 0002 0002 0002 0003 0001 0002
0005 0006 0007 0008 0005 0006 0007 0008 0009 000A 0007 0008 0009 000A 0007 0008 0009 000A 0007 0008 0009 000A 0007 0008 0009 000A 0007 0008 0009 0005 000B 0008
0005 000C 000A 0007 0005 000D 000E 000F 0010 0011 000E 000F 0010 0011 0012 0007 0008 0009 000A 0007 0008 0013 000E 000F 0010 0011 000E 000F 0010 0014 0006 0007
0005 0015 0009 000A 0016 0002 0002 0002 0002 0002 0002 0002 0017 0018 000C 000A 0007 0008 0009 000A 0007 0019 001A 0001 0002 0002 0002 0002 0002 001B 001C 000A
0005 000B 0008 0009 000A 0007 0008 0009 000A 0007 0008 0009 001D 001E 001F 0011 000E 0020 0010 0011 000E 0021 0022 001C 000A 0007 0008 0009 000A 0007 0008 0009
0005 0006 0007 0008 0009 000A 0007 0008 0009 000A 0007 0008 0009 0016 0002 0002 0002 0002 0002 0002 0002 001B 0023 0008 0009 000A 0007 0008 0009 000A 0007 0008
0005 000C 000A 0007 0008 0009 000A 0007 0008 0009 000A 0007 0008 0009 000A 0007 0008 0009 000A 0007 0008 0009 000A 0007 0008 0009 000A 0007 0008 0009 000A 0007
0005 0015 0009 000A 0024 0010 0011 000E 000F 0010 0011 000E 000F 0010 0011 000E 000F 0010 0011 000E 000F 0010 0011 000E 000F 0010 0011 000E 000F 0010 0025 000A
0005 000B 0008 0009 0026 0002 0002 0002 0002 0002 0002 0002 0002 0003 0001 0002 0002 0002 0002 0002 0002 0003 0001 0002 0002 0002 0002 0002 0002 0027 0028 0009
0005 0006 0007 0008 0009 000A 0007 0008 0009 000A 0007 0008 0009 0005 000B 0008 0009 000A 0007 0008 0009 0005 000B 0008 0009 000A 0007 0008 0009 000A 0007 0008
0005 000C 000A 0007 0029 0011 000E 000F 0010 0011 000E 000F 0010 0014 0006 0007 0008 0009 000A 0007 0008 0005 002A 000F 0010 0011 000E 000F 0010 0011 0012 0007
0005 0015 0009 000A 0026 0002 0002 0002 0002 0002 0002 0002 0002 002B 000C 000A 0007 0008 0009 000A 0007 002C 0001 0002 0002 0002 0002 0002 0002 0027 001C 000A
0005 000B 0008 0009 000A 0007 0008 0009 000A 0007 0008 0009 000A 0005 001F 0011 000E 000F 0010 0011 000E 0014 0015 0009 000A 0007 0008 0009 000A 0007 0008 0009
0005 0006 0007 0008 0009 000A 0007 0008 0009 000A 0007 0008 0009 0016 0002 0002 0002 0002 0002 0002 0002 001B 0023 0008 0009 000A 0007 0008 0009 000A 0007 0008
0005 000C 000A 0007 0008 0009 000A 0007 0008 0009 000A 0007 0008 0009 000A 0007 0008 0009 000A 0007 0008 0009 000A 0007 0008 0009 000A 0007 0008 0009 000A 0007
0014 001F 0011 000E 000F 0010 0011 000E 000F 0010 0011 000E 000F 002D 0009 000A 0007 0008 0009 000A 0007 0008 0013 000E 000F 0010 0011 000E 000F 0010 0011 000E
0000 0001 0002 0002 0002 0002 0002 0002 0002 0002 0002 0002 0027 002E 0010 0011 0012 0007 0008 0013 000E 000F 002F 0002 0002 0002 0002 0002 0002 0002 0002 0002
0005 0006 0007 0008 0009 000A 0007 0029 0025 000A 0007 0008 0009 0026 0002 0027 001C 000A 0007 0026 0002 0027 0023 0008 0009 000A 0024 002D 0009 000A 0007 0008
0005 000C 000A 0007 0008 0009 000A 0030 0015 0009 000A 0007 0008 0009 000A 0007 0008 0009 000A 0007 0008 0009 000A 0007 0008 0009 0030 000B 0008 0009 000A 0007
0005 0015 0009 000A 0007 0008 0009 0031 0023 0008 0009 000A 0007 0029 0011 000E 0032 0008 0009 0033 000F 0010 0025 000A 0007 0008 0031 0034 0007 0008 0009 000A
0014 0035 0010 0011 000E 000F 0010 0011 000E 000F 0010 0011 000E 002F 0002 0027 0034 0007 0008 0026 0002 0027 0036 0011 000E 000F 0010 0011 000E 000F 0010 0011
0000 0001 0002 0002 0002 0002 0002 0002 0002 0002 0002 0002 0027 0034 0007 0029 0011 000E 000F 0010 0025 000A 0026 0002 0002 0002 0002 0002 0002 0002 0002 0002
0005 000C 0033 000F 0010 0011 000E 000F 0010 0011 000E 000F 0010 0011 000E 002F 0002 0002 0002 0027 0036 0011 000E 000F 0010 0011 000E 000F 0010 0011 000E 0032
0005 0015 0026 0002 0002 0002 0002 0002 0002 0002 0002 0002 0002 0002 0027 0034 0007 0008 0009 000A 0026 0002 0002 0002 0002 0002 0002 0002 0002 0002 0027 0034
0014 0035 0010 0011 000E 000F 0010 0011 000E 000F 0010 0011 000E 000F 0010 0011 0012 0007 0008 0013 000E 000F 0010 0011 000E 000F 0010 0011 000E 000F 0010 0011
0000 0001 0002 0002 0002 0002 0002 0002 0002 0002 0002 0002 0002 0002 0002 0027 001C 000A 0007 0026 0002 0002 0002 0002 0002 0002 0002 0002 0002 0002 0002 0002
0005 000C 000A 0007 0008 0009 000A 0007 0008 0009 000A 0007 0008 0009 000A 0007 0008 0009 000A 0007 0008 0009 000A 0007 0008 0009 000A 0007 0008 0009 000A 0007
0005 0015 0009 000A 0007 0008 0009 000A 0007 0008 0009 000A 0007 0008 0013 000E 0032 0008 0009 0033 000F 002D 0009 000A 0007 0008 0009 000A 0007 0008 0009 000A
0005 000B 0008 0009 000A 0007 0008 0009 000A 0007 0008 0009 000A 0007 0037 0038 0034 0007 0008 0026 0039 000B 0008 0009 000A 0007 0008 0009 000A 0007 0008 0009
0005 0006 0007 0008 0009 000A 0007 0008 0009 000A 0007 0008 0009 000A 0005 0015 0009 000A 0007 0008 0005 0006 0007 0008 0009 000A 0007 0008 0009 000A 0007 0008
0005 000C 000A 0007 0008 0009 000A 0007 0008 0009 000A 0007 0008 0009 0005 000B 0008 0009 000A 0007 0005 000C 000A 0007 0008 0009 000A 0007 0008 0009 000A 0007
0014 001F 0011 000E 000F 0010 0011 000E 000F 0010 0011 000E 000F 0010 0014 002A 000F 0010 0011 000E 0014 003A 0011 000E 000F 0010 0011 000E 000F 0010 0011 000E
