ATARI GAUNTLET MOTION OBJECT 16X16 TILEMAP
SOURCE: level-051.png
GRID: 32 X 32
TILE_SIZE: 16 X 16
ATLAS_TILES: 928
UNIQUE_PIXEL_TILES: 159
CONNECTED_OBJECT_GROUPS: 35

0020 0000 0021 0022 0023 0000 0000 0000 0000 0000 0000 0000 0000 0000 0000 0000 0000 0000 0025 0026 0027 0028 0029 0000 0000 0000 0000 0000 0000 002D 002E 002F
0040 0000 0041 0042 0043 0044 0000 0030 0000 0031 0032 0033 0000 0000 0000 0000 0000 0000 0045 0046 0047 0048 0049 0000 0000 0000 0000 0000 0000 004D 004E 004F
0060 0000 0061 0000 0000 0000 0000 0000 0000 0000 0000 0000 0000 0034 0000 0000 0000 0000 0000 0000 0067 0068 0069 0000 0000 0000 0000 0000 0000 0000 006E 006F
0000 0000 0000 0000 0000 0000 0000 0000 0000 0000 0000 0000 0000 0000 0000 0000 0000 0000 0000 0000 0087 0000 0000 008A 008B 008C 0000 0000 0000 0000 0000 0000
0000 0000 0000 0000 0000 0000 0000 0000 0000 0000 0000 0000 0000 0000 0000 0000 0000 0000 0000 0000 00A7 0000 00A9 00AA 00AB 00AC 0000 0000 0000 0035 0000 0000
0038 0039 003A 003B 0000 0000 0000 0000 0000 0120 0121 0122 0123 0124 0000 0000 0000 0000 0000 0000 0000 0000 0000 00CA 0000 0000 0000 0000 0000 0055 0056 0057
0000 0000 0000 0000 0000 0000 0000 0000 0000 0140 0141 0142 0143 0144 0000 0000 0000 0000 0000 0000 00E7 00E8 00E9 00EA 0000 0000 0000 0000 0000 0000 0000 0000
0125 0126 0127 0000 0000 0000 0000 0000 0000 0000 0000 0000 0000 0000 0000 0000 0000 0000 0000 0000 0107 0108 0109 0000 0000 0000 0000 0000 0000 0000 012E 012F
0145 0000 0000 0000 0000 0000 0000 0000 0000 0000 0000 0000 0130 0131 0132 0000 0000 0000 0000 0000 0000 0000 0000 0000 0148 0149 014A 0000 0000 0000 014E 014F
0000 0000 0000 0000 0000 0000 0000 0000 0000 0000 0000 0000 0000 0000 0000 0000 0000 0000 0000 0000 0000 0000 0000 0000 0168 0169 016A 0000 0000 0000 016E 0000
0000 0000 0000 0000 0000 0000 0000 0000 0000 0000 0000 0000 0000 0000 0000 0000 0000 0000 0000 0000 0000 0000 0000 0000 0000 0000 018A 018B 018C 0000 018E 0000
0133 0000 0000 0000 0000 0000 0000 0000 0000 0000 0000 0000 0000 0136 0137 0138 0000 0000 0000 0000 0139 0000 0000 0000 0000 0000 0000 0000 0000 01AD 01AE 01AF
0000 0000 0000 0000 0000 0000 0000 0000 0000 0000 0000 0000 0000 0156 0157 0158 0000 0000 0000 0000 0000 0000 0000 0000 0000 0000 0000 0000 0000 01CD 01CE 01CF
013A 0000 0000 0000 0000 0000 0000 0000 0000 0000 0000 0174 0175 0176 0000 0000 0000 0000 0000 0000 0000 0000 0000 0000 0000 013C 013D 0000 0000 01ED 01EE 01EF
015A 0000 0000 0000 0000 0000 0000 0000 0000 0000 0000 0194 0195 0196 0000 0000 0000 0000 0000 0000 0000 0000 0000 0000 015B 015C 015D 0000 0000 0000 020E 020F
0000 0000 0000 0000 0000 0000 0000 0000 0000 0000 0000 0000 0000 0000 0000 0000 0000 0000 0000 0000 0000 0000 0000 0000 0000 0000 0000 0000 0000 0000 0000 0000
0000 0000 0000 0000 0000 0000 0000 0000 0000 0221 0222 0223 0000 0000 0000 0227 0228 0229 0000 0000 0000 0000 0000 022A 022B 022C 022D 022E 0000 0000 0000 0230
0231 0232 0233 0234 0000 0000 0000 0000 0240 0241 0242 0243 0244 0245 0246 0247 0248 0249 0000 0000 0000 0000 0000 0000 0000 024C 024D 024E 0000 0000 024F 0250
0251 0252 0253 0254 0000 0000 0000 0000 0000 0000 0000 0000 0000 0000 0000 0000 0000 0000 0000 0000 0000 0000 0000 0000 0000 0000 0000 0000 0000 0000 026F 0270
0000 0000 0000 0000 0000 0000 0000 0000 0000 0235 0000 0000 0000 0000 0000 0000 0000 0000 0000 0000 0000 0000 0236 0237 0238 0000 0000 0000 0000 0000 0000 0000
0000 0000 0000 0000 023D 023E 023F 0000 0000 0000 0000 0000 0000 0000 0000 02A1 02A2 02A3 0000 0000 0000 0000 0256 0257 0258 0000 0000 0000 0000 0000 0000 0000
0000 0000 025B 025C 025D 025E 025F 0000 02A4 0000 0000 0000 0000 0000 0000 02C1 02C2 02C3 0000 0000 0000 0000 0000 0000 0000 0000 0000 0000 02A5 02A6 02A7 0000
0000 0000 027B 027C 027D 027E 0000 0000 0000 0000 0000 0000 0000 0000 02E0 02E1 02E2 0000 0000 0000 0000 0000 0000 0000 0000 0000 0000 0000 02C5 02C6 02C7 0000
0299 029A 029B 029C 0000 0000 0000 0000 0000 0000 0000 0000 0000 0000 0300 0301 0302 0000 0000 0000 0000 0000 0000 0000 0000 0000 0000 0000 0000 0000 0000 02E8
0000 0000 0000 0000 0000 0000 0000 0000 0000 0000 0000 0000 0000 0000 0000 0000 0000 0000 0000 0000 0000 0000 0000 0000 0000 0000 0000 0000 0000 0000 0000 0000
0000 0000 0000 0000 0000 0000 0000 0000 0000 02A9 02AA 02AB 0000 0000 0000 0000 0000 0000 0000 0000 0000 0000 0000 0000 0000 0000 0000 0000 02AE 0000 0000 0000
0000 0000 0000 0000 02B1 0000 0000 0000 0000 02C9 02CA 02CB 0000 0000 0000 0000 0000 0000 0000 0000 0000 0000 0000 0000 0000 0000 0000 0000 0000 0000 0000 0000
0000 0000 0000 0000 02D1 0000 0000 0000 0000 0000 0000 02EB 02EC 02ED 0000 0000 0000 0000 0000 0000 0000 0000 0000 0000 0000 0000 02B5 02B6 02B7 0000 0000 0000
0000 0000 0000 0000 02F1 0000 0000 0000 0000 0000 0000 0000 0000 0000 0000 0000 0000 0000 0000 0000 0000 0000 0000 02D2 02D3 02D4 02D5 02D6 02D7 0000 0000 0000
0000 0000 0000 0000 0311 0000 0000 0000 0000 02B8 02B9 02BA 0000 0000 0000 0000 0000 0000 0000 0000 0000 0000 0000 0000 0000 0000 0000 0000 0000 0000 0000 02BB
0000 0000 032F 0330 0331 0000 0000 0000 0000 02D8 02D9 02DA 0000 0000 0360 0361 0362 0363 0364 0000 0000 0000 0000 0000 0000 0000 0000 0000 0000 0000 0000 0000
0000 0000 034F 0350 0351 0000 0000 0000 0000 0000 0000 0000 0000 0000 0380 0381 0382 0383 0384 0000 0000 0000 0000 0000 0000 0000 0000 0000 0000 0000 0000 0000
