ATARI GAUNTLET PLAYFIELD 16X16 TILEMAP
SOURCE: level-006-playfield.png
GRID: 32 X 32
TILE_SIZE: 16 X 16
UNIQUE_TILES: 41

0000 0001 0002 0002 0002 0003 0002 0002 0002 0002 0002 0002 0002 0002 0002 0002 0003 0002 0002 0002 0003 0002 0002 0002 0002 0002 0002 0002 0002 0002 0002 0002
0004 0005 0006 0007 0008 0009 0006 0007 0008 0009 0006 0007 0008 0009 0006 0007 0008 0009 0006 0007 0008 0009 0006 0007 0008 0009 0006 0007 0008 0009 0006 0007
0004 000A 0009 0006 0007 0008 0009 0006 0007 0008 0009 0006 0007 0008 0009 0006 0007 0008 0009 0006 0007 0008 0009 0006 0007 0008 0009 0006 0007 0008 0009 0006
0004 000B 0008 0009 0006 000C 000D 000E 000F 0010 000D 000E 000F 0010 000D 000E 000F 0010 000D 000E 000F 0010 000D 000E 000F 0010 000D 000E 000F 0011 0008 0009
0004 0012 0007 0008 0009 0013 0001 0002 0002 0002 0002 0002 0002 0002 0002 0002 0002 0002 0002 0002 0002 0002 0002 0002 0002 0002 0002 0002 0014 0015 0007 0008
0004 0005 0006 0007 0008 0004 0012 0007 0008 0009 0006 0007 0008 0009 0006 0007 0008 0009 0006 0007 0008 0009 0006 0007 0008 0009 0006 0007 0008 0009 0006 0007
0004 000A 0009 0006 0007 0004 0005 0006 0007 0008 0009 0006 0007 0008 0009 0006 0007 0008 0009 0006 0007 0008 0009 0006 0007 0008 0009 0006 0007 0008 0009 0006
0016 000B 0008 0009 0006 0004 000A 0009 0006 000C 000D 000E 000F 0010 000D 000E 000F 0010 000D 000E 000F 0010 000D 000E 000F 0010 000D 000E 000F 0010 000D 000E
0017 0012 0007 0008 0009 0004 000B 0008 0009 0018 0002 0002 0002 0002 0002 0002 0002 0002 0002 0002 0002 0002 0002 0002 0002 0002 0002 0002 0002 0002 0002 0002
0004 0005 0006 0007 0008 0004 0012 0007 0008 0009 0006 0007 0008 0009 0006 0007 0008 0009 0006 0019 0008 0009 0006 0007 0008 0009 0006 0007 0008 0009 0006 0007
0004 000A 0009 0006 0007 0004 0005 0006 0007 0008 0009 0006 0007 0008 0009 0006 0007 0008 0009 001A 0007 0008 0009 0006 0007 0008 0009 0006 0007 0008 0009 0006
0004 000B 0008 0009 0006 0004 001B 000E 000F 0010 000D 000E 000F 0010 000D 000E 000F 0010 000D 001C 000F 0010 000D 000E 000F 0010 000D 000E 000F 0011 0008 0009
0004 0012 0007 0008 0009 001D 0001 0002 0002 0002 0002 0002 0002 0002 0002 0002 0002 0002 0002 0002 0002 0002 0002 0002 0002 0002 0002 0002 0014 0015 0007 0008
0004 0005 0006 0007 0008 0004 0012 0007 0008 0009 0006 0007 0008 0009 0006 0007 0008 0009 0006 0007 0008 0009 0006 0007 0008 0009 0006 0007 0008 0009 0006 0007
0004 000A 0009 0006 0007 0004 0005 0006 0007 0008 0009 0006 0007 0008 0009 0006 0007 0008 0009 0006 0007 0008 0009 0006 0007 0008 0009 0006 0007 0008 0009 0006
0004 000B 0008 0009 0006 0004 000A 0009 0006 0007 0008 0009 0006 0007 0008 0009 0006 0007 0008 0009 0006 0007 0008 0009 0006 0007 0008 0009 0006 0007 0008 0009
0016 0012 0007 0008 0009 0004 000B 0008 0009 0006 0007 001E 000E 000F 0010 000D 000E 000F 0010 000D 000E 000F 0010 000D 000E 000F 0010 000D 000E 000F 0010 000D
0017 0005 0006 0007 0008 0004 0012 0007 0008 0009 0006 0013 0001 0002 0002 0002 0002 0002 0002 0002 0002 0002 0002 0002 0002 0002 0002 0002 0002 0002 0002 0002
0004 000A 0009 0006 0007 0004 0005 0006 0007 0008 0009 0004 000B 0008 0009 0006 0007 0008 0009 0006 0007 0008 0009 0006 0007 0008 0009 0006 0007 0008 0009 0006
0004 000B 0008 0009 0006 0004 000A 0009 0006 0007 0008 0004 0012 0007 0008 0009 0006 0007 0008 0009 0006 0007 0008 0009 0006 0007 0008 0009 0006 0007 0008 0009
0004 0012 0007 0008 0009 0004 000B 0008 0009 0006 0007 0004 0005 0006 0007 0008 0009 0006 0007 0008 0009 0006 0007 0008 0009 0006 0007 0008 0009 0006 0007 0008
0004 0005 0006 0007 0008 0004 0012 0007 0008 0009 0006 0004 000A 0009 0006 0007 001E 000E 000F 0010 000D 000E 000F 0010 000D 000E 000F 0010 000D 000E 001F 0007
0004 000A 0009 0006 000C 0016 0005 0006 0007 0008 0009 0004 000B 0008 0009 0006 0013 0001 0002 0002 0002 0002 0002 0002 0002 0002 0002 0002 0002 0014 0020 0006
0004 000B 0008 0009 0018 0017 000A 0009 0006 0007 0008 0004 0012 0007 0008 0009 0004 000B 0008 0009 0006 0007 0008 0009 0006 0007 0008 0009 0006 0007 0008 0009
0004 0012 0007 0008 0009 0004 000B 0008 0009 0006 0007 0004 0005 0006 0007 0008 0004 0012 0007 0008 0009 0006 0007 0008 0009 0006 0007 0008 0009 0006 0007 0008
0004 0005 0006 0007 0008 0004 0012 0007 0008 0009 0006 0004 000A 0009 0006 0007 0004 0005 0006 0007 001E 0021 0006 0007 0008 0009 0006 0007 0008 0009 0006 0007
0004 000A 0009 0006 0007 0004 0005 0006 0007 0008 0009 0004 000B 0008 0009 0006 0004 000A 0009 0006 0022 000A 0009 0006 0007 0008 0009 0006 0007 0008 0009 0006
0004 0023 0024 0009 0006 0004 000A 0009 0006 0007 0008 0004 0012 0007 0008 0009 0004 000B 0008 0009 0004 000B 0008 0009 0006 0007 0008 0009 0006 0007 0008 0009
001D 0025 0026 0008 0009 0004 000B 0008 0009 0006 0007 0027 0020 0006 0007 0008 0004 0012 0007 0008 0004 0012 0007 0008 0009 0006 0007 0008 0009 0006 0007 0008
0004 0005 0006 0007 0008 0004 0012 0007 0008 0009 0006 0007 0008 0009 0006 0007 0004 0005 0006 0007 0004 0005 0006 0007 0008 0009 0006 0007 0008 0009 0006 0007
0004 000A 0009 0006 0007 0004 0005 0006 0007 0008 0009 0006 0007 0008 0009 0006 0004 000A 0009 0006 0004 000A 0009 0006 0007 0008 0009 0006 0007 0008 0009 0006
0016 0028 000D 000E 000F 0016 001B 000E 000F 0010 000D 000E 000F 0010 000D 000E 0016 0023 000D 000E 0016 0023 000D 000E 000F 0010 000D 000E 000F 0010 000D 000E
