ATARI GAUNTLET MOTION OBJECT 16X16 TILEMAP
SOURCE: level-013.png
GRID: 32 X 32
TILE_SIZE: 16 X 16
ATLAS_TILES: 800
UNIQUE_PIXEL_TILES: 163
CONNECTED_OBJECT_GROUPS: 26

0020 0021 0022 0023 0024 0000 0000 0000 0000 0000 0000 0000 0000 0000 0025 0000 0000 0000 0000 0000 0000 0000 0000 0000 0000 0000 0000 0000 0000 0028 0029 002A
0040 0041 0042 0043 0044 0000 0000 0000 0000 0000 0000 0000 0000 0000 0045 0046 0000 0000 0000 0000 0000 0000 0000 0000 0000 0000 0000 0000 0000 0048 0049 004A
0060 0000 0000 0000 0000 0000 0000 0000 0000 0000 0000 0000 0000 0000 0000 0000 0000 0000 0000 0000 0000 0000 0000 0000 0000 0000 0000 0000 0000 0000 0069 006A
0000 0000 0000 0000 0000 0000 0000 0000 0000 0000 0000 0000 0000 0000 0000 0000 0000 0000 0000 0000 0000 002D 002E 0000 0000 0000 0000 0000 0087 0088 0000 0000
0000 0000 0000 0000 0000 002F 0030 0031 0000 0000 0000 0000 0000 0000 0000 0000 0000 0000 0000 0000 004C 004D 004E 0000 0000 0000 0000 0000 0000 0000 0000 0000
0000 0000 0000 0000 0000 0000 0000 0000 0000 0000 0000 0000 0000 0000 0000 0000 0000 0000 0000 0000 006C 006D 0000 0000 0000 0000 0000 0000 0000 0000 0000 0000
0000 0000 0000 0000 0000 0000 0000 0000 0000 0000 0000 0000 0000 0000 0000 0000 0000 0000 0000 008B 008C 008D 0000 0000 0000 0000 0000 0000 0000 0000 0000 0000
0000 0000 0000 0000 0000 0000 0000 0032 0033 0034 0000 0000 0000 0000 0039 003A 003B 0000 0000 0000 0000 0000 0000 0000 0000 0000 0000 0000 0000 0000 0000 0000
003F 0000 0000 0000 0000 0000 0000 0052 0053 0054 0055 0056 0057 0000 0059 005A 005B 005C 005D 005E 0000 0000 0000 0000 0000 0000 0000 0000 0000 0000 0100 0101
005F 0000 0000 0000 0000 0000 0000 0000 0000 0000 0075 0076 0077 0078 0000 0000 0000 0000 0000 0000 0000 0000 0000 0000 0102 0103 0104 0105 0106 0000 0120 0121
0000 0000 0000 0000 0000 0000 0000 0000 0000 0000 0000 0000 0000 0000 0099 009A 009B 009C 009D 0000 0000 0000 0000 0000 0122 0123 0124 0125 0126 0000 0000 0000
0000 0000 0000 0000 0000 0000 0000 0000 0000 0000 0000 0000 0000 00B8 00B9 00BA 00BB 00BC 00BD 0000 0000 0000 0000 0000 0000 0000 0000 0000 0000 0000 0000 0000
0000 0000 0000 0000 0000 0000 0000 0000 0000 0000 0000 0000 0000 0000 00D9 00DA 00DB 0000 0000 0000 0000 0000 0000 0000 0107 0108 0109 0000 0000 0000 0000 0000
0000 0000 0000 0000 0000 0000 0000 0000 0000 0000 0000 0000 0000 0000 00F9 00FA 00FB 0000 0000 0000 0000 0000 0000 0000 0127 0128 0129 0000 0000 0000 0000 0000
0000 0000 0000 0000 0000 0000 0000 0000 0000 0000 0000 0000 0000 0000 0000 0000 0000 0000 0112 0113 0114 0000 0000 0000 0000 0000 0000 0000 0000 0000 0000 0000
0000 0000 0000 0000 0000 0000 0000 0000 0000 0000 0000 0116 0117 0000 0000 0000 0130 0131 0132 0133 0134 0000 0000 0000 0000 0000 0118 0119 011A 0000 0000 011B
011C 0000 0000 0000 0000 0000 0000 0000 0000 0000 0135 0136 0137 0000 014E 014F 0150 0151 0152 0000 0000 0000 0000 0000 0000 0000 0138 0139 013A 0000 0000 013B
0000 0000 0000 0203 0204 0205 0000 0000 0000 0000 0000 0000 0000 0000 016E 016F 0170 0171 0172 0000 0000 0000 0000 0000 0000 0000 0000 0000 0000 0000 0000 0000
0220 0221 0222 0223 0224 0225 0000 0000 0000 0000 0000 0000 0000 018D 018E 018F 0190 0191 0192 0193 0194 0000 0000 0000 0000 0000 0000 0000 0000 0000 0000 0000
0240 0241 0242 0000 0000 0000 0000 0000 0000 0000 0000 0000 01AC 01AD 01AE 01AF 01B0 0000 01B2 01B3 01B4 0000 0000 0000 0206 0207 0208 0209 020A 0000 0000 0000
0000 0000 0000 0000 0000 0000 0000 0000 0000 0000 01CA 01CB 01CC 01CD 01CE 01CF 01D0 0000 0000 0000 0000 0000 0000 0000 0226 0227 0228 0229 022A 0000 0000 0000
0000 0000 0000 0000 0000 0000 0000 0000 0000 0000 0000 0000 0000 0000 0000 01EF 0000 0000 0000 0000 0000 0000 0000 0000 0000 0000 0000 0000 0000 0000 0000 0000
0000 0000 0000 0000 0000 0000 0000 0000 020B 020C 020D 0000 0000 0000 0000 0000 0000 020E 020F 0210 0000 0000 0000 0000 0000 0000 0000 0000 0000 0000 0000 0000
0211 0000 0000 0000 0000 0000 0000 0000 022B 022C 022D 0000 0212 0213 0214 0000 0000 022E 022F 0230 0000 0000 0000 0000 0000 0000 0000 0000 0216 0217 0218 0219
0000 0000 0000 0000 0000 0000 0000 0000 0000 0000 0000 0000 0232 0233 0234 0235 0000 0000 0000 0000 0000 0000 0000 0000 0000 0000 0000 0000 0000 0000 0000 0000
0000 0000 0000 0000 0000 0000 0000 0000 0000 0000 0000 0000 0000 0253 0254 0255 0000 0000 0000 0000 0000 0000 0000 0000 0000 0000 0000 0000 0000 0000 0000 0000
0000 0000 0000 0000 0000 0000 0000 0000 0000 0000 0000 0000 0000 0000 0000 0000 0000 0000 0000 0000 0000 026A 026B 026C 0000 0000 0000 0000 0000 0000 0000 0000
0000 0000 0000 0000 0000 0000 0000 0000 0000 0000 0000 0000 0000 0000 0000 0000 0000 0000 0000 0000 0289 028A 028B 028C 0000 0000 0000 0000 0000 0000 0000 0000
026D 026E 026F 0000 0000 0000 0000 0000 0000 0000 0000 0000 0000 0000 0000 0000 0000 0000 0000 02A8 02A9 02AA 02AB 0000 0000 0000 0000 0000 0272 0000 0000 0000
028D 028E 028F 0000 0000 0000 0000 0000 0000 0000 0000 0000 0000 02C2 02C3 0000 02C5 02C6 02C7 02C8 02C9 02CA 0000 0000 0275 0000 0000 0000 0000 0293 0294 0000
02AD 02AE 02AF 02B0 02B1 0000 0000 0000 0000 0000 0000 02E0 02E1 02E2 0000 02E4 02E5 02E6 02E7 02E8 0000 0000 0000 0000 0295 0000 0000 0000 0000 0000 0000 0000
0000 0000 02CF 02D0 02D1 0000 0000 0000 0000 0000 0000 0300 0301 0302 0000 0000 0000 0306 0307 0308 0000 0000 0000 0000 02B5 0000 0000 0000 0000 0000 0000 0000
