ATARI GAUNTLET PLAYFIELD 16X16 TILEMAP
SOURCE: level-002-playfield.png
GRID: 32 X 32
TILE_SIZE: 16 X 16
UNIQUE_TILES: 39

0000 0001 0002 0002 0002 0002 0002 0002 0002 0002 0002 0002 0002 0002 0002 0002 0002 0002 0002 0002 0002 0002 0002 0002 0002 0002 0002 0002 0002 0002 0002 0002
0003 0004 0005 0006 0007 0008 0005 0006 0009 000A 0005 0006 0009 000A 0005 000B 0009 000A 0005 000B 0009 000A 0005 0006 0009 000A 0005 0006 0009 000A 0005 0006
0003 000C 000A 0005 0006 0009 000A 0005 0006 0009 000A 0005 0006 0009 000A 000D 0006 0009 000A 000D 0006 0009 000A 0005 0006 0009 000A 0005 0006 0009 000A 0005
0003 000E 0009 000A 0005 0006 0009 000A 000D 0006 0009 000A 0005 0006 0009 000A 0005 0006 0009 000A 0005 0006 0007 000A 0005 0006 0009 000A 0005 0006 0009 000A
000F 0010 0006 0009 000A 0011 0012 0013 0014 0015 0012 0013 0014 0016 0012 0013 0017 0015 0012 0013 0017 0016 0018 0013 0017 0015 0012 0013 0017 0015 0012 0019
001A 0004 0005 0006 0009 001B 0002 0002 0002 0002 0002 0002 0002 001C 001D 0002 0002 001D 001E 0002 0002 001E 001C 0002 0002 0002 0002 0002 0002 0002 0002 0002
0003 000C 000A 0005 0006 0009 000A 0005 0006 0009 000A 0005 0006 0009 000A 0005 0006 0009 000A 0005 0006 0009 000A 0005 0006 0009 000A 0005 0006 0009 000A 0005
0003 000E 0009 000A 0005 0006 0009 000A 0005 0006 0009 000A 0005 0006 0009 000A 0005 0006 0009 000A 0005 0006 0009 000A 0005 0006 0009 000A 0005 0006 0009 000A
0003 0010 0006 0009 000A 0011 0012 0013 0017 0015 0012 0013 0017 0015 0012 0013 0017 0015 0012 0013 0017 0015 0012 0013 0017 0015 0012 0013 0017 001F 0006 0009
0003 0004 0005 0006 0009 001B 0002 0002 0002 0002 0002 0002 0002 001E 001C 0002 0002 001C 001D 0002 0002 001D 001E 0002 0002 0002 0002 0002 0020 0021 0005 0006
0003 000C 000A 0005 0006 0009 000A 0005 0006 0009 000A 0005 0006 0009 000A 0005 0006 0009 000A 0005 0006 0009 000A 0005 000B 0009 000A 0005 000B 0009 000A 0005
0003 000E 0009 000A 0005 0006 0009 000A 0005 0006 0009 000A 0005 0006 0009 000A 0005 0006 0009 000A 0005 0006 0009 000A 0005 0006 0009 000A 0005 0006 0009 000A
0003 0010 0006 0009 000A 0005 0006 0009 000A 0005 0006 0009 000A 0005 0006 0009 000A 0005 0006 0009 000A 0005 0006 0009 000A 0005 000B 0009 000A 0005 000B 0009
0003 0004 0005 0006 0009 000A 0005 0006 0009 000A 0005 0006 0009 000A 0005 0006 0009 000A 0005 0006 0009 000A 0005 0006 0009 000A 0005 0006 0009 000A 0005 0006
0003 000C 000A 0005 0006 0009 000A 0005 0006 0009 000A 0005 0006 0009 000A 0005 0006 0009 000A 0005 0006 0009 000A 0005 000B 0009 000A 0005 000B 0009 000A 0005
000F 000E 0009 000A 0011 0012 0013 0017 0015 0012 0013 0017 0015 0012 0013 0017 0015 0012 0013 0017 0015 0012 0013 0017 0015 0012 0013 0017 0015 0012 0013 0017
001A 0010 0006 0009 001B 0002 0002 0002 0002 0002 0002 0002 0002 0002 0002 0002 0002 0002 0002 0002 0002 0002 001D 0002 001C 0002 0002 001C 0002 0002 0002 0002
0003 0004 0005 0006 0009 0008 0005 0006 0009 000A 0005 000B 0009 000A 000D 0006 0009 000A 0005 0006 0007 000A 0005 0006 0009 000A 0005 0006 0009 000A 0005 0006
0003 000C 000A 0005 0006 0009 000A 0005 000B 0009 0008 0005 0006 0009 000A 0005 000B 0009 000A 0005 0006 0009 000A 0005 0006 0009 000A 0005 0006 0009 000A 0005
0003 000E 0009 000A 0005 0006 0009 000A 0005 0006 0009 000A 0005 000B 0009 000A 0005 0006 0007 000A 0005 0006 0009 000A 0005 0006 0009 000A 0005 0006 0009 000A
0003 0022 0012 0013 0017 0015 0018 0013 0017 0015 0018 0013 0017 0015 0012 0013 0017 0016 0012 0013 0017 0015 0012 0013 0017 0015 0012 0013 0023 0005 0006 0009
0024 0001 0002 0002 0002 0002 0002 0002 0002 0002 0002 0002 0002 0002 0002 0002 0002 0002 0002 0002 0002 0002 001E 0002 001D 0002 0002 001D 0025 000A 0005 0006
0003 000C 000A 0005 0006 0009 000A 0005 0006 0009 000A 0005 0006 0009 000A 0005 0006 0009 000A 0005 0006 0009 000A 0005 0006 0009 000A 0005 0006 0009 000A 0005
0003 000E 0009 000A 0005 0006 0009 000A 0005 0006 0009 000A 0005 0006 0009 000A 0005 0006 0009 000A 0005 0006 0009 000A 0005 0006 0009 000A 0005 0006 0009 000A
0003 0010 0006 0009 000A 0005 0006 0009 000A 0005 0006 0009 000A 0005 0006 0009 000A 0005 0006 0009 000A 0005 0006 0009 000A 0005 0006 0009 000A 0005 0006 0009
0003 0004 0005 0006 0009 000A 0005 0006 0009 000A 0005 0006 0009 000A 0005 0006 0009 000A 0005 0006 0009 000A 0005 0006 0009 000A 0005 0006 0009 000A 0005 0006
000F 000C 000A 0005 0006 0009 000A 0011 0012 0013 0017 0015 0012 0013 0017 0015 0012 0013 0017 0015 0012 0013 0017 0015 0012 0013 0017 0015 0012 0013 0017 0015
001A 000E 0009 000A 0005 0006 0009 001B 0002 0002 0002 0002 0002 0002 0002 0002 0002 0002 0002 0002 0002 0002 001E 0002 001D 0002 0002 001D 0002 0002 0002 0002
0003 0010 0006 0009 000A 0005 0006 0009 0008 0005 0006 0009 000A 0005 0006 0009 000A 0005 0006 0009 000A 0005 0006 0009 000A 0005 0006 0009 000A 0005 0006 0009
0003 0004 0005 0006 0009 000A 0005 0006 0009 000A 0005 0006 0009 000A 0005 0006 0009 000A 0005 0006 0009 000A 0005 0006 0009 000A 0005 0006 0009 000A 0005 0006
0003 000C 000A 0005 0006 0009 000A 0005 0006 0009 000A 0005 0006 0009 000A 0005 0006 0009 000A 0005 0006 0009 000A 0005 0006 0009 000A 0005 0006 0009 000A 0005
000F 0026 0013 0017 0015 0018 0013 0017 0016 0012 0013 0017 0015 0012 0013 0017 0015 0012 0013 0017 0015 0012 0013 0017 0015 0012 0013 0017 0015 0012 0013 0017
