ATARI GAUNTLET MOTION OBJECT 16X16 TILEMAP
SOURCE: level-010.png
GRID: 32 X 32
TILE_SIZE: 16 X 16
ATLAS_TILES: 1024
UNIQUE_PIXEL_TILES: 196
CONNECTED_OBJECT_GROUPS: 19

0000 0000 0000 0000 0000 0000 0000 0000 0000 0000 0000 0028 0029 002A 002B 002C 002D 002E 002F 0030 0031 0000 0000 0000 0000 0000 0000 0000 0000 0000 0000 0000
0032 0000 0000 0000 0000 0000 0000 0044 0045 0046 0047 0048 0049 004A 004B 004C 004D 004E 004F 0050 0051 0000 0000 0000 0000 0000 0000 0000 0000 0000 0039 003A
0052 0000 0000 0000 0000 0062 0063 0064 0065 0066 0067 0000 0069 006A 006B 0000 0000 0000 0000 0000 0000 0000 0000 0000 0000 0000 0000 0056 0057 0058 0059 005A
0000 0000 0000 0000 0081 0082 0083 0084 0085 0086 0000 0000 0089 008A 008B 0000 0000 0000 0000 0000 0000 0000 0000 0000 0000 0000 0000 0076 0077 0078 0000 0000
0000 0000 0000 00A0 00A1 00A2 00A3 0000 0000 0000 0000 0000 0000 00AA 00AB 00AC 0000 0000 0000 0000 0000 0000 0000 0000 0093 0094 0095 0096 0000 0000 0000 0000
0000 0000 0000 00C0 00C1 00C2 00C3 0000 0000 0000 0000 0000 0000 00CA 00CB 00CC 0000 0000 0000 0000 0000 0000 0000 0000 0000 0000 0000 0000 0000 0000 0000 0000
0000 0000 0000 00E0 00E1 00E2 00E3 0000 0000 0000 0000 0000 0000 0000 0000 0000 0000 0000 0000 0000 003B 003C 003D 0000 0000 0000 0000 0000 0000 0000 0000 0000
0000 0000 0000 0100 0101 0102 0000 0000 0105 0106 0107 0000 0000 0000 0000 0000 0000 0000 0000 0000 005B 005C 005D 0000 0000 0000 0000 0000 0000 0000 0000 0000
0000 0000 0000 0120 0121 0122 0123 0124 0125 0126 0127 0000 0000 0000 0000 0000 0000 0000 0000 0000 0000 0000 0000 0000 0000 0000 0000 0000 0000 0000 0000 0000
0000 0000 0000 0000 0141 0142 0143 0144 0145 0000 0000 0000 0000 0000 0000 0000 0000 0000 0160 0161 0162 0000 0163 0164 0165 0000 0000 0000 0000 0000 0000 0000
0000 0000 0000 0000 0000 0000 0000 0000 0000 0000 0000 0000 0000 0000 0000 0000 0000 0000 0000 0000 0000 0000 0000 0000 0000 0000 0000 0000 0000 0000 0000 0000
0000 0000 0000 0000 0000 0000 0000 0000 0000 0000 0000 0000 0000 0000 0000 0000 0000 0000 0000 0000 0000 0000 0000 0000 0000 0000 0000 0000 0000 0000 0000 0000
0000 0000 0000 0167 0168 0169 016A 0000 016C 016D 016E 0000 0000 0000 0000 0000 0000 0000 0000 0000 0000 0000 0000 0000 0000 0000 0000 0000 0000 0000 0000 0000
0000 0000 0186 0187 0188 0189 018A 018B 018C 018D 018E 018F 0000 0000 0170 0171 0172 0000 0000 0000 0000 0000 0000 0000 0000 0000 0000 0000 0000 0000 0000 0000
0000 0000 0000 0000 0000 0000 01AA 01AB 01AC 0000 0000 0000 0000 0000 0000 0000 0000 0000 0000 0000 0000 0000 0000 0000 0000 0000 0000 0000 0000 0000 0000 0000
0000 0000 0000 0000 0000 01C9 01CA 01CB 01CC 01CD 0000 0000 0000 0000 0000 0000 0000 0173 0174 0175 0000 0000 0000 0000 0000 0000 0000 0000 0000 0000 0000 0000
0000 0000 0000 0000 0000 0000 0000 0000 0000 0000 0000 0000 0000 0000 0000 0000 0000 0000 0000 0000 0000 0000 0000 0000 0000 0000 0000 0176 0000 0000 0000 017A
0000 0000 0000 0000 0000 0000 0000 0000 0000 0000 0000 0000 0000 0000 0000 0000 0000 0000 0000 0000 0000 0000 0000 0000 0000 0000 0000 0196 0197 0198 0199 0000
0000 0000 0000 0000 0204 0205 0206 0207 0000 0000 0000 0000 0000 0000 0000 0000 0000 0000 0000 0000 0000 0000 0000 0000 0000 0000 0000 0000 01B7 01B8 01B9 0000
0210 0000 0000 0000 0224 0225 0226 0227 0228 0229 022A 0000 0000 0000 0000 0000 0000 0000 0000 0211 0212 0213 0000 0000 0000 0000 0000 0000 0000 0000 01D9 01DA
0230 0000 0000 0000 0244 0245 0246 0247 0248 0249 024A 024B 0000 0000 0000 0000 0000 0000 0000 0000 0000 0000 0000 0000 0000 0000 0000 0000 0000 0000 01F9 01FA
0000 0000 0000 0000 0000 0000 0000 0267 0268 0269 026A 026B 0000 0000 0000 0000 0000 0000 0000 0000 0000 0000 0000 0000 0000 0000 0000 0000 0000 0000 0000 0000
0280 0281 0282 0000 0000 0285 0286 0287 0288 0289 028A 028B 0000 0000 0000 0000 0000 0000 0000 0000 0000 0000 0000 0000 0000 0000 0000 0000 0000 0000 0000 0000
02A0 02A1 02A2 02A3 0000 02A5 02A6 02A7 02A8 02A9 02AA 02AB 02AC 02AD 0000 0000 0000 0000 0000 0000 0000 0000 0000 0000 0000 0000 0000 0000 0000 0000 0000 0000
02C0 02C1 02C2 0000 0000 02C5 02C6 02C7 02C8 02C9 02CA 02CB 02CC 02CD 0000 0000 0000 0000 0000 0214 0215 0216 0000 0000 0000 0000 0000 0217 0218 0219 0000 0000
02E0 02E1 02E2 0000 0000 02E5 02E6 02E7 02E8 02E9 02EA 02EB 0000 0000 0000 021A 021B 021C 0000 0000 0000 0000 0000 0000 0000 0000 0000 0000 0000 0000 0000 0000
0300 0301 0302 0303 0304 0000 0000 0307 0308 0309 030A 030B 030C 030D 0000 023A 023B 023C 0000 0000 0000 021D 021E 021F 0000 0000 0000 0000 0000 0000 0000 0000
0320 0321 0322 0323 0324 0000 0000 0000 0000 0329 032A 032B 032C 032D 0000 0000 0000 0000 0000 0000 0000 0000 0000 0000 0000 0000 0000 0000 0000 0000 0000 0000
0340 0341 0342 0000 0000 0000 0000 0000 0348 0349 034A 034B 0000 034D 034E 034F 0000 0000 0000 0000 03C0 03C1 0000 0000 0000 0000 0000 0000 0000 0000 0000 0000
0360 0361 0362 0000 0000 0000 0000 0000 0368 0369 036A 0000 036C 036D 036E 036F 0000 0000 0000 0000 03E0 03E1 03E2 0000 0000 0000 0000 0000 0000 0000 0000 0000
0380 0381 0382 0383 0384 0385 0386 0000 0388 0389 0000 0000 038C 038D 038E 0000 0000 0000 0000 0000 0000 0000 0000 0000 0000 0000 0000 0000 0000 0000 03C3 03C4
03A0 03A1 03A2 03A3 03A4 03A5 03A6 0000 03A8 03A9 03AA 0000 0000 0000 0000 0000 0000 0000 0000 0000 0000 0000 0000 0000 0000 0000 0000 0000 0000 0000 03E3 03E4
