ATARI GAUNTLET MOTION OBJECT 16X16 TILEMAP
SOURCE: level-053.png
GRID: 32 X 32
TILE_SIZE: 16 X 16
ATLAS_TILES: 512
UNIQUE_PIXEL_TILES: 123
CONNECTED_OBJECT_GROUPS: 30

0000 0000 0000 0000 0000 0000 0000 0000 0000 0000 0000 0000 0000 0000 0000 0000 0000 0000 0000 0000 0000 0000 0000 0000 0000 0000 0000 0000 0020 0021 0022 0000
0000 0000 0000 0000 0000 0000 0000 0000 0000 0023 0000 0000 0000 0000 0000 0000 0024 0000 0000 0000 0000 0000 0000 0000 0000 0000 0000 0000 0040 0041 0042 0000
0025 0026 0027 0000 0000 0000 0000 0000 0000 0000 0000 0000 0000 0000 0000 0000 0044 0000 0000 0000 0000 0000 0000 0000 0000 0000 0000 0000 0060 0000 0000 0000
0045 0046 0047 0000 0000 0000 0000 0000 0000 0000 0000 0000 0000 0000 0000 0000 0000 0000 0000 0000 0000 0000 0000 0000 0000 0000 0000 0000 0000 0000 0000 0000
0000 0000 0000 0068 0069 006A 006B 006C 006D 0000 0000 0000 0000 0000 0000 0000 0000 0000 0000 0000 0000 0000 0000 0000 0000 0000 002E 002F 0030 0031 0032 0000
0000 0000 0087 0088 0089 0000 0000 0000 0000 0000 0000 0000 0000 0000 0000 0036 0037 0000 0038 0000 0000 0000 0000 0000 0000 0000 004E 004F 0050 0051 0052 0000
0000 0000 0000 0000 0000 0000 0000 0000 0000 0000 0000 0000 0053 0054 0055 0000 0000 0000 0000 0000 0000 0000 0000 0000 0000 0000 006E 006F 0070 0000 0000 0000
0000 0000 0000 0000 0000 0000 0000 0000 0000 0000 0000 0000 0073 0074 0075 0000 0000 0000 0000 0000 0000 0000 0000 0000 0000 0000 0000 0000 0000 0000 0000 0000
0000 0000 0000 0000 0000 0000 0000 0000 0000 0000 0000 0000 0000 0000 0000 0000 0000 0000 0000 0000 0000 0000 0000 0000 0000 0000 0000 0000 0000 0000 0000 0000
0000 0000 0000 0000 0039 003A 0000 0000 0000 0000 0000 0000 0000 0000 0000 0000 0000 0000 0000 0000 0000 0000 0000 0000 0000 0000 0000 0000 0000 0000 0000 0000
0000 0000 0000 0000 0059 005A 005B 0000 0000 0000 0000 0000 0000 0000 0000 0000 0000 0000 0000 0000 0000 0000 003C 0000 0000 003D 003E 003F 0000 0000 0000 0000
0000 0000 0000 0000 0000 0000 0000 0000 0000 0000 0000 0000 0000 0000 0000 0000 0000 0000 0000 0000 0000 0000 0000 0000 0000 0000 0000 0000 0000 0000 0000 0000
0000 0000 0000 0000 0000 00A4 0000 0000 00A6 00A7 00A8 0000 0000 0000 0000 0000 0000 0000 00AA 00AB 00AC 0000 0000 0000 0000 0000 0000 0000 0000 00AD 00AE 0000
0000 0000 0000 0000 0000 00C4 00C5 0000 00C6 00C7 00C8 00C9 0000 0000 0000 0000 0000 0000 00CA 00CB 00CC 0000 0000 0000 0000 0000 0000 0000 0000 0000 0000 0000
0000 0000 0000 0000 00E3 00E4 00E5 0000 0000 0000 0000 0000 0000 00AF 00B0 00B1 0000 0000 00EA 00EB 00EC 0000 00B2 00B3 0000 0000 0000 0000 0000 0000 0000 0000
0000 0000 0000 0000 0103 0104 0105 0000 0000 0000 0000 0000 0000 0000 0000 0000 0000 0000 010A 010B 010C 0000 00D2 00D3 00D4 0000 0000 0000 00B5 00B6 00B7 0000
0000 0000 0000 0000 0123 0124 0125 0000 0000 0000 0000 0000 00B8 0000 0000 0000 0000 0000 0000 0000 0000 0000 0000 0000 0000 0000 0000 0000 0000 0000 0000 0000
0000 0140 0141 0142 0000 0000 0000 0000 0000 0000 0000 0000 00D8 0000 0000 0000 0000 0000 0000 0000 0000 0000 0000 0000 0000 0000 0000 0000 0000 0000 0000 0000
0000 0000 0000 0000 0000 0000 0000 0000 0000 0000 0000 0000 00F8 0000 0000 0000 0000 0000 0000 0000 0000 0000 0000 0000 0000 0000 0000 0000 0000 0000 0000 0000
0000 0000 0000 0000 0000 0000 0000 0000 0000 0000 0000 0000 0118 0000 0000 0000 0000 0000 00B9 0000 0000 0000 0000 0000 0000 0000 0000 0000 0000 0000 0000 0000
0000 0000 0000 0000 00BE 00BF 0000 0000 0000 0000 0000 0000 0000 0000 0000 0000 0000 0000 0000 0000 0000 0000 0000 0000 0000 0000 0000 0000 0162 0163 0164 0000
00DA 00DB 00DC 00DD 00DE 00DF 0000 0000 0000 0000 0000 0000 0000 0000 0000 0000 0000 0000 0000 0000 0000 0000 0000 0167 0000 0000 0000 0000 0182 0183 0184 0185
0000 0000 00FC 00FD 00FE 0000 0000 016A 016B 016C 0000 0000 0000 016D 016E 016F 0170 0000 0000 0000 0000 0000 0186 0000 0000 0000 01A0 01A1 0000 0000 0000 0000
0000 0000 0000 0000 0000 0000 0000 018A 018B 018C 0000 0000 0000 018D 018E 018F 0190 0000 0000 0000 0000 0000 01A6 01A7 0000 0000 0000 0000 0000 0000 0000 0000
0000 0000 0000 0000 0000 0000 0000 0000 0000 0000 0000 0000 0000 0000 01AE 01AF 01B0 0000 0000 0000 0000 0000 0000 01C7 01C8 01C9 0000 0000 0000 0000 0000 0000
0000 0000 0000 0000 0000 0000 0000 0000 0000 0000 0000 0000 0000 0000 01CE 01CF 01D0 0000 0000 0000 0000 0000 0000 01E7 01E8 01E9 0000 0000 0000 0000 0000 0000
0000 0000 0000 0000 0000 0000 0000 0000 0000 0000 0000 0000 0000 0000 0000 0000 0000 0000 0000 0000 0000 0000 0000 0000 0000 0000 0000 0000 0000 0000 0000 0000
0000 0000 0000 0000 0000 0000 0000 0000 0000 0000 0000 0000 0000 0000 0000 0000 0000 0000 0000 0000 0000 0000 0171 0172 0000 0000 0000 0000 0000 0000 0175 0000
0177 0000 0000 0000 0000 0000 0000 0000 0000 0000 0000 0000 0000 0000 0000 0000 0000 0000 0000 0000 0000 0000 0000 0000 0000 0000 0000 0000 0000 0000 0195 0196
0197 0000 0000 0000 0000 0000 0000 0178 0000 0000 0000 0000 0000 0000 0000 0000 0000 0000 0000 0000 0000 0000 0000 0000 0000 0000 0000 0000 0000 0000 01B5 01B6
0000 0000 0000 0000 0000 0000 0000 0000 0000 0000 0000 0000 0000 0000 0000 0000 0179 017A 017B 0000 0000 0000 0000 0000 0000 0000 0000 0000 0000 01D4 01D5 0000
0000 0000 0000 017C 0000 0000 0000 0000 0000 0000 0000 0000 0000 0000 0000 0000 0199 019A 019B 0000 0000 0000 0000 0000 0000 0000 0000 0000 01F3 01F4 01F5 0000
