ATARI GAUNTLET MOTION OBJECT 16X16 TILEMAP
SOURCE: level-100.png
GRID: 32 X 32
TILE_SIZE: 16 X 16
ATLAS_TILES: 384
UNIQUE_PIXEL_TILES: 91
CONNECTED_OBJECT_GROUPS: 24

0000 0000 0000 0000 0000 0000 0000 0000 0000 0000 0000 0020 0000 0022 0000 0024 0000 0000 0000 0000 0000 0000 0000 0000 0000 0000 0025 0026 0000 0000 0000 0000
0000 0000 0000 0000 0000 0000 0000 0000 0000 0000 0000 0040 0000 0042 0043 0044 0000 0000 0000 0000 0028 0029 002A 0000 0000 0000 0045 0046 0047 0000 0000 0000
0000 0000 0000 0000 0000 0000 0000 0000 0000 0000 0000 0060 0061 0062 0063 0064 0000 0000 0000 0000 0000 0000 0000 0000 0000 0000 0000 0000 0000 0000 0000 0000
0000 0000 0000 0000 0000 0000 0000 0000 0000 0000 0000 0080 0000 0082 0000 0084 0000 0000 0000 0000 0000 0000 0000 0000 0000 0000 0000 0000 0000 0000 0000 0000
0000 0000 0000 0000 0000 0000 0000 0000 0000 0000 0000 00A0 0000 00A2 00A3 00A4 0000 0000 0000 0000 0000 0000 0000 0000 0000 0000 0000 0000 002B 002C 002D 0000
0000 0000 0000 0000 0000 0000 0000 0000 0000 0000 0000 00C0 0000 00C2 00C3 00C4 0000 0000 0000 0000 0000 0000 0000 0000 0000 0000 0000 0000 004B 004C 004D 0000
0000 0000 002E 0000 0000 0000 002F 0000 0000 0000 0000 00E0 00E1 00E2 00E3 00E4 0000 0000 0000 0000 0000 0000 0000 0000 0000 0000 0000 0000 0000 0000 0000 0000
0000 0000 0000 0000 0000 0000 0000 0000 0000 0000 0000 0100 0101 0102 0000 0104 0000 0000 0000 0000 0000 0000 0000 0000 0000 0000 0000 0000 0000 0000 0000 0000
0000 0000 0000 0000 0000 0000 0000 0000 0000 0000 0000 0000 0000 0000 0000 0000 0000 0000 0000 0000 0000 0000 0000 0000 0000 0000 0000 0000 0000 0000 0000 0000
0000 0000 0000 0000 0000 0000 0000 0000 0000 0000 0000 0030 0000 0032 0000 0034 0000 0000 0000 0000 0000 0000 0000 0000 0000 0000 0000 0000 0000 0000 0000 0000
0000 0000 0000 0000 0000 0000 0000 0000 0000 0000 0000 0050 0000 0052 0000 0054 0000 0000 0000 0000 0000 0000 0000 0000 0000 0035 0000 0000 0000 0000 0000 0000
0037 0000 0000 0000 0000 0000 0000 0000 0000 0000 0000 0070 0071 0072 0073 0074 0000 0000 0000 0000 0000 0000 0000 0000 0000 0055 0056 0000 0000 0000 003B 003C
0057 0000 0000 0000 0000 003D 003E 003F 0000 0120 0000 0090 0000 0092 0093 0094 0000 0000 0000 0000 0000 0000 0000 0000 0000 0000 0000 0000 0000 0000 005B 005C
0000 0078 0079 007A 0000 005D 005E 005F 0000 0000 0000 0000 0000 0000 0000 0000 0000 0000 0000 0000 0000 0000 0000 0000 0000 0000 0000 0000 0000 0000 0000 0000
0000 0098 0099 009A 0000 0000 0000 0000 0000 0000 0000 0000 0000 0000 0000 0000 0000 0121 0122 0123 0000 0000 0000 0000 0000 0000 0000 0000 0000 0000 0000 0000
0000 0000 0000 0000 0000 0000 0000 0000 0000 0000 0000 0000 0000 0000 0000 0000 0000 0141 0142 0143 0000 0000 0000 0000 0000 0000 0000 0000 0000 0000 0000 0000
0000 0000 0000 0000 0000 0000 0000 0000 0000 0000 0000 0000 0000 0000 0000 0000 0000 0000 0000 0000 0000 0000 0000 0000 0000 0000 0000 0000 0000 0000 0000 0000
0000 0000 0000 0000 0000 0000 0000 0000 0000 0000 0000 0000 0000 0000 0000 0000 0000 0000 0000 0000 0000 0000 0000 0000 0000 0000 0000 0000 0000 0000 0000 0000
0000 0000 0000 0000 0000 0000 0000 0000 0000 0000 0000 0124 0125 0126 0000 0000 0000 0000 0000 0000 0000 0000 0000 0000 0000 0000 0000 0000 0000 0000 0000 0000
0000 0000 0000 0000 0000 0000 0000 0000 0000 0000 0000 0144 0145 0146 0000 0000 0000 0000 0000 0000 0000 0000 0000 0000 0000 0000 0000 0000 0000 0000 0000 0000
0000 0000 0000 0000 0000 0000 0000 0000 0000 0000 0000 0000 0000 0000 0000 0000 0000 0000 0000 0000 0000 0000 0000 0000 0000 0000 0000 0000 0000 0000 0000 0000
0000 0000 0000 0000 0000 0000 0000 0000 0000 0000 0000 0000 0000 0000 0000 0000 0000 0000 0000 0000 0000 0000 0000 0000 0000 0000 0000 0000 0000 0000 0000 0000
0000 0000 0000 0000 0000 0000 0000 0000 0000 0000 0000 0127 0128 0129 0000 0000 0000 0000 0000 0000 0000 0000 0000 0000 0000 0000 0000 0000 0000 0000 0000 0000
0000 0000 0000 012A 012B 012C 0000 0000 0000 0000 0000 0147 0148 0149 0000 0000 0000 012D 0000 0000 0000 0000 0000 0000 0000 0000 0000 0000 0000 0000 0000 0000
0000 0000 0000 014A 014B 014C 0000 0000 0000 0000 0000 0000 0000 0000 0000 0000 0000 0000 0000 0000 0000 0000 0000 0000 0000 0000 0000 0000 0000 0000 0000 0000
0000 0000 0000 0000 0000 0000 0000 0000 0000 0000 0000 0000 0000 0000 0000 0000 0000 0000 0000 0000 0000 0000 0000 0000 0000 0000 0000 0000 0000 0000 0000 0000
0000 0000 0000 0000 0000 0000 0000 0000 0000 0000 0000 0000 0000 0000 0000 0000 0000 0000 0000 0000 0000 0000 0000 0000 0000 0000 0000 0000 0000 0000 0000 0000
012E 0000 0000 0000 0000 012F 0130 0000 0000 0000 0000 0000 0000 0000 0133 0000 0000 0000 0000 0000 0000 0000 0000 0000 0000 0000 0000 0000 0000 0000 0134 0135
0000 0000 0000 0000 0000 014F 0150 0151 0152 0000 0000 0000 0000 0000 0000 0000 0000 0000 0000 0000 0000 0000 0000 0136 0000 0000 0000 0000 0000 0000 0000 0000
0000 0000 0000 0000 0000 0000 0000 0000 0000 0000 0000 0000 0000 0000 013A 013B 0000 0000 0000 0000 0000 0000 0000 0000 0000 0000 0000 0000 0000 0000 0000 0000
0000 0000 0000 0000 0000 0000 0000 0000 0000 0000 0000 0157 0158 0159 015A 015B 0000 0000 0000 0000 0000 0000 0000 013C 0000 0000 0000 0000 0000 0000 0000 0000
0000 0000 0000 0000 0000 0000 0000 0000 0000 0000 0000 0177 0178 0179 017A 017B 0000 0000 0000 0000 0000 0000 0000 015C 0000 0000 0000 0000 0000 0000 0000 0000
