ATARI GAUNTLET MOTION OBJECT 16X16 TILEMAP
SOURCE: level-019.png
GRID: 32 X 32
TILE_SIZE: 16 X 16
ATLAS_TILES: 992
UNIQUE_PIXEL_TILES: 167
CONNECTED_OBJECT_GROUPS: 29

0020 0021 0000 0000 0000 0000 0000 0024 0025 0026 0000 0000 0027 0028 0029 0000 0000 0000 0000 0000 0000 0000 0000 0000 0000 0000 002A 002B 002C 002D 002E 002F
0040 0041 0042 0000 0000 0000 0043 0044 0045 0046 0000 0000 0047 0048 0049 0000 0000 0000 0000 0000 0000 0000 0000 0000 0000 0000 004A 004B 004C 004D 004E 004F
0000 0000 0000 0000 0000 0000 0000 0000 0000 0000 0000 0000 0000 0000 0000 0000 0000 0000 0000 0000 0000 0000 0000 0000 0000 0000 0000 0000 0000 0000 0000 0000
0030 0031 0032 0000 0000 0000 0033 0000 0000 0000 0034 0035 0036 0000 0037 0038 0039 0000 0000 0000 003A 003B 003C 0000 0000 0000 0000 0000 0000 0000 0000 0000
0050 0051 0052 0000 0000 0000 0000 0000 0000 0000 0054 0055 0056 0000 0057 0058 0059 0000 0000 0000 005A 005B 005C 0000 0000 0000 0000 0000 00C0 00C1 00C2 00C3
0070 0000 0000 0000 0000 0000 00C4 0000 0000 0000 0000 0000 0000 0000 0000 0000 0000 0000 0000 0000 007A 007B 0000 0000 0000 0000 0000 0000 00E0 00E1 00E2 00E3
0090 0000 0000 0000 0000 0000 0000 0000 0000 0000 0000 0000 0000 0000 0000 0000 0000 0000 0000 0000 009A 009B 009C 0000 0000 0000 0000 0000 0100 0101 0102 0103
00B0 0000 0000 0000 0000 0000 00C5 0000 00C7 00C8 0000 0000 0000 0000 0000 0000 0000 0000 0000 0000 00BA 0000 0000 0000 0000 0000 0000 0000 0120 0121 0122 0123
0000 0000 0000 0000 0000 0000 0000 00E6 00E7 00E8 0000 0000 0000 0000 0000 0000 0000 0000 0000 0000 0000 0000 0000 0000 0000 0000 0000 0000 0000 0000 0000 0000
0000 0000 0000 0000 0000 0000 0105 0000 0000 0000 0000 0000 0000 010C 010D 010E 0000 00D2 00D3 00D4 0000 0000 0000 0000 00D7 00D8 00D9 00DA 0000 0000 0000 0000
0000 0000 0000 0000 0000 0000 0125 0126 0127 0128 0129 012A 012B 012C 012D 012E 0000 00F2 00F3 00F4 00F5 00F6 0000 0000 0000 0000 0000 0000 0000 0000 0000 0000
0000 0000 0000 0000 0000 0000 0000 0000 0000 0000 0149 014A 014B 0000 0000 0000 0000 0000 0000 0114 0115 0116 0000 0000 0000 0000 0000 0000 0000 0000 0000 0000
0000 0000 0000 0000 0000 00DB 00DC 00DD 0000 0000 0169 016A 016B 016C 0000 0000 0000 0000 0000 0000 0000 0000 0000 0000 0000 0000 0000 0000 0000 0000 0000 0000
0000 0000 0000 0000 0000 00FB 0000 0000 0000 0000 0189 018A 018B 018C 0000 0000 0000 0000 0000 0240 0241 0242 0000 0000 0000 0000 0000 0000 0000 0000 0000 0000
0000 0000 0000 0000 0000 0000 011C 011D 0000 0000 01A9 01AA 01AB 0000 01AD 01AE 01AF 0000 0000 0260 0261 0262 0000 0000 0000 0000 0000 0000 0245 0246 0247 0000
0000 0000 0000 0000 0000 0000 0000 0000 0000 0000 0000 0000 0000 0000 01CD 01CE 01CF 0000 0000 0000 0000 0000 0283 0284 0000 0000 0249 0000 0265 0266 0267 0000
0000 0000 024C 024D 024E 0000 0000 0000 0000 0000 0000 0000 01EB 01EC 01ED 0000 01EF 01F0 01F1 0000 0000 0000 0000 0000 0000 0000 0000 0000 0285 0286 0287 0000
026A 0000 026C 026D 026E 0000 0000 0000 0000 0208 0209 020A 0000 0000 0000 0000 020F 0210 0211 0000 0000 0000 0000 0000 0000 0000 0000 0000 02A5 02A6 02A7 02A8
028A 028B 028C 028D 0000 0000 0000 0000 0000 0228 0229 022A 0000 0000 0000 0000 0000 0000 0000 0000 0000 0000 0000 0000 0000 0000 0000 0000 0000 0000 02C7 02C8
0000 02AB 02AC 02AD 0000 0000 0000 0000 0000 0000 0000 0000 0000 0000 0000 0000 0000 0000 0000 0252 0253 0254 0000 0255 0000 0000 0000 0000 0000 0000 0000 0000
0000 0000 0000 0000 0000 0000 0000 0000 0000 0000 0000 0000 0000 0000 0000 0000 026F 0270 0271 0272 0273 0274 0000 0000 0000 0000 0000 0000 0000 0000 0000 0000
0256 0000 0000 0000 0000 0000 0000 0000 0000 0000 0000 0000 0000 0000 0000 0000 0000 0000 0000 0000 0000 0000 0000 0000 0000 0000 0000 0000 0000 0000 0257 0258
0276 0000 0000 0000 0000 0000 0000 0000 0000 0000 0000 0000 0259 025A 025B 025C 025D 0000 0000 0000 0000 0000 0000 0000 0000 0000 0000 0000 0000 0000 0277 0278
0000 0000 0000 0000 0000 0000 0000 0000 0000 0000 0000 0000 0000 0000 0000 0000 0000 0000 0000 0000 0000 0000 0000 0000 0000 0000 0000 0000 0000 0000 0000 0000
02E0 0000 0000 0000 0000 0000 0000 0000 0000 0000 0000 0000 0000 0000 02E3 02E4 02E5 0000 0000 0000 0000 0000 0000 0000 0000 0000 0000 0000 0000 0000 02F7 02F8
0300 0000 0000 0000 0000 0000 0000 0000 0000 0000 0000 0000 0000 0000 0000 0000 0000 0000 0000 0000 0000 0000 0000 0000 0000 0000 0000 0000 0000 0000 0317 0318
0320 0000 0000 0000 0000 0000 0000 0000 0000 0000 0000 0000 0000 0000 0000 0000 0000 0000 0000 0000 0000 0000 0000 0000 0331 0332 0333 0334 0335 0336 0337 0338
0340 0000 0000 0000 0000 0000 0000 0000 0000 0000 0000 0000 0000 0000 0347 0348 0349 034A 034B 0000 0000 0000 0000 0350 0351 0352 0353 0354 0355 0356 0357 0358
0360 0361 0362 0000 0000 02F9 0000 0000 0000 0000 0000 0000 0000 0000 0367 0368 0369 036A 036B 0000 0000 0000 036F 0370 0371 0372 0373 0374 0000 0000 0000 0000
0380 0381 0382 0000 0000 0000 0000 0000 0000 0000 0000 0000 0000 0000 0387 0388 0389 038A 038B 0000 0000 038E 038F 0390 0391 0392 0393 0394 0395 0000 0000 0000
0000 0000 0000 0000 0000 0000 0000 0000 0000 0000 0000 0000 0000 03A6 03A7 03A8 03A9 0000 0000 03AC 03AD 03AE 03AF 03B0 03B1 03B2 03B3 03B4 0000 0000 0000 0000
0000 0000 0000 0000 0000 0000 0000 0000 02FA 02FB 0000 0000 0000 0000 03C7 03C8 03C9 0000 0000 03CC 03CD 03CE 03CF 03D0 03D1 03D2 03D3 03D4 03D5 0000 0000 0000
