ATARI GAUNTLET MOTION OBJECT 16X16 TILEMAP
SOURCE: level-095.png
GRID: 32 X 32
TILE_SIZE: 16 X 16
ATLAS_TILES: 704
UNIQUE_PIXEL_TILES: 161
CONNECTED_OBJECT_GROUPS: 33

0000 0000 0000 0000 0000 0000 0000 0000 0000 0000 0000 0000 0020 0021 0022 0023 0024 0000 0000 0000 0000 0000 0000 0000 0000 0000 0000 0000 0000 0000 0000 0000
0000 0000 0000 0000 0000 0000 0000 0000 0000 0000 0000 0000 0040 0041 0042 0043 0044 0000 0000 0000 0000 0000 0000 0000 0000 0000 0000 0000 0000 0000 0000 0000
0025 0026 0027 0000 0000 0000 0000 0000 0000 0000 0000 0000 0000 0000 0000 0000 0000 0000 0000 0000 0000 0000 0031 0000 0000 0000 0000 0000 0000 0000 0000 0000
0045 0000 0047 0048 0000 0000 0000 0000 0000 0000 0000 0000 0000 0000 0000 0000 0000 0000 0000 0000 004F 0050 0051 0000 0000 0000 0000 0000 0000 0032 0033 0034
0065 0066 0067 0068 0000 0000 0000 006C 006D 006E 0000 0000 0000 0000 0000 0000 0000 0000 0000 0000 006F 0070 0071 0000 0000 0000 0000 0000 0000 0052 0053 0054
0085 0086 0087 0088 0000 0000 0000 008C 008D 008E 0000 0000 0000 0000 0000 0000 0000 0000 0000 0000 0000 0000 0000 0000 0000 0000 0000 0035 0000 0000 0073 0074
00A5 00A6 00A7 00A8 00A9 00AA 00AB 0000 0000 0000 0000 0000 0000 0000 0000 0036 0037 0038 0000 0039 0000 003A 0000 0000 0000 0000 0000 0000 0000 0000 0093 0094
0000 0000 0000 00C8 0000 0000 0000 0000 0000 003B 003C 003D 003E 0000 0000 0056 0057 0058 0000 0000 0000 0000 0000 0000 0000 0000 0000 0000 0000 0000 0000 0000
0000 0000 0000 00E8 0000 0000 0000 0000 0000 0000 005C 005D 005E 0000 0000 0000 0000 0000 0000 0000 0000 0000 0000 0000 0000 0000 0000 0000 0000 0000 0000 0000
0000 0000 0000 0108 0000 0000 0000 0000 0000 0000 0000 0000 0000 0000 0000 0000 0000 0000 0000 0000 0000 0000 0000 0000 0000 0000 0000 0000 0000 0000 0000 0000
0000 0000 0000 0000 0129 012A 012B 0000 012D 012E 0000 0000 0000 0000 0000 0000 0000 0000 0000 0000 0000 0000 0000 0000 0000 0000 0000 0000 0000 0000 0000 0000
0000 0000 0000 0000 0149 014A 014B 014C 014D 014E 0000 0000 0000 0000 0000 0000 0000 0000 0000 0000 0160 0161 0162 0000 0000 0000 0000 0163 0164 0165 0000 0000
0000 0000 0000 0000 0000 0000 0000 0000 0000 0000 0000 0000 0000 0000 0000 0000 0000 0000 0000 0000 0180 0181 0182 0000 0000 0000 0000 0183 0184 0185 0000 0000
0000 0000 0000 0000 0000 0000 0000 0000 0000 0000 0000 0000 0000 0000 0000 0000 0000 0000 0000 0000 0000 0000 0000 0000 0000 0000 0000 0000 0000 0000 0000 0000
0000 0000 0000 0000 0000 0000 0000 0000 0000 0000 0000 0000 0000 0000 0000 0000 0000 0000 0000 0000 0000 0000 0000 0000 0000 0000 0000 0000 0000 0000 0000 0000
0000 0000 0000 0000 016A 016B 016C 016D 0000 0000 0000 0000 0000 0000 0000 0000 0000 0000 0171 0000 0000 0000 0000 0000 0000 0000 0000 0172 0173 0174 0000 0000
0000 0000 0188 0189 018A 018B 018C 018D 018E 018F 0190 0000 0000 0000 0000 0000 0000 0000 0000 0000 0000 0000 0000 0000 0000 0000 0000 0192 0193 0194 0195 0000
0000 0000 01A8 01A9 01AA 0000 0000 01AD 01AE 01AF 01B0 0000 0000 0000 0000 0000 0000 0000 0000 0000 0176 0177 0178 0000 0000 0000 0000 0000 01B3 01B4 01B5 0000
01C6 01C7 01C8 01C9 0000 0000 0000 0000 0000 0000 0000 0000 0000 0000 0000 0000 0000 0000 0000 0000 0196 0197 0198 0000 0179 017A 017B 0000 0000 0000 0000 0000
0000 0000 0000 0000 0000 0000 0000 0000 017C 017D 017E 017F 0000 0000 0000 0000 01E0 01E1 0000 0000 0000 0000 0000 0000 0199 019A 019B 0000 0000 0000 0000 0000
0000 0000 0000 0000 0000 0000 0000 0000 019C 019D 019E 019F 0000 0000 0000 0000 0000 0000 0202 0000 0000 0000 0000 0000 0000 0000 0000 0000 0000 0000 0000 0000
0000 0000 01E3 01E4 01E5 0000 0000 0000 01BC 01BD 01BE 01BF 0000 0000 0000 0000 0000 0000 0222 0000 0000 0000 0000 0000 0000 0000 0000 0000 0000 0000 0000 01E9
01EA 0000 0203 0204 0205 0000 0000 0000 0000 0000 0000 0000 0000 0000 01EB 01EC 01ED 0000 0242 0000 0000 0000 0000 0000 0000 0000 0000 0000 0000 0000 0000 0209
0000 0000 0000 0000 0000 0000 0000 0000 0000 0000 0000 0000 0000 0000 020B 020C 020D 0000 0000 0000 0000 0000 0000 0000 0000 0000 0000 0000 0226 0227 0228 0000
0000 0000 0000 0000 0000 0000 0000 0000 0000 0000 0000 0000 0000 0000 0000 0000 0000 0000 01EE 0000 0000 0000 0000 0000 01EF 01F0 01F1 0000 0246 0247 0248 0000
01F2 01F3 0000 0000 0000 0000 0000 0000 0000 0000 0000 0000 0000 0000 0000 0000 0000 0000 0000 0000 0000 01F6 01F7 0000 020F 0210 0211 0000 0000 0000 0000 0000
0212 0213 0214 0000 0000 0000 0000 0000 0000 0000 0000 0000 0000 0000 0000 0000 0000 0000 0000 0000 0215 0216 0217 0000 0000 0000 0000 0000 0000 0000 01F8 01F9
0000 0000 0000 0000 0000 0000 0000 0000 0000 0000 0000 0000 0000 0000 0000 0000 0000 0000 0000 0000 0000 0000 0000 0000 0000 0000 0000 0000 0000 0000 0000 0000
0000 0000 0000 0000 0000 0000 0000 0000 0000 0000 0000 01FA 0000 0000 0000 0000 0000 0000 0000 01FB 0000 0000 0000 0000 0000 0000 0000 0000 0000 0000 0000 0000
0000 0000 0000 0000 0000 0000 0000 0000 0000 0000 0000 021A 0000 0000 0000 0000 0000 0000 0000 0000 0000 0000 01FC 01FD 01FE 0000 0000 0000 0000 0000 0261 0262
0263 0264 0265 0000 0000 0000 0000 0000 0000 0000 0000 023A 0000 0000 0266 0267 0000 0000 0000 0000 0000 0000 021C 021D 021E 0000 0000 0000 0000 0280 0281 0282
0283 0284 0285 0000 0000 0000 0000 0000 0000 0000 0000 025A 0000 0000 0286 0287 0000 0000 0000 0000 0000 0000 023C 023D 023E 0000 0000 0000 0000 02A0 02A1 02A2
