ATARI GAUNTLET PLAYFIELD 16X16 TILEMAP
SOURCE: level-097-playfield.png
GRID: 32 X 32
TILE_SIZE: 16 X 16
UNIQUE_TILES: 73

0000 0001 0002 0002 0002 0002 0002 0002 0002 0002 0002 0002 0002 0002 0002 0002 0003 0001 0002 0002 0002 0004 0002 0004 0002 0002 0002 0002 0004 0002 0003 0001
0005 0006 0007 0008 0009 000A 0007 0008 0009 000A 0007 0008 000B 000C 0007 0008 000D 000E 0007 0008 0009 000A 0007 0008 0009 000A 0007 0008 0009 000A 000D 000F
0005 0010 000A 0007 0008 0009 000A 0007 0008 0009 000A 0007 0011 0010 000A 0007 0012 0013 000A 0007 0008 0009 000A 0007 0008 0009 000A 0007 0012 0014 0015 0016
0005 0017 0009 000A 0007 0012 0014 0015 0018 0019 0014 0015 001A 001B 0014 0015 001C 001B 0014 0015 0018 0019 0014 0015 0018 0019 0014 000C 001D 001E 001F 0006
001A 0020 0008 0009 0021 0022 0003 0001 0002 0002 0002 0002 0004 0002 0002 0002 0004 0002 0002 0002 0002 0002 0002 0002 0002 0002 0023 0010 0021 0024 0025 0026
0027 0006 0028 0019 0029 002A 002B 000F 0009 000A 0007 0008 0009 000A 0007 0008 0009 000A 0007 0008 0009 000A 0007 0008 0009 000A 0005 001B 001C 0006 0007 001D
0005 0010 002C 001F 001B 0029 002A 0016 0008 0009 000A 0007 0008 0009 000A 0007 0008 0009 000A 0007 0012 0013 000A 0007 0008 0009 002D 0001 0027 0010 000A 0007
001A 001B 002E 002F 001F 001B 001C 0030 0018 0019 0014 0015 0018 0019 0014 0015 0018 0019 0014 0015 001C 0017 0009 000A 0007 0008 0005 0030 002B 000F 0009 0021
0000 0001 0031 0032 0033 0034 0035 0002 0002 0002 0002 0002 0002 0002 0002 0002 0002 0002 0002 0002 0027 0020 0008 0009 000A 0007 002D 0036 000E 0007 0008 001D
0005 0006 0007 0008 0037 0038 0039 0008 0009 000A 0007 0008 0009 000A 0007 0008 0009 000A 0007 0008 000D 000E 0007 0008 0009 000A 0005 0017 0009 000A 0028 003A
001A 0010 000A 0007 0005 0010 000A 0007 0008 0009 000A 0007 0008 0009 000A 0007 0012 0013 000A 0007 0008 0009 000A 0007 0008 0009 0005 0020 0008 000B 0029 003B
0027 001B 0014 0015 001A 001B 0014 0015 0018 0019 0014 0015 0018 0019 0014 0015 0029 003C 0014 0015 0018 0019 0014 0015 0018 0019 001A 0006 0007 003D 003E 001D
002D 0001 0002 0002 0004 0002 0002 0002 0002 0002 0002 0002 0002 0002 0002 003F 000E 001D 0002 0002 0002 0002 0002 0002 0002 0002 0027 0010 0021 0016 0008 0009
0005 0006 0007 0008 0009 000A 0007 0008 0009 000A 0007 0008 000B 000C 0007 0008 0009 000A 0007 0008 000B 000C 0007 0008 0009 000A 0005 001B 0029 002A 0016 0008
0005 0010 000A 0028 003A 0009 0021 0018 0019 0014 000C 0007 003D 003E 000A 0007 0008 0009 000A 0007 003D 003E 000A 0007 0008 0009 002D 0036 000F 003D 000E 0007
0005 0017 000B 0029 003B 0019 0040 0001 0002 0023 0041 0015 0016 0012 0014 0015 0016 0012 0014 0015 0018 0019 0014 0015 0016 0008 0005 0006 0007 0008 000B 000C
001A 0020 003D 003E 0042 0001 0043 003E 000A 0044 0002 003F 002A 0022 0002 003F 002A 0022 0002 0002 0002 0002 0003 0036 000E 0007 0005 0010 000A 0028 0029 0026
0027 0030 0016 0008 0005 0006 0007 0008 0009 000A 0007 0008 003D 000E 0007 0008 0011 0006 0007 0008 000B 0015 002B 000F 0009 000A 0005 0017 0009 003D 0039 001D
002D 0036 002A 0016 0005 0010 0021 0016 0008 000B 000C 0007 0008 0009 0021 0016 0005 0010 000A 0007 0042 0036 000E 0007 0008 0009 0005 0020 0008 0009 000A 0007
001A 0017 003D 000E 0005 0017 003D 002A 0018 001C 0041 0015 0018 0019 001C 0006 0005 0017 000B 000C 0005 0017 0009 0021 0018 0019 001A 0030 0016 0008 0009 0021
0027 0020 0008 000B 001A 0045 003A 0042 0001 0004 0002 0002 0003 0001 0027 0010 0005 0020 003D 003E 0005 0045 003A 001D 0002 0002 0004 003F 000E 0007 0008 001D
0005 0006 0028 0022 0000 0036 0039 0005 0010 000A 0007 0008 000D 000E 0005 0017 0005 0006 0007 0008 002D 0036 003B 003A 0009 000A 0007 0008 0009 000A 0007 0008
0005 0010 003D 0039 0005 0010 000A 0005 0017 0009 000A 0007 0008 0009 0005 0020 0005 0010 000A 0007 0005 0010 003D 003B 003A 0009 000A 0007 0008 0009 000A 0007
001A 001B 0013 000A 0005 0017 0009 000D 0046 0019 0014 000C 0007 0008 0005 0006 0005 0017 0009 000A 0005 0017 0009 003D 003B 0019 0014 0015 0018 0019 0014 0015
0000 0036 003C 0013 0005 0020 0008 000B 0022 0002 003F 0026 000C 0007 0005 0010 0005 0020 0008 0009 000D 0039 0008 0009 001D 0002 0002 0002 0003 0001 0002 0002
0005 0006 003D 000F 0005 0006 0007 0011 0010 000A 0007 0011 0010 000A 0005 0017 0005 0006 0007 0008 0009 000A 0007 0008 000B 000C 0007 0008 000D 000E 0007 0008
0005 0010 000A 0007 0005 0010 000A 000D 000F 0009 000A 000D 000F 0009 0005 0020 0005 0010 000A 0007 0008 0009 000A 0007 003D 003E 000A 0007 0008 0009 000A 0007
0005 0017 000B 0015 001A 0017 0009 000A 0028 003A 0009 000A 0007 0008 0005 0006 000D 003C 0014 0015 0018 0019 0014 0015 0018 0019 0014 0015 0016 0008 0009 000A
0005 0020 001D 0002 0027 0020 0008 0009 003D 0039 0008 0009 000A 0007 0005 0010 000A 001D 0002 0002 001E 0034 0001 0002 001E 0034 0001 003F 000E 0007 0008 0009
0005 0006 0007 0008 0005 0030 0018 0019 0014 0015 0018 0019 0014 0015 001A 0017 0009 000A 0007 0012 0047 0038 003B 0019 0047 0038 003B 003A 0009 000A 0007 0008
0005 0010 000A 0007 0044 0002 0002 0002 0002 0002 0002 0002 0002 0002 0043 0039 0008 0009 000A 001D 0043 0026 0022 0003 0048 003E 003D 0039 0012 0013 000A 0007
001A 001B 0014 0015 0018 0019 0014 0015 0018 0019 0014 0015 0018 0019 0014 0015 0018 0019 0014 0015 0018 001C 0041 001A 0045 0019 0014 0015 001C 001B 0014 0015
