ATARI GAUNTLET MOTION OBJECT 16X16 TILEMAP
SOURCE: level-036.png
GRID: 32 X 32
TILE_SIZE: 16 X 16
ATLAS_TILES: 1088
UNIQUE_PIXEL_TILES: 190
CONNECTED_OBJECT_GROUPS: 17

0000 0000 0000 0000 0000 0000 0000 0000 0000 0000 0000 0000 0000 0000 0000 0000 0000 0000 0000 0000 0000 0000 0000 0000 0000 0000 0000 0000 0000 0000 0000 0000
0000 0020 0000 0021 0000 0000 0000 0000 0000 0000 0000 0000 0000 0000 0000 0000 0000 0000 0000 0000 0000 0000 0000 0000 0000 0000 0000 0000 0000 0000 0022 0023
0000 0000 0000 0000 0000 0000 0000 0000 0000 0000 0000 0000 0000 0000 002A 002B 0000 0000 0000 0000 002D 002E 0000 0000 0000 0000 0000 0000 0000 0000 0000 0000
0000 0000 0000 0000 0000 0000 0000 0000 0000 0000 0000 0000 0000 0049 004A 004B 0000 0000 0000 004C 004D 004E 0000 0000 0000 0000 0000 0000 0000 0000 0000 0000
0000 0000 0000 0000 0000 0000 0000 0000 0000 0000 0000 0000 0000 0069 006A 006B 0000 0000 0000 006C 006D 006E 0000 0000 0000 0000 0000 0000 0000 0000 0000 0000
0000 0000 0000 0000 0000 0000 0000 0000 0084 0085 0086 0000 0088 0089 0000 0000 0000 0000 0000 0000 0000 0000 008F 0090 0091 0092 0093 0000 0000 0000 0000 0000
0000 0000 0000 0000 0000 0000 0000 0000 00A4 00A5 00A6 00A7 00A8 00A9 0000 0000 0000 0000 0000 0000 0000 00AE 00AF 00B0 00B1 00B2 00B3 0000 0000 0000 0000 0000
0000 0000 0000 0000 0000 0000 0000 0000 00C4 00C5 00C6 00C7 00C8 00C9 0000 0000 0000 0000 0000 0000 0000 00CE 00CF 00D0 00D1 00D2 00D3 0000 0000 0000 0000 0000
0000 0000 0000 0000 0034 0000 0000 0000 0000 0000 00E6 00E7 00E8 0000 0000 0000 0000 0000 0000 00EC 00ED 00EE 0000 00F0 00F1 00F2 0000 0000 0000 0036 0000 0000
0000 0000 0000 0000 0054 0000 0000 0000 0000 0000 0106 0107 0108 0109 0000 0000 0000 0000 0000 010C 010D 010E 010F 0110 0111 0112 0000 0000 0000 0056 0000 0000
0000 0000 0000 0000 0074 0000 0000 0000 0000 0000 0126 0127 0128 0129 0000 0000 0000 0000 0000 0000 0000 012E 012F 0130 0131 0132 0000 0000 0000 0076 0000 0000
0000 0000 0000 0000 0000 0000 0000 0000 0000 0000 0000 0147 0148 0149 014A 014B 0000 0000 0000 014C 014D 014E 0000 0000 0000 0000 0000 0000 0095 0096 0097 0000
0000 0000 0000 0000 0039 0000 0000 0000 0000 0000 0000 0167 0168 0169 016A 016B 0000 0000 0000 016C 016D 016E 0000 0000 0000 0000 0000 0000 00B5 00B6 00B7 0000
0000 0000 0000 0000 0059 0000 0000 0000 0000 0000 0000 0000 0000 0000 0000 0000 0000 0000 0000 0000 0000 0000 018F 0190 0191 0000 0000 0000 00D5 00D6 00D7 0000
003A 003B 003C 0000 0079 0000 0000 0000 0000 0000 0000 0000 0000 01E0 01E1 01E2 0000 0000 0000 01AC 01AD 01AE 01AF 01B0 01B1 0000 0000 0000 00F5 00F6 00F7 00F8
005A 005B 005C 0000 0099 0000 0000 0000 0000 0000 0000 0000 0000 0200 0201 0202 0000 0000 0000 01CC 01CD 01CE 0000 0000 0000 0000 0000 0000 0115 0116 0117 0118
0000 007B 007C 0000 0000 0000 0000 0000 0000 0000 0000 0000 0000 0000 0000 0000 0000 0000 0000 0000 0000 0000 0000 0000 0000 0000 0000 0000 0000 0000 0000 0000
0000 009B 009C 009D 009E 0000 0000 0000 0000 0000 0000 0000 01E3 01E4 01E5 01E6 01E7 01E8 01E9 01EA 01EB 01EC 01ED 0000 0000 0000 0000 0000 0000 01EE 01EF 0000
0000 0000 00BC 00BD 00BE 0000 0000 0000 0000 0000 0000 0000 0203 0204 0205 0000 0000 0000 0000 0000 020B 020C 020D 0000 0000 0000 0000 0000 0000 020E 020F 0210
0000 0000 00DC 00DD 00DE 0000 0000 0000 0000 0000 0000 0000 0223 0224 0225 0000 0000 0000 0000 0000 022B 022C 022D 0000 0000 0000 0000 0000 0000 0000 022F 0000
0000 00FB 0000 0000 0000 0000 0000 0000 0000 0000 0000 0000 0243 0244 0245 0246 0247 0248 0249 024A 024B 024C 024D 0000 0000 0000 0000 0000 0000 0000 0000 0000
0000 0000 0000 0000 0000 0000 0286 0287 0288 0000 0000 0000 0263 0264 0265 0000 0000 0000 0000 0000 026B 026C 026D 0000 0000 0000 029A 029B 029C 0000 0000 0000
02A0 02A1 02A2 0000 0000 0000 02A6 02A7 02A8 0000 0000 0000 0000 0000 0000 0000 0000 0000 0000 0000 0000 0000 0000 0000 0000 0000 02BA 02BB 02BC 0000 0000 02BF
02C0 02C1 02C2 02C3 02C4 02C5 02C6 02C7 02C8 02C9 02CA 02CB 02CC 02CD 02CE 0000 0000 0000 0000 0000 02D4 02D5 02D6 02D7 02D8 02D9 02DA 02DB 02DC 02DD 02DE 02DF
02E0 02E1 02E2 02E3 02E4 02E5 02E6 02E7 02E8 02E9 02EA 02EB 02EC 02ED 02EE 0000 0000 0000 0000 0000 02F4 02F5 02F6 02F7 02F8 02F9 02FA 02FB 02FC 02FD 02FE 02FF
0300 0301 0302 0303 0000 0000 0000 0000 0000 0000 0000 0000 0000 030D 030E 030F 0310 0311 0312 0313 0314 0315 0000 0000 0000 0000 0000 0000 0000 0000 031E 031F
0320 0321 0322 0323 0000 0000 0000 0000 0000 0000 0000 0000 0000 032D 032E 032F 0000 0000 0000 0333 0334 0335 0000 0000 0000 0000 0000 0000 0000 0000 033E 033F
0000 0000 0000 0000 0000 0000 03A3 03A4 03A5 0000 0000 0000 0000 034D 034E 034F 0000 0000 0000 0353 0354 0355 0000 0000 0000 0000 03A6 03A7 03A8 0000 0000 0000
0000 0000 0000 0000 03C1 03C2 0000 0000 0000 0000 0000 0000 0000 0000 0000 036F 0370 0371 0372 0373 0000 0000 0000 0000 0000 0000 0000 0000 0000 03C9 03CA 0000
0000 0000 0000 03E0 03E1 03E2 0000 0000 0000 0000 0000 0000 0000 0000 0000 038F 0000 0000 0000 0000 0000 0000 0000 0000 0000 0000 0000 0000 03E8 03E9 03EA 0000
0000 0000 0000 0000 0000 0000 0000 0000 0000 0000 0000 0000 0000 0000 0000 0000 0000 03AC 0000 0000 0000 0000 0000 0000 0000 0000 0000 0000 0000 0000 040A 040B
03AE 03AF 0000 0000 0000 0000 0000 0000 0000 0000 0000 0000 0000 0000 0000 0000 0000 03CC 03CD 0000 0000 0000 0000 0000 0000 0000 0000 0000 0000 0000 042A 042B
