ATARI GAUNTLET MOTION OBJECT 16X16 TILEMAP
SOURCE: level-075.png
GRID: 32 X 32
TILE_SIZE: 16 X 16
ATLAS_TILES: 960
UNIQUE_PIXEL_TILES: 148
CONNECTED_OBJECT_GROUPS: 25

0020 0021 0022 0000 0000 0000 0000 0000 0000 0000 0000 0000 0000 0000 0000 0000 0000 0000 0000 0000 0023 0024 0025 0000 0000 0000 0000 0028 0000 0000 0000 002A
0040 0041 0042 0000 0000 0000 0000 0000 0000 0000 0000 0000 0000 0000 0000 0000 0000 0000 0000 0000 0043 0044 0045 0000 0047 0000 0000 0048 0049 0000 0000 004A
0000 0000 0000 0000 0000 0000 0000 0000 0000 0000 0000 0000 0000 0000 0000 0000 0000 0000 0000 0000 0063 0064 0065 0066 0000 0000 0000 0068 0000 0000 0000 0000
0000 0000 0000 0000 0000 0000 002B 002C 002D 0000 0000 0000 0000 0000 0000 0000 0000 0000 0000 0000 0083 0084 0085 0086 0000 0000 0000 0000 0000 0000 0000 0031
0000 0000 0000 0000 0000 0000 0000 0000 0000 0000 0000 0000 0000 0000 0000 0000 0000 0000 0000 0000 00A3 00A4 00A5 0000 0000 0000 0000 0000 004E 004F 0050 0051
0000 0000 0032 0033 0034 0000 0000 0000 0000 0000 0000 0035 0036 0037 0038 0039 0000 0000 0000 0000 0000 00C4 00C5 00C6 0000 0000 0000 0000 0000 0000 0000 0000
0000 0000 0052 0053 0054 0000 0000 0000 0000 0000 0000 0055 0056 0057 0058 0059 0000 0000 0000 0000 0000 00E4 00E5 00E6 0000 0000 0000 003A 0000 0000 0000 0000
0000 0000 0000 0000 0000 0000 0000 0000 0000 0000 0000 0000 0000 0000 0000 0000 0000 0000 0000 0000 0000 0000 0000 0000 0000 0000 0000 005A 0000 0000 0000 0000
003B 003C 003D 0000 0000 0000 0100 0101 0102 0103 0104 0000 0000 0000 0000 0000 0000 0000 0000 0000 0000 0000 0000 010B 010C 010D 0000 007A 0000 0000 0000 0000
005B 005C 005D 0000 0000 0000 0120 0121 0122 0123 0124 0000 0000 0000 0000 0000 0000 0000 0000 0000 0000 0000 0000 012B 012C 012D 0000 0000 0000 0000 0000 0000
0000 0000 0000 0000 0000 0000 0000 0000 0000 0000 0000 0000 0000 0000 0111 0112 0000 0145 0146 0147 0148 0149 014A 014B 0000 014D 014E 0000 0000 0000 0000 0000
0000 0000 0000 0000 0000 0000 0000 0000 0000 0000 0000 0000 0000 0130 0131 0132 0000 0000 0000 0000 0000 0000 0000 0000 0000 016D 016E 016F 0000 0000 0000 0000
0000 0000 0000 0000 0000 0000 0000 0000 0000 0000 0000 0000 0000 0150 0151 0152 0153 0154 0000 0000 0000 0000 0000 0000 0000 0000 0000 0000 0000 0000 0000 0000
0000 0000 0000 0000 0000 0000 0000 0000 0000 0000 0000 0000 0000 0000 0000 0000 0000 0000 0000 0000 0000 0000 0000 0000 0000 0000 0000 0000 0000 0000 0000 0000
0000 0000 0115 0116 0117 0000 0000 0000 0000 0000 0000 0000 0000 0000 0000 0000 0000 0000 0000 0000 0000 0000 0000 0000 0000 0118 0119 011A 0000 0000 0000 0000
0000 0000 0000 0000 0000 0000 0000 0000 0000 0000 0000 0000 0000 0000 0000 0000 0190 0000 0000 0000 0000 0000 0000 0000 0000 0000 0000 0000 0000 0000 0000 0000
0000 0000 0000 0000 0000 0000 0000 0000 0000 0000 0000 0000 0000 0000 0000 0000 0000 01B1 01B2 01B3 0000 0000 0000 0000 0000 0000 0000 0000 0000 0000 0194 0000
0000 0000 0195 0196 0000 0000 0000 0198 0199 019A 0000 0000 0000 0000 0000 0000 0000 0000 01D2 0000 0000 0000 0000 0000 0000 0000 0000 0000 0000 0000 0000 0000
0000 0000 01B5 01B6 01B7 0000 0000 0000 0000 0000 0000 0000 0000 0000 0000 0000 0000 0000 01F2 0000 0000 0000 0000 0000 0000 0000 019C 019D 019E 019F 0000 0000
0000 0000 0000 0000 0000 0000 0000 0000 0000 0000 0000 0000 0000 0000 0000 0000 0000 0000 0212 0000 0000 0000 0000 0000 0000 01BB 01BC 01BD 0000 01BF 0000 0000
0000 0000 0000 0000 0000 0000 0000 0000 0000 0000 0000 0000 0000 022D 022E 022F 0230 0231 0000 0000 0000 0000 0000 0000 0000 0000 0000 0000 0000 0000 0000 0000
0000 0000 0000 0000 0000 0340 0341 0342 0000 0000 0000 0000 0000 024D 024E 024F 0250 0251 0000 0000 0000 0000 0000 0000 0000 0000 0000 0000 0000 0000 0000 0000
0000 0000 0000 0000 0000 0000 0000 0000 0000 0000 0000 0000 0000 0000 026E 026F 0000 0000 0000 0000 0000 0000 0000 0000 0000 0000 0000 0000 0000 0000 0000 0000
0000 0000 0000 0000 0000 0000 0000 0000 0000 0000 0000 0000 0000 028D 028E 028F 0290 0291 0292 0000 0000 0000 0000 0000 0000 0000 0000 0000 0000 0000 0000 0349
034A 0000 0000 0000 0000 0000 0000 0000 0000 0000 0000 0000 0000 02AD 02AE 02AF 02B0 02B1 02B2 02B3 0000 0000 0000 0000 0000 0000 0000 0000 0000 0000 0368 0369
036A 0000 0000 0000 0000 0000 0000 0000 0000 0000 0000 0000 0000 02CD 02CE 02CF 02D0 02D1 0000 0000 0000 0000 0000 0000 0000 0383 0384 0385 0386 0387 0388 0389
0000 0000 0000 0000 0000 0000 02E6 02E7 02E8 0000 02EA 02EB 02EC 0000 02EE 02EF 0000 0000 0000 0000 0000 0000 0000 0000 0000 03A3 03A4 03A5 03A6 03A7 0000 0000
0300 0301 0302 0303 0304 0305 0306 0307 0308 0000 030A 030B 030C 030D 030E 030F 0310 0000 0000 0000 0000 0000 0000 0000 0000 0000 0000 0000 0000 0000 0000 0000
0320 0321 0322 0323 0324 0325 0000 0327 0328 0329 0000 0000 0000 0000 0000 0000 0000 0000 0000 0000 0000 0000 0000 0000 0000 0000 0000 0000 0000 0000 0000 0000
0000 0000 0000 0000 0000 0000 0000 0000 0000 0000 0000 0000 0000 0000 0000 0000 0000 0000 0000 0000 0000 0000 0000 0000 0000 0000 0000 0000 0000 0000 0000 0000
034B 034C 0000 0000 0000 0000 0000 0000 0000 0000 0000 0000 0000 0000 0000 0000 0000 0000 0000 0000 0000 0000 0000 0000 0000 0000 0000 0000 0000 0000 0000 0000
036B 036C 036D 0000 0000 0000 0000 0000 0000 0000 0000 0000 0000 0000 0000 0000 0000 0000 0000 0000 0000 0000 0000 0000 0000 0000 0000 0000 0000 034E 034F 0350
