ATARI GAUNTLET MOTION OBJECT 16X16 TILEMAP
SOURCE: level-068.png
GRID: 32 X 32
TILE_SIZE: 16 X 16
ATLAS_TILES: 1248
UNIQUE_PIXEL_TILES: 223
CONNECTED_OBJECT_GROUPS: 30

0020 0021 0022 0023 0024 0000 0000 0027 0028 0029 0000 0000 0000 0000 0000 0000 0000 0000 0031 0032 0033 0000 0000 0000 0000 0000 0000 0000 0000 0000 0036 0037
0040 0041 0042 0043 0044 0000 0000 0047 0048 0049 004A 004B 0000 0000 0000 0000 0000 0000 0051 0052 0053 0000 0000 0000 0000 0000 0000 0000 0000 0000 0056 0057
0000 0061 0062 0063 0000 0000 0000 0000 0000 0069 006A 006B 0000 0000 0000 0000 0000 0000 0071 0072 0073 0000 0000 0000 0000 0000 0000 0000 0000 0000 0000 0000
0000 0081 0082 0083 0000 0000 0086 0087 0088 0000 0000 0000 0000 008C 008D 008E 0000 0000 0000 0000 0093 0094 0095 0000 0000 0000 0000 0000 0000 0000 0000 0000
0000 00A1 00A2 00A3 0000 00A5 00A6 00A7 00A8 0000 0000 0000 0000 00AC 00AD 00AE 00AF 00B0 00B1 00B2 00B3 0000 0000 0000 0000 0000 0000 0000 0000 0000 0000 0000
0000 0000 0000 0000 00C4 00C5 00C6 00C7 0000 0000 0000 0000 0000 0000 0000 0000 0000 00D0 0000 0000 00D3 00D4 00D5 0000 0000 0000 0000 0000 0000 0000 0000 0000
0000 0000 0000 0000 00E4 00E5 00E6 0000 0000 0000 0000 0000 0000 0000 0000 0000 0000 0000 0000 00F2 0000 0000 0000 0000 0000 0000 0000 0038 0039 003A 003B 003C
0000 0000 0000 0000 0000 0000 0000 0107 0108 0000 0000 0000 0000 0000 0000 0000 0000 0000 0000 0000 0000 003D 0000 0000 0000 0000 0000 0058 0059 005A 005B 005C
0000 0000 003E 003F 0000 0000 0126 0127 0128 0000 0000 0000 0000 0000 0000 0141 0142 0000 0000 0145 0000 0000 0000 0000 0000 0000 0000 0000 0000 0000 0000 0000
0000 0000 0000 0000 0000 0000 0000 0000 0000 0000 0000 0000 0000 0000 0160 0161 0162 0163 0164 0000 0000 0000 0000 0000 0000 0149 014A 014B 0000 0000 0000 0000
0000 0000 0000 0000 0000 0000 0000 0000 014F 0150 0151 0000 0000 0000 0000 0000 0182 0183 0184 0185 0186 0000 0000 0000 0000 0169 016A 016B 016C 0000 0000 0000
0000 0000 0000 0000 0000 0000 0000 0000 016F 0170 0171 0000 0152 0153 0154 0000 0000 0000 01A4 01A5 01A6 0000 0000 0000 0000 0000 018A 018B 018C 018D 018E 0000
0000 0000 0000 0000 0000 0000 0000 0000 0000 0000 0000 0000 0172 0173 0174 0000 0000 0000 0000 01C5 0000 0000 0000 01A7 01A8 01A9 01AA 0000 0000 0000 0000 0000
0155 0156 0157 0158 0159 015A 015B 015C 0000 0000 0000 0000 0192 0193 0194 0000 0000 0000 0000 01E5 0000 0000 0000 0000 0000 0000 0000 0000 0000 0000 0000 020B
0175 0176 0177 0178 0179 017A 017B 017C 017D 0000 0000 0000 01B2 01B3 01B4 0000 0000 020E 0000 0000 0000 0000 0000 0000 0000 0000 0000 0000 0000 0000 0000 022B
0000 0000 0197 0198 0199 019A 019B 019C 019D 0000 0000 0000 0000 0000 0000 0000 0000 022E 022F 0000 0000 0241 0242 0243 0244 0000 0000 0247 0248 0249 0000 024B
0000 0000 0000 0000 0000 0000 0000 0000 0000 0000 0000 0000 0000 0000 0000 024C 024D 024E 0000 0000 0260 0261 0262 0263 0264 0265 0266 0267 0268 0269 0000 026B
0000 0000 0000 0000 0000 0211 0212 0213 0000 0000 0000 0000 0000 0000 0000 026C 026D 026E 0000 0000 0280 0281 0282 0283 0284 0285 0286 0287 0288 0289 028A 028B
0215 0216 0000 0000 0230 0231 0232 0233 0000 0000 0000 0000 0000 0000 0000 0000 0000 0000 0000 0000 0000 0000 0000 0000 0000 0000 0000 0000 02A8 02A9 02AA 02AB
0235 0236 0000 0000 0250 0251 0252 0000 0000 0000 0000 0000 0000 0000 0000 0000 0000 0217 0000 0000 0000 0000 021C 021D 0000 0000 0000 02C7 0000 0000 0000 02CB
0000 0000 0000 0000 0000 0000 0272 0273 0274 0000 0000 0341 0342 0000 0000 0000 0000 0000 0238 0239 023A 023B 023C 023D 0000 0000 0000 0000 0000 0000 0000 02EB
0000 0000 0000 0000 0000 0000 0292 0293 0294 0000 0360 0361 0362 0000 0000 0000 0000 0000 0258 0259 025A 0000 0000 0000 0000 0000 0000 0000 0000 0000 0000 030B
0343 0000 0000 0000 0000 0000 02B2 02B3 02B4 0000 0000 0000 0000 0000 0000 0000 0000 0000 0000 0000 0000 0000 0347 0348 0349 0000 0000 0000 0000 0000 0000 032B
0000 0000 0000 0000 0000 0000 02D2 02D3 02D4 0000 0000 0000 0000 0000 0000 0000 0000 0000 0000 0000 0000 0000 0367 0368 0369 0000 0000 0000 0000 0000 0000 0000
034B 034C 0000 0000 0000 0000 0000 0000 0000 0000 0000 0000 0000 0000 0000 0000 0000 0000 0000 0000 0000 0000 0000 0388 0389 038A 0000 0000 0000 0000 0000 034F
036B 036C 036D 036E 0000 0000 0000 0000 0000 0000 0000 0000 0000 0000 0000 0000 0000 0351 0352 0000 0000 0000 0000 03A8 03A9 03AA 0000 0000 0353 0000 0000 036F
0000 0000 0000 0000 0000 0354 0355 0000 0000 0000 0000 0000 0000 0000 0000 0000 0370 0371 0372 0000 0000 03C6 03C7 03C8 03C9 03CA 0000 0000 0000 0000 0000 0000
0000 0000 0000 0000 0000 0000 0000 0000 0000 0000 0000 0000 0000 0000 0000 0000 0000 0000 0000 0000 0000 03E6 03E7 03E8 03E9 03EA 0000 0000 0000 0000 0000 0000
0000 0000 0000 0000 0000 0000 0000 0000 0000 0000 0000 0000 0000 0000 0356 0357 0358 0359 0000 0404 0405 0406 0407 0408 0000 0000 0000 0000 0000 0000 035B 0000
0000 0000 0000 0000 0000 0000 0000 0482 0483 0484 0000 0000 0000 0000 0376 0377 0378 0000 0000 0000 0000 0426 0427 0428 0000 0000 0000 0000 0000 0000 037B 037C
0000 0487 0488 0489 0000 0000 04A1 04A2 04A3 04A4 04A5 04A6 0000 0000 0000 0000 0000 0000 0000 0000 0000 0446 0447 0448 0000 048A 048B 048C 0000 039A 0000 0000
0000 04A7 04A8 04A9 0000 04C0 04C1 04C2 04C3 04C4 04C5 04C6 0000 0000 048D 048E 048F 0490 0000 0000 0000 0466 0467 0468 0000 04AA 04AB 04AC 0000 03BA 03BB 0000
