ATARI GAUNTLET MOTION OBJECT 16X16 TILEMAP
SOURCE: level-063.png
GRID: 32 X 32
TILE_SIZE: 16 X 16
ATLAS_TILES: 416
UNIQUE_PIXEL_TILES: 91
CONNECTED_OBJECT_GROUPS: 25

0000 0000 0000 0000 0000 0000 0000 0000 0000 0021 0022 0000 0000 0000 0000 0000 0000 0000 0000 0024 0025 0000 0000 0000 0000 0000 0000 0000 0000 0000 0000 0000
0000 0000 0000 0000 0000 0000 0000 0000 0040 0041 0042 0000 0000 0000 0000 0000 0000 0000 0043 0044 0045 0000 0000 0000 0000 0000 0000 0000 0000 0000 0000 0000
0000 0000 0000 0029 002A 002B 0000 0000 0000 0000 0000 0000 0000 0000 0000 0000 0000 0000 0000 0000 0000 0000 0000 0000 0000 0000 0000 0000 0000 0000 0000 0000
0000 0000 0000 0049 004A 004B 0000 0000 0000 0000 0000 0000 0000 0000 0000 0000 0000 0000 0000 0000 0000 0000 0000 0000 0000 0000 0000 0000 0000 0000 0000 0000
0066 0067 0068 0000 0000 0000 0000 0000 002C 002D 002E 0000 0000 0000 0000 0000 0000 0000 0032 0033 0034 0000 0000 0000 0000 0000 0000 0000 0000 0000 0035 0036
0086 0087 0088 0000 0000 0000 0000 0000 004C 004D 004E 0000 0000 0000 0000 0000 0000 0000 0052 0053 0054 0000 0000 0000 0000 0000 0000 0000 0000 0000 0055 0056
00A6 0000 0000 0000 0000 0000 0000 0000 0000 0000 0000 006F 0070 0071 0000 0000 0000 0000 0000 0000 0000 0000 0039 003A 003B 0000 0000 0000 0000 0000 0075 0076
00C6 0000 0000 0000 0000 0000 0000 0000 0000 0000 0000 008F 0090 0091 0000 0000 0000 0000 0000 0000 0000 0000 0059 005A 005B 0000 0000 0000 0000 0000 0095 0096
0000 0000 0000 0000 0000 0000 0000 003C 003D 003E 0000 0000 0000 0000 0000 0000 00E0 00E1 00E2 0000 0077 0078 0000 0000 0000 0000 0000 0000 0000 0000 0000 0000
00E3 00E4 00E5 0000 0000 0000 0000 005C 005D 005E 0000 0000 0000 0000 0000 0000 0100 0101 0102 0000 0097 0098 0099 0000 0000 0000 0000 0000 0000 0000 00E6 00E7
0103 0104 0105 0000 0000 0000 0000 0000 0000 0000 0000 0000 0000 0000 0000 0000 0000 0000 0000 0000 0000 0000 0000 0000 0000 0000 0000 0000 0000 0000 0106 0107
0000 0000 0000 0000 0000 0000 0000 0000 0000 0000 0000 0000 0000 0000 0000 0000 0000 0000 0000 0000 0000 0000 0000 0000 0000 0000 0000 0000 0000 0000 0000 0000
0000 0000 0000 0000 0000 0000 0000 0000 0000 0000 0000 0000 0000 0000 0000 0000 0000 0000 0000 0000 0000 0000 0000 0000 0000 0000 0000 0000 0000 0000 0000 0000
0000 0000 0000 0000 0000 0000 0000 0000 0000 0000 0000 0000 0000 0000 0000 0000 0000 0000 0000 0000 0000 0000 0000 0000 0000 0000 0000 0000 0000 0000 0000 0000
0000 0000 0000 0000 0000 0000 0000 0000 0000 0000 0000 0000 0000 0000 0000 0000 0000 0000 0000 0000 0000 0000 0000 0000 0000 0000 0000 0000 0000 00E9 00EA 00EB
0000 0000 0000 0000 0000 0000 0000 0000 0000 0000 0000 0000 0000 0000 0000 0000 0000 0000 0000 0000 0000 0000 0000 0000 0000 0000 0000 0000 0000 0109 010A 010B
0000 0000 0000 0000 0000 0000 0000 0000 0000 0000 0000 0000 0000 0000 0000 00EC 00ED 00EE 0000 0000 0000 0000 0000 0000 0000 0000 0000 0000 0000 0129 012A 012B
00EF 00F0 00F1 0000 0000 0000 0000 0000 0000 0000 0000 0000 0000 0000 0000 010C 010D 010E 0000 0000 0000 0000 0000 0000 0000 0000 0000 0000 0148 0149 014A 014B
010F 0110 0111 0000 0000 0000 0000 0000 0000 0000 0000 0000 0000 0000 0000 0000 0000 0000 0000 0000 0000 00F2 00F3 00F4 0000 0000 0000 0000 0000 0000 0000 0000
0000 0000 0000 0000 0000 0000 0000 0000 0000 0000 0000 0000 0000 0000 0000 0000 0000 0000 0000 0000 0000 0112 0113 0114 0000 0000 0000 0000 00F5 0000 0000 0000
0000 0000 0000 0000 0000 0000 0000 0000 0000 0000 0000 00F6 00F7 00F8 0000 0000 0000 0000 0000 0000 0000 0000 0000 0000 0000 0000 0000 0000 0000 0000 0000 0000
0000 0000 0000 0000 0000 0000 0000 0000 0000 0000 0000 0116 0117 0118 0000 0000 0000 0000 0000 0000 0000 0000 0000 0000 0000 0000 0000 0000 0000 0000 0000 0000
00F9 00FA 00FB 0000 0000 0000 0000 0000 0000 0000 0000 0000 0000 0000 0000 0000 0000 0000 0000 0000 0000 0000 0000 0000 0000 0000 0000 0000 0000 0000 0000 0000
0119 011A 011B 0000 0000 0000 0000 0000 0000 0000 0000 0000 0000 0000 0000 0000 0000 0000 0000 0000 0000 0000 0000 0000 0000 0000 0000 0000 0000 0000 0000 0000
0000 0000 0000 0000 0000 0000 0000 0000 0000 0000 0000 0000 0000 0000 0000 0000 0000 0000 0000 0000 0000 0000 0000 0000 0000 0000 0000 0000 0000 0000 0000 0000
0000 0000 00FC 00FD 00FE 0000 0000 0000 0000 0000 0000 0000 0000 0000 0000 0000 0000 0000 0000 0000 0000 0000 0000 0000 0000 0000 0000 0000 0000 0000 0000 0000
00FF 0000 0000 0000 0000 0000 0000 0000 0000 0000 0000 0000 0000 0000 0000 0000 0000 0000 0160 0161 0162 0000 0000 0000 0163 0164 0165 0166 0167 0168 0169 016A
011F 0000 0000 0000 0000 0000 0000 0000 016B 0000 0000 0000 0000 0000 0000 0000 0000 0000 0180 0181 0182 0000 0000 0000 0183 0184 0185 0186 0187 0188 0189 018A
0000 0000 0000 0000 0000 0000 0000 0000 0000 0000 0000 0000 0000 0000 0000 0000 0000 0000 0000 0000 0000 0000 0000 0000 0000 0000 0000 0000 0000 0000 0000 0000
0000 0000 0000 0000 0000 0000 0000 0000 0000 0000 0000 0000 0000 0000 0000 0000 016C 0000 0000 0000 0000 0000 0000 0000 0000 0000 0000 0000 0000 0000 0000 0000
016E 016F 0000 0000 0000 0000 0000 0000 0000 0000 0000 0000 0000 0000 0000 0000 018C 018D 0000 0000 0000 0000 0000 0000 0000 0000 0000 0000 0000 0000 0000 0000
018E 018F 0190 0000 0000 0000 0000 0000 0000 0000 0000 0000 0000 0000 0000 0000 0000 0000 0000 0000 0000 0000 0000 0000 0000 0000 0000 0000 0000 0000 0000 0000
