ATARI GAUNTLET PLAYFIELD 16X16 TILEMAP
SOURCE: level-079-playfield.png
GRID: 32 X 32
TILE_SIZE: 16 X 16
UNIQUE_TILES: 40

0000 0001 0002 0002 0002 0002 0002 0002 0003 0001 0002 0002 0002 0002 0002 0002 0002 0002 0002 0002 0002 0002 0002 0002 0002 0002 0002 0002 0002 0002 0004 0002
0005 0006 0007 0008 0009 000A 0007 0008 0005 000B 0007 0008 0009 000A 0007 0008 0009 000A 0007 0008 0009 000A 0007 0008 0009 000A 0007 0008 0009 000A 0007 0008
0005 000C 000A 0007 000D 000E 000F 0010 0011 0012 000F 0010 0013 000E 000F 0010 0013 000E 000F 0010 0013 000E 000F 0010 0013 000E 000F 0010 0013 000E 000F 0014
0005 0015 0009 0016 0017 0002 0002 0002 0004 0002 0002 0002 0002 0002 0002 0002 0002 0002 0002 0002 0002 0002 0002 0002 0002 0002 0002 0002 0002 0002 0018 000B
0005 0019 0008 001A 000B 001B 0013 000E 000F 0010 0013 000E 000F 0010 0013 000E 000F 0010 0013 000E 000F 0010 0013 000E 000F 0010 0013 000E 000F 0014 0005 000C
0005 000B 0007 0005 000C 001C 0001 0002 0002 0002 0002 0002 0002 0002 0002 0002 0002 0002 0002 0002 0002 0002 0002 0002 0002 0002 0002 0002 0018 000B 0005 0015
0005 000C 000A 0005 0015 0005 000B 001B 0013 000E 000F 0010 0013 000E 000F 0010 0013 000E 000F 0010 0013 000E 000F 0010 0013 000E 000F 0014 0005 000C 0005 0019
0005 001D 000E 0011 0019 0005 000C 001C 0001 0002 0002 0002 0002 0002 0002 0002 0002 0002 0002 0002 0002 0002 0002 0002 0002 0002 0018 000B 0005 0015 0005 000B
001E 0001 0002 001F 000B 0005 0015 0005 000B 001B 0013 000E 000F 0010 0013 000E 000F 0010 0013 000E 000F 0010 0013 000E 000F 0014 0005 000C 0005 0019 0005 000C
0005 000B 0007 0005 000C 0005 0019 0005 000C 001C 0001 0002 0002 0002 0002 0002 0002 0002 0002 0002 0002 0002 0002 0002 0018 000B 0005 0015 0005 000B 0005 0015
0005 000C 000A 0005 0015 0005 000B 0005 0015 0005 000B 001B 0013 000E 000F 0010 0013 000E 000F 0010 0013 000E 000F 0014 0005 000C 0005 0019 0005 000C 0005 0019
0005 0015 0009 0005 0019 0005 000C 0005 0019 0005 000C 001C 0001 0002 0002 0002 0002 0002 0002 0002 0002 0002 0018 000B 0005 0015 0005 000B 0005 0015 0005 000B
0005 0019 0008 0005 000B 0005 0015 0005 000B 0005 0015 0005 000B 001B 0013 000E 000F 0010 0013 000E 000F 0014 0005 000C 0005 0019 0005 000C 0005 0019 0005 000C
0005 000B 0007 0005 000C 0005 0019 0005 000C 0005 0019 0005 000C 001C 0001 0002 0002 0002 0002 0002 0018 000B 0005 0015 0005 000B 0005 0015 0005 000B 0005 0015
0005 000C 000A 0005 0015 0005 000B 0005 0015 0005 000B 0005 0015 0005 000B 001B 0013 000E 000F 0014 0005 000C 0005 0019 0005 000C 0005 0019 0005 000C 0005 0019
0005 0015 0009 0005 0019 0005 000C 0005 0019 0005 000C 0005 0019 0005 000C 0020 0002 0002 0018 000B 0005 0015 0005 000B 0005 0015 0005 000B 0005 0015 0005 000B
0005 0019 0008 0005 000B 0005 0015 0005 000B 0005 0015 0005 000B 0005 0015 0009 000A 0007 0005 000C 0005 0019 0005 000C 0005 0019 0005 000C 0005 0019 0005 000C
0005 000B 0007 0005 000C 0005 0019 0005 000C 0005 0019 0005 000C 0005 0019 0008 0009 000A 0005 0015 0005 000B 0005 0015 0005 000B 0005 0015 0005 000B 0005 0015
0005 000C 000A 0005 0015 0005 000B 0005 0015 0005 000B 0005 0015 0005 0021 0010 0013 000E 0011 0019 0005 000C 0005 0019 0005 000C 0005 0019 0005 000C 0005 0019
0005 0015 0009 0005 0019 0005 000C 0005 0019 0005 000C 0005 0019 0022 0002 0002 0002 0002 0023 0024 0005 0015 0005 000B 0005 0015 0005 000B 0005 0015 0005 000B
0005 0019 0008 0005 000B 0005 0015 0005 000B 0005 0015 0005 0021 0010 0013 000E 000F 0010 0013 000E 0011 0019 0005 000C 0005 0019 0005 000C 0005 0019 0005 000C
0005 000B 0007 0005 000C 0005 0019 0005 000C 0005 0019 0022 0002 0002 0002 0002 0002 0002 0002 0002 0023 0024 0005 0015 0005 000B 0005 0015 0005 000B 0005 0015
0005 000C 000A 0005 0015 0005 000B 0005 0015 0005 0021 0010 0013 000E 000F 0010 0013 000E 000F 0010 0013 000E 0011 0019 0005 000C 0005 0019 0005 000C 0005 0019
0005 0015 0009 0005 0019 0005 000C 0005 0019 0022 0002 0002 0002 0002 0002 0002 0002 0002 0002 0002 0002 0002 0023 0024 0005 0015 0005 000B 0005 0015 0005 000B
0005 0019 0008 0005 000B 0005 0015 0005 0021 0010 0013 000E 000F 0010 0013 000E 000F 0010 0013 000E 000F 0010 0013 000E 0011 0019 0005 000C 0005 0019 0005 000C
0005 000B 0007 0005 000C 0005 0019 0022 0002 0002 0002 0002 0002 0002 0002 0002 0002 0002 0002 0002 0002 0002 0002 0002 0023 0024 0005 0015 0005 000B 0005 0015
0005 000C 000A 0005 0015 0005 0021 0010 0013 000E 000F 0010 0013 000E 000F 0010 0013 000E 000F 0010 0013 000E 000F 0010 0013 000E 0011 0019 0005 000C 0005 0019
0005 0015 0009 0005 0019 0022 0002 0002 0002 0002 0002 0002 0002 0002 0002 0002 0002 0002 0002 0002 0002 0002 0002 0002 0002 0002 0023 0024 0005 0015 0005 000B
0005 0019 0008 0005 0021 0010 0013 000E 000F 0010 0013 000E 000F 0010 0025 000E 000F 0010 0013 000E 000F 0010 0013 000E 000F 0010 0013 000E 0011 0019 0026 0027
0011 000B 0007 0022 0002 0002 0002 0002 0002 0002 0002 0002 0002 0002 0002 0002 0002 0002 0002 0002 0002 0002 0002 0002 0002 0002 0002 0002 0023 0024 001B 0013
001F 000C 000A 0007 0008 0009 000A 0007 0008 0009 000A 0007 0008 0009 000A 0007 0008 0009 000A 0007 0008 0009 000A 0007 0008 0009 000A 0007 0008 0009 001C 0001
0011 001D 000E 000F 0010 0013 000E 000F 0010 0013 000E 000F 0010 0013 000E 000F 0010 0013 000E 000F 0010 0013 000E 000F 0010 0013 000E 000F 0010 0013 0011 0021
