ATARI GAUNTLET MOTION OBJECT 16X16 TILEMAP
SOURCE: level-015.png
GRID: 32 X 32
TILE_SIZE: 16 X 16
ATLAS_TILES: 832
UNIQUE_PIXEL_TILES: 126
CONNECTED_OBJECT_GROUPS: 30

0020 0021 0022 0023 0000 0000 0000 0000 0000 0000 0000 0000 0000 0000 0000 0000 0000 0000 0000 0000 0000 0000 0000 0000 0027 0028 0029 002A 0000 0000 0000 002E
0040 0041 0042 0043 0000 0000 0000 0000 0000 0000 0000 0000 0000 0000 0000 0000 0000 0000 0000 0000 0000 0000 0000 0000 0047 0048 0049 004A 0000 0000 0000 004E
0000 0000 0000 0000 0000 0000 0000 0000 0000 0000 0000 0000 0000 0000 0000 0000 0000 0000 0000 0000 0000 0000 0000 0066 0067 0068 0000 0000 0000 0000 0000 0000
0000 0000 0000 0000 0000 002F 0030 0031 0000 0000 0000 0000 0000 0000 0000 0000 0000 0000 0000 0000 0000 0084 0085 0086 0087 0088 0000 0000 0000 0000 0000 0000
0000 0000 0000 0000 0000 004F 0050 0051 0000 0000 0000 0000 0000 0000 0000 0000 0000 0000 0000 0000 0000 00A4 00A5 00A6 0000 0000 0000 0000 0000 0000 0000 0000
0000 0000 0000 0000 0000 0000 0000 0000 0000 0000 0000 0000 0000 0032 0033 0034 0000 003D 003E 0000 0000 0000 0000 00C6 00C7 00C8 0000 0000 0000 0000 0000 0000
0000 0000 0000 0000 0000 0000 0000 0000 0000 0000 0000 0000 0000 0052 0053 0054 0000 0000 0000 0000 0000 0000 0000 00E6 00E7 00E8 0000 0000 0000 0000 0000 0000
0000 0000 0000 0000 0000 0000 0000 0000 0000 0000 0000 0000 0000 0000 0000 0000 0075 0076 0077 0078 0079 0000 0000 0000 0000 0000 0109 010A 010B 0000 0000 0000
0000 0000 0000 0000 0000 0000 0000 0000 0000 0000 0000 0000 01E0 01E1 0000 0000 0095 0096 0097 0000 0000 009A 009B 009C 0000 0000 0129 012A 012B 0000 0000 0000
0000 0000 0000 01E2 01E3 01E4 0000 0000 0000 0000 0000 0000 0000 0000 0000 0000 0000 0000 0000 0000 0000 0000 0000 0000 0000 0000 0000 0000 0000 014C 014D 0000
0000 0000 0000 0000 0000 0204 0000 0000 0000 0000 0000 0000 0000 0000 0000 0000 0000 0000 0000 0000 0000 0000 0000 01E6 01E7 01E8 0000 0000 016B 016C 016D 0000
0000 0000 0000 0000 0000 0224 0225 0000 0000 0000 0000 0000 0000 0000 0000 0000 0000 0000 0000 01EB 0000 0000 0000 0206 0207 0208 0000 0000 018B 0000 0000 0000
0000 0000 0000 0000 0000 0244 0000 0000 0000 0000 0000 0000 0000 01EC 01ED 01EE 0000 0209 020A 020B 0000 0000 0000 0000 0000 0000 0000 0000 01AB 0000 0000 0000
0000 01EF 01F0 01F1 0000 0264 0000 0000 0000 0000 0000 0000 0000 020C 020D 020E 0000 0000 0000 0000 0000 0000 0000 0000 0000 0000 0000 0000 01CB 0000 0000 0000
0000 020F 0210 0211 0000 0000 0000 0000 01F2 01F3 01F4 0000 0000 0000 0000 0000 0000 0000 0000 0000 0000 0000 0000 0000 0000 0000 0000 0000 0000 0000 0000 0000
0000 0000 0000 0000 0000 0000 0000 0000 0212 0213 0214 0000 0000 01F5 01F6 01F7 0000 0000 0000 0000 0000 0000 0000 01F8 01F9 01FA 0000 0000 0000 0000 0000 0000
0000 0000 0000 0000 0000 0000 0000 0000 0000 0000 0000 0000 0000 0215 0216 0217 0000 0000 0000 0000 0000 0000 0000 0218 0219 021A 0000 01FB 01FC 0000 0000 0000
01FD 01FE 0000 0000 0000 01FF 0000 0000 0280 0000 0000 0000 0000 0000 0000 0000 0000 0000 0000 0000 0000 0000 0000 0000 0000 0000 0000 0000 021C 0000 0000 0283
0000 0000 0000 0000 0000 021F 0000 0000 02A0 02A1 02A2 0000 0000 0000 0000 0000 0000 0000 0000 0000 0000 0000 0000 0000 0000 0000 0000 0000 023C 0000 0000 0000
0000 0000 0000 0000 0000 023F 0000 0000 02C0 02C1 02C2 0000 0000 0000 0000 0000 0000 0000 0000 0000 0000 0000 0000 0000 0000 0000 0000 0000 025C 0000 0000 0000
0000 0000 0000 0000 0000 0000 0000 0000 0000 0000 0000 0000 0000 0284 0285 0286 0000 0000 0000 0000 0000 0000 0000 0000 0000 0000 0000 0000 0000 0000 0000 0000
0000 0000 0000 0000 0000 0000 0000 0000 0000 0000 0000 0000 0000 02A4 02A5 02A6 0000 0000 0000 0000 0000 0000 0000 0000 0000 0000 0000 0287 0000 0000 0000 0000
0288 0289 028A 0000 0000 028B 0000 0000 0000 0000 0000 0000 0000 0000 0000 0000 0000 028C 028D 028E 0000 0000 0000 0000 0000 0000 0000 0000 0000 0000 0000 0000
0000 0000 0000 0000 0000 02AB 0000 0000 0000 0000 0000 0000 0000 0000 0000 0000 0000 0000 0000 0000 0000 0000 0000 0000 0000 0000 0000 0000 0291 0000 0000 0000
0000 0000 0000 0000 0000 02CB 0000 0000 0000 0000 0000 0000 0000 0292 0293 0294 0000 0000 0000 0000 0299 029A 029B 0000 0000 0000 02AF 02B0 02B1 0000 0000 0000
0000 0000 0000 0000 0000 02EB 0000 0000 0000 0000 0000 0000 0000 02B2 02B3 02B4 02B5 02B6 02B7 02B8 02B9 02BA 02BB 0000 0000 0000 02CF 02D0 02D1 0000 0000 0000
0000 0000 0000 0000 0000 0000 0000 0000 0000 0000 0000 0000 0000 0000 0000 02D4 02D5 02D6 02D7 02D8 02D9 02DA 0000 0000 0000 0000 0000 0000 0000 0000 0000 0000
0000 0000 0000 0000 0000 0000 0000 0000 0000 0000 0000 0000 0000 0000 0000 02F4 02F5 02F6 02F7 02F8 02F9 02FA 0000 0000 0000 0000 0000 0000 0000 0000 0000 0000
0000 0000 0000 0000 0000 0000 0000 0000 0000 0000 0000 0000 0000 0000 0000 0000 0000 0000 0000 0000 0000 0000 0000 0000 0000 0000 0000 0000 0000 0000 0000 0000
0000 0000 0000 0000 0000 0000 0000 0000 0000 0000 0000 0000 0000 0000 0000 0000 0000 0000 0000 0000 0000 0000 0000 0000 0000 0000 0000 0000 0000 0000 0000 0000
0000 0000 0000 0000 0000 0000 0000 0000 0000 0000 029C 029D 029E 0000 0000 0000 0000 0000 0000 0000 0000 0000 0000 0000 0300 0301 0302 0000 0000 0000 0000 0000
0303 0304 0305 0000 0000 0000 0000 0000 0000 0000 02BC 02BD 02BE 0000 0000 0000 0000 0000 0000 0000 0000 0000 0000 0000 0320 0321 0322 0000 0000 0000 0000 0000
