ATARI GAUNTLET MOTION OBJECT 16X16 TILEMAP
SOURCE: level-082.png
GRID: 32 X 32
TILE_SIZE: 16 X 16
ATLAS_TILES: 1248
UNIQUE_PIXEL_TILES: 172
CONNECTED_OBJECT_GROUPS: 22

0000 0021 0022 0023 0024 0025 0000 0000 0000 0000 0000 0000 0000 0000 0000 0000 0000 0000 0000 0000 0000 002B 002C 002D 0000 0000 0000 002E 002F 0030 0000 0000
0040 0041 0042 0043 0044 0045 0000 0000 0000 0000 0000 0000 0000 0037 0038 0039 0000 0000 0000 0049 004A 004B 004C 004D 0000 0000 0000 004E 004F 0050 0051 0052
0000 0000 0000 0000 0000 0000 0066 0067 0068 0000 0000 0000 0000 0057 0058 0059 0000 0000 0000 0000 0000 0000 0000 0000 0000 0000 0000 0000 0000 0000 0000 0000
0000 0000 0000 0000 0000 0000 0086 0087 0088 0000 0000 0000 0076 0077 0078 0079 0000 0000 0000 0000 0000 0000 0000 0000 0000 0000 0000 0000 0000 0000 0000 0000
0000 0000 0000 0000 0000 0000 0000 0000 0000 0000 0000 0000 0096 0097 0098 0000 0000 0000 0000 0000 0000 0000 0000 0000 0000 0000 0000 0000 0000 0000 0000 0000
0000 0000 0000 0000 0000 0000 0000 003E 003F 0000 0000 0000 0000 0000 0000 00B9 00BA 0000 0000 0000 0000 0000 0000 0160 0161 0162 0000 0000 0000 0000 0000 0000
0000 0000 0000 0000 0000 0000 005D 005E 005F 0000 0000 0000 00D6 00D7 00D8 00D9 00DA 0000 0000 0000 0000 0000 0000 0000 0000 0000 0000 0000 0000 0000 0000 0000
0163 0000 0000 0000 0000 0000 0000 007E 0000 0000 0000 0000 0000 0000 00F8 00F9 00FA 00FB 00FC 0000 0000 0000 0000 0000 0000 0000 0000 0000 0000 0000 0164 0165
0000 0000 0000 0000 0000 0000 0000 0000 0000 0113 0114 0115 0116 0117 0118 0119 011A 011B 011C 0000 0000 0000 0166 0167 0000 0000 0000 0000 0000 0000 0000 0000
0000 0000 0000 0000 0000 0000 0000 0000 0000 0133 0134 0135 0136 0137 0138 0139 013A 013B 013C 0000 0000 0000 0186 0187 0188 0189 018A 018B 0000 0000 0000 0000
0000 0000 0000 0000 0000 0000 0000 0000 0000 0000 0000 0000 0000 0000 0000 0000 015A 015B 015C 0000 0000 0000 0000 0000 0000 01A9 01AA 01AB 0000 0000 0000 0000
0000 0000 0000 0000 0000 0000 0000 0000 0000 0000 0000 0000 0000 0000 0000 0000 0000 0000 0000 0000 0000 0000 01C6 01C7 01C8 0000 01CA 01CB 0000 0000 0000 0000
0000 0000 0000 0000 0000 0000 0000 0000 0000 0000 0000 0000 0000 0000 0000 0000 0000 0000 0000 0000 0000 0000 0000 0000 0000 01E9 01EA 01EB 0000 0000 0000 0000
0000 0000 0000 0000 0000 0000 0000 0000 0000 0000 0000 0000 016C 016D 016E 016F 0000 0000 0000 0000 0000 0000 0206 0207 0208 0000 0000 0000 0000 0000 0000 0000
0000 0000 0000 0000 0000 0000 0000 0000 0000 0000 0000 0000 018C 018D 018E 0000 0000 0000 0000 0000 0000 0000 0000 0000 0000 0000 0000 0000 0000 0000 0000 0000
0000 0000 0000 0000 0000 0000 0000 0000 0000 0000 0000 0000 0000 01AD 01AE 01AF 0000 0000 0000 0000 0000 0000 0228 0229 022A 0000 022C 022D 0000 0000 0000 0000
0000 022F 0230 0231 0232 0233 0000 0000 0000 0000 0000 0000 0000 0000 0000 0000 01D0 01D1 01D2 0000 0000 0000 0000 0000 0000 024B 024C 024D 0000 0000 0000 0000
024E 024F 0250 0251 0252 0253 0000 0000 0000 0000 0000 0000 0000 0000 0000 0000 01F0 01F1 01F2 0000 0000 0000 0268 0269 026A 026B 026C 026D 0000 0000 0000 0000
026E 026F 0270 0271 0272 0273 0274 0275 0000 0000 0000 0000 0000 0000 0000 0000 0000 0000 0000 0000 0000 0000 0000 0000 0000 028B 028C 028D 0000 0000 0000 0000
028E 028F 0290 0291 0292 0293 0294 0295 0000 0000 0298 0000 0239 023A 023B 0000 0000 0000 0000 0000 0000 0000 02A8 02A9 02AA 02AB 0000 0000 0000 0000 0000 0000
02AE 02AF 02B0 02B1 02B2 02B3 0000 0000 02B6 02B7 0000 0000 0259 025A 025B 0000 0000 0000 0000 0000 02C6 02C7 02C8 02C9 02CA 02CB 0000 0000 0000 0000 0000 0000
0000 0000 0000 0000 0000 0000 0000 02D5 02D6 02D7 0000 0000 0000 0000 0000 0000 0000 02E3 02E4 02E5 02E6 02E7 02E8 0000 0000 02EB 02EC 02ED 0000 0000 0000 0000
0000 0000 0000 0000 0000 0000 0000 0000 0000 0000 0000 0000 0000 0000 0000 0000 0000 0303 0304 0305 0000 0000 0000 0000 0000 030B 030C 030D 0000 0000 0000 0000
023C 0000 0000 0000 0000 0000 0000 0000 0000 0000 0000 0000 0000 0000 0320 0321 0322 0000 0000 0000 0000 0000 0000 0000 0000 0000 0000 0000 0000 0000 023D 023E
025C 0000 0000 0000 0000 0000 0000 0000 0000 0000 0000 0000 0000 0000 0340 0341 0342 0000 0000 0000 0000 0000 0000 0000 0000 03E0 0000 0000 0000 0000 025D 025E
0000 0000 0000 0000 0000 0000 0000 0000 0000 0000 0000 0000 0000 0000 0360 0361 0362 0000 0000 0000 0366 0367 0368 0000 0000 0400 0000 0000 0000 0000 0000 0000
03E7 0000 0000 0000 0000 0000 0000 0000 0000 0000 0000 0000 0000 0000 0380 0381 0382 0000 0000 0000 0386 0387 0388 0000 0000 0420 0000 0000 0000 0000 03E8 03E9
0000 0000 0000 0000 0000 0000 0000 03EA 03EB 03EC 0000 0000 0000 0000 0000 0000 0000 03A3 03A4 03A5 0000 0000 0000 0000 0000 0440 0000 0000 0000 0000 0000 0000
0000 0000 0000 0000 0000 0000 0000 040A 040B 040C 0000 0000 0000 0000 0000 0000 0000 03C3 03C4 03C5 0000 0000 0000 0000 0000 0460 0000 0000 0000 0000 0000 0000
0000 0000 0000 0000 0000 0000 0000 0000 0000 0000 0000 0000 0000 0000 0000 0000 0000 0000 0000 0000 0000 0000 0000 0000 0000 0480 0000 0000 0000 0000 0000 0000
0000 0000 0000 0000 03ED 0000 0000 0000 0000 0000 0000 0000 0000 0000 0000 0000 0000 0000 0000 0000 03EF 03F0 03F1 0000 0000 04A0 0000 04A2 04A3 04A4 0000 0000
03F2 0000 0000 0000 040D 040E 0000 0000 0000 0000 0000 0000 0000 0000 0000 0000 0000 0000 0000 0000 040F 0410 0411 0000 0000 04C0 04C1 04C2 04C3 04C4 04C5 04C6
