ATARI GAUNTLET PLAYFIELD 16X16 TILEMAP
SOURCE: level-037-playfield.png
GRID: 32 X 32
TILE_SIZE: 16 X 16
UNIQUE_TILES: 61

0000 0001 0002 0002 0002 0002 0002 0002 0002 0003 0002 0002 0002 0002 0003 0002 0002 0002 0003 0002 0002 0002 0002 0002 0002 0002 0002 0002 0002 0002 0002 0002
0004 0005 0006 0007 0008 0009 0006 0007 0008 0009 0006 0007 0008 0009 0006 0007 0008 0009 0006 0007 0008 0009 0006 0007 0008 0009 0006 0007 0008 0009 0006 0007
0004 000A 0009 0006 0007 0008 0009 0006 0007 0008 0009 0006 0007 0008 0009 0006 0007 0008 0009 0006 0007 0008 0009 0006 0007 0008 0009 0006 0007 0008 0009 0006
0004 000B 0008 0009 000C 000D 000E 000F 0010 000D 000E 000F 0010 000D 0011 0009 0006 0007 0008 0009 0006 0007 0008 0009 0006 0007 0008 0009 0006 0007 0008 0009
0004 0012 0007 0008 0013 0002 0002 0002 0002 0002 0002 0002 0002 0014 0015 0008 0009 0006 0007 0008 0009 0006 0007 0008 0009 0006 0007 0008 0009 0006 0007 0008
0004 0005 0006 0007 0008 0009 0006 0007 0008 0009 0006 0007 0008 0009 0006 0007 0008 0009 0006 0007 0008 0009 0006 0007 0008 0009 0006 0007 0008 0009 0006 0007
0004 000A 0009 0006 0007 0008 0009 0006 0007 0008 0009 0006 0007 0008 0009 0006 0007 0008 0009 0006 0007 0008 0009 0006 0007 0008 0009 0006 0007 0008 0009 0006
0004 000B 0008 0009 000C 000D 000E 000F 0010 000D 000E 000F 0010 000D 0011 0009 0006 0007 0008 0009 0006 0007 0008 0009 0006 0007 0008 0009 0006 0007 0008 0009
0004 0012 0007 0008 0013 0002 0002 0002 0002 0002 0002 0002 0002 0014 0015 0008 0009 0006 0007 0008 0009 0006 0007 0008 0009 0006 0007 0008 0009 0006 0007 0008
0016 0005 0006 0007 0008 0009 0006 0007 0008 0009 0006 0007 0008 0009 0006 0007 0008 0009 0006 0007 0008 0009 0006 0007 0008 0009 0006 0017 000E 0018 0006 0017
0019 000A 0009 0006 0007 0008 0009 0006 0007 0008 0009 0006 0007 0008 0009 0006 0007 0008 0009 0006 0007 0008 0009 0006 0007 0008 0009 001A 001B 000A 0009 001A
001C 000B 0008 0009 000C 000D 000E 000F 0010 000D 000E 000F 0010 000D 0011 0009 0006 0007 0008 0009 0006 0007 0008 0009 0006 0007 0008 001D 001E 0015 0008 001F
0004 0012 0007 0008 0013 0002 0002 0002 0002 0002 0002 0002 0002 0014 0015 0008 0009 0006 0007 0008 0009 0006 0017 000E 000F 0010 000D 0016 0005 0006 0007 0008
0004 0005 0006 0007 0008 0009 0006 0007 0008 0009 0006 0007 0008 0009 0006 0007 0008 0009 0006 0007 0008 0009 0020 0001 0002 0002 0002 0021 000A 0009 0006 0007
0016 000A 0009 0006 0007 0008 0009 0006 0007 0008 0009 0006 0007 0008 0009 0006 0007 0008 0009 0006 0007 0008 0004 0012 0007 0008 0009 0004 0022 0011 0009 000C
0021 000B 0008 0009 000C 000D 000E 000F 0010 000D 000E 000F 0010 000D 0011 0009 0006 0007 0008 0009 0006 0007 0004 0005 0006 0007 0008 0023 0024 0015 0008 0013
0004 0012 0007 0008 0013 0002 0002 0002 0002 0002 0002 0002 0002 0014 0015 0008 0009 0006 0007 0008 0009 0006 0004 000A 0009 0006 0017 0025 0026 0006 0007 0008
0004 0005 0006 0007 0008 0009 0006 0007 0008 0009 0006 0007 0008 0009 0006 0007 0008 0009 0006 0007 0008 0009 0027 0028 0011 0029 002A 0015 0008 0009 000C 002B
0004 000A 0009 0006 0007 0008 0009 0006 0007 0008 0009 0006 0007 0008 0009 0006 0007 0008 0009 0006 0007 0008 0009 002C 0028 002A 0026 0006 0007 002D 002E 0012
0004 0022 000E 000F 0010 000D 000E 000F 0010 000D 000E 000F 0010 000D 000E 000F 002F 0007 0008 0009 0006 0007 0008 0029 002A 0015 0008 0009 000C 0030 0019 0005
0023 0001 0002 0002 0002 0002 0002 0002 0002 0002 0002 0002 0002 0002 0031 001B 0032 0010 000D 000E 000F 0010 000D 002A 0026 0006 0007 002D 0030 0033 001E 0034
0004 0005 0006 0007 0008 0009 0006 0007 0008 0009 0006 0007 0008 0009 001D 0035 0002 0002 0002 0002 0002 0002 0014 0015 0008 0009 0006 001A 0033 001E 0036 0007
0004 000A 0009 0006 0007 0008 0009 0006 0007 0008 0009 0006 0007 0008 0004 0012 0007 0008 0009 0006 0007 0008 0009 0006 0007 0008 0009 001D 001E 0034 0009 0006
0004 000B 0008 0009 0006 0007 0008 0009 0006 0007 0008 0009 0006 0007 0004 0005 0006 0007 0008 0029 0010 000D 000E 0018 0006 0007 0008 0027 0036 0007 0008 0009
0004 0012 0007 0008 0009 0006 0007 0008 0009 0006 0007 0008 0009 0006 0004 000A 0009 0006 0017 0037 0002 0002 0014 0034 0009 0006 0007 0008 0009 0006 0007 0008
0004 0005 0006 0007 0008 0009 0006 0007 0008 0029 0010 000D 000E 000F 0016 000B 0008 0009 0038 000B 0008 0009 0006 0007 0008 0009 0006 0007 002D 0018 0006 0007
0004 000A 0009 0006 0007 0008 0009 0006 0007 0020 0001 0002 0002 0002 0039 0012 0007 0008 003A 0036 0007 0008 0009 000C 000D 000E 000F 0010 002E 000A 0009 0006
0004 000B 0008 0009 0006 0007 0008 0009 0006 0004 000A 0009 0006 0007 0004 0005 0006 0007 0008 0009 0006 0007 0008 0013 0002 0002 0002 0002 0021 000B 0008 0009
0004 0012 0007 0008 0009 0006 0007 0008 0009 0004 0022 000E 000F 0010 0016 000A 0009 0006 0017 0011 0009 0006 0007 0008 0009 0006 0007 0008 0027 0036 0007 0008
0004 0005 0006 0007 0008 0009 0006 0007 0008 0023 0001 0002 0002 0002 0021 000B 0008 0009 0038 000B 0008 0009 0006 0007 0008 0009 0006 0007 0008 0009 0006 0007
0004 000A 0009 0006 0007 0008 0009 0006 0007 0004 0005 0006 0007 003B 0004 0012 0007 0008 0004 0012 0007 0008 0009 0006 0007 0008 0009 0006 0007 0008 0009 0006
0016 0022 000E 000F 0010 000D 000E 000F 0010 0016 003C 000F 0010 000D 0016 0032 0010 000D 0016 0032 0010 000D 000E 000F 0010 000D 000E 000F 0010 000D 000E 000F
