ATARI GAUNTLET PLAYFIELD 16X16 TILEMAP
SOURCE: level-086-playfield.png
GRID: 32 X 32
TILE_SIZE: 16 X 16
UNIQUE_TILES: 57

0000 0000 0000 0000 0000 0000 0000 0000 0000 0000 0000 0000 0000 0000 0001 0002 0000 0000 0000 0000 0001 0002 0003 0001 0002 0000 0000 0004 0002 0001 0002 0000
0005 0006 0007 0008 0009 000A 000B 0008 0009 000A 000B 0008 0009 000A 000C 000D 0005 000E 000B 0008 000C 000F 0010 0011 0012 0006 0010 0013 0014 000C 0015 0016
0017 0018 0019 0000 0000 0000 0000 0000 0000 0000 0000 0000 0000 001A 001B 001C 0016 0019 0000 001A 000D 0005 0006 0011 001D 0005 0006 0010 001E 0012 0006 0010
001F 000D 0020 000A 000B 0008 0009 000A 000B 0008 0009 000A 000B 0008 001F 000F 0010 0016 0005 0006 0010 0016 0005 0013 0021 0022 0005 0006 0013 0023 0018 000E
000F 0010 0019 0000 0000 0000 0000 0000 0000 0000 0000 0000 0000 001A 0023 0018 0006 0010 0016 0005 0006 0010 0017 0009 001F 0021 0008 0018 000E 001F 0023 001F
0005 0006 0007 0008 0009 000A 000B 0008 0009 000A 000B 0008 0009 000A 001F 000D 0005 0006 0010 0016 0005 000E 0024 001A 0025 0019 001A 0023 0026 0027 001F 000D
0016 0005 0028 0002 0000 0000 0000 0000 0000 0000 0000 0000 0000 001A 000F 0010 0016 0005 000E 000B 0008 001F 000F 0010 0016 0005 0006 0019 0029 002A 0027 001C
000B 0022 0011 002B 0010 0016 0005 000E 000B 0008 0009 000A 000B 0008 0018 0006 0010 0017 0024 0000 001A 000D 0005 000E 000B 0008 0018 0006 002C 002D 001A 001B
001A 0015 0011 0012 0006 0007 0008 0024 0000 0000 0000 0000 0000 001A 0023 0018 000E 001F 000D 0005 0006 0007 0008 0024 0000 001A 0023 0018 0006 0010 0016 0019
0005 0006 0011 001D 0020 0024 001A 000D 0005 0006 0007 0022 0005 000E 001F 000D 001E 002B 0010 0016 0020 0024 001A 000D 0005 0006 002E 0023 0018 0006 0010 0016
0022 0005 0011 002F 001E 0012 0006 0010 0017 0018 001E 002F 0016 001E 002B 0007 000C 0025 0006 0007 001F 0025 0006 0007 0008 0018 0006 001E 001D 0005 0006 0007
002F 0016 0011 002B 0013 0023 0009 000A 001F 0023 000C 000F 0007 000C 0025 001E 002F 0016 0005 001E 002F 0016 0020 0024 001A 0023 0009 000C 0021 0022 0005 001E
002B 0010 0013 0030 0031 0019 0000 001A 000F 002E 000D 0005 001E 002F 0016 0013 001B 001C 0016 0011 002B 0007 001F 0025 000E 0024 001A 0025 002E 0021 0008 0032
0030 0031 0010 001E 0012 0006 0010 0017 0018 000E 000B 0008 000C 000F 0010 0016 002E 001B 000B 000C 0025 001E 002F 0016 002E 001B 001C 0016 0005 0019 0000 0033
002E 0025 0006 0013 0023 0018 000E 001F 0023 0024 0000 001A 000D 0005 0006 0010 0016 0019 0034 002F 0016 0011 002B 0010 0016 001E 002B 0010 0016 0005 0006 0010
0010 0016 0005 0006 002E 0023 001F 000F 002E 000D 0005 0006 0010 0016 0005 0006 0010 0016 0013 001B 000B 000C 0025 0006 0010 0013 0030 0031 0010 0016 0005 0006
0006 0010 0016 0005 0006 002E 0023 0018 0006 0010 0016 0005 0006 0010 0016 0005 0006 0010 0016 0019 0034 002F 0017 0018 0006 0010 002E 0030 0031 0010 0016 0005
0005 0006 0010 0016 0005 0006 002E 0023 0018 0006 0010 0016 0020 0031 0010 0016 0005 0006 0007 0008 0032 002B 002E 0023 0018 0006 0010 001E 0012 0006 0010 0016
0016 0005 0006 0010 0016 0005 0006 001E 001D 0005 0006 0010 002E 0025 0006 0010 0016 0020 0024 0000 0033 0030 0031 002E 0023 0018 0006 0011 001D 0005 0006 0010
0010 0016 0005 0006 0010 0016 0020 000C 0015 0016 0005 000E 001C 0016 0005 0006 0007 001F 0025 0006 0010 001E 0012 0006 002E 000D 0020 000C 0015 0016 0005 0006
0006 0010 0016 0005 0006 0010 001E 0012 0006 0010 0016 002E 000F 0010 0016 0005 001E 002F 0016 0005 0006 0013 0023 0018 0006 0010 001E 0012 0006 0010 0016 0005
0009 0031 0010 0016 0005 0006 0011 001D 0005 0006 0010 0016 0005 000E 001C 0016 0011 002B 0010 0016 0005 000E 001F 000D 0005 0006 0011 0035 0009 000A 000B 0008
0036 0025 0006 0010 0016 0020 000C 0021 0022 0005 0006 0010 0016 002E 000F 0010 0011 0012 0006 0010 0016 001E 002B 0010 0016 0005 0037 0000 0000 0000 0000 0001
002F 0016 0005 0006 0010 002E 0030 001F 0021 0022 0005 0006 0010 0016 0005 0006 0011 001D 0005 0006 0010 0013 0030 0031 0010 0016 0005 0006 0010 0016 0005 0011
000F 0010 0016 0005 0006 0007 001F 0025 002E 0021 0022 0005 0006 0010 0017 0009 000C 0015 0016 0005 0006 0010 002E 0025 0006 0010 0016 0005 000E 001C 0016 0013
0005 0006 0010 0016 0005 002E 0021 0022 0020 001F 0015 0016 0005 000E 0024 001A 0025 0006 0010 0016 0005 0006 0010 0016 0005 0006 0010 0016 001E 002B 0010 0016
0016 0005 0006 0010 0016 0005 002E 0021 001F 0025 0006 0010 0017 001F 000F 0010 0016 0005 0006 0010 0016 0005 000E 001C 0016 0005 0006 0010 0013 0030 000A 001C
0010 0016 0005 0006 0010 0016 0005 002E 0015 0016 0005 0006 001E 001D 0005 0006 0010 0016 0005 0006 0010 0016 001E 002B 0010 0016 0005 0006 0010 0019 001A 000F
0006 0010 0016 0005 0006 0010 0016 0005 0006 0010 0016 0005 0011 002F 0016 0005 0006 0010 0016 0005 0006 0010 0011 0012 0006 0010 0016 0020 000A 000B 0022 0005
0005 0006 0010 0016 0005 0006 0010 0016 0005 0006 0010 0016 0013 001B 001C 0016 0005 0006 0010 0016 0005 0006 0011 001D 0005 0006 0010 0028 0002 001A 0015 0016
0016 0005 0006 0010 0016 0005 0006 0010 0016 0005 0006 0010 0016 002E 000F 0010 0016 0005 0006 0010 0016 0005 0011 002F 0016 0005 0006 0011 001D 0005 0006 0010
000B 0008 0009 000A 000B 0008 0009 000A 000B 0008 0009 000A 000B 0008 0009 000A 000B 0008 0009 000A 000B 0008 0032 0027 000B 0008 0009 0032 0038 0008 0009 000A
