ATARI GAUNTLET PLAYFIELD 16X16 TILEMAP
SOURCE: level-045-playfield.png
GRID: 32 X 32
TILE_SIZE: 16 X 16
UNIQUE_TILES: 72

0000 0001 0002 0002 0002 0002 0002 0003 0002 0002 0004 0001 0002 0002 0002 0002 0002 0002 0002 0002 0002 0000 0001 0002 0002 0004 0001 0002 0002 0002 0002 0002
0005 0006 0007 0008 0009 000A 0007 0008 0009 000A 0005 000B 0009 000A 0007 0008 0009 000A 0007 0008 0009 000C 000D 000E 000F 0010 0011 0008 0009 000A 0007 0008
0005 0012 000A 0007 0008 0009 000A 0007 0008 0009 0005 0013 0008 0009 0014 0015 0016 0017 0018 0019 0008 0009 001A 000D 001B 001C 000A 0007 0008 000F 001D 0007
0005 000B 0009 0014 0015 000E 0009 000A 0007 0008 0005 0006 0007 0008 001E 0001 0002 001F 0020 0021 0007 0008 000F 001F 0011 0008 0009 000A 0022 001B 001C 000A
0005 0013 0008 001F 0023 000D 000E 0009 000A 0007 0005 0012 000A 0007 0005 0012 000A 0007 0008 0009 000A 0022 001B 001C 000A 0007 0008 000F 001B 0011 0008 0009
0005 0006 0007 0008 0009 001A 000D 000E 0009 000A 0005 000B 000F 0018 0024 000B 000F 0018 0015 0016 0017 0025 0026 0016 0017 0018 0015 001B 001C 000A 0007 0008
0005 0012 000A 0007 0008 0009 001A 000D 000E 000F 0010 0011 001E 0001 0027 0013 001E 001F 0020 0002 0002 0003 0002 0002 0002 0002 0028 0013 0008 0009 000A 0007
0024 000B 0009 000A 0007 0008 0009 001A 000D 001B 001C 000A 0005 000B 0005 0006 0005 0029 0017 0018 0015 0016 0017 0018 0019 0008 0005 0006 0007 0008 0009 0014
002A 0013 0008 0009 000A 0007 0008 000F 001B 0011 0008 000F 0010 0011 0005 0012 002B 0002 0002 0002 0002 0002 0002 0020 0006 0007 0020 0012 000A 0007 0008 001F
002C 002D 0015 0016 002E 000A 0022 001B 001C 000A 0022 001B 001C 000A 0005 0029 0017 0018 0015 0016 0017 001D 0022 001F 001C 0014 001F 002F 0009 0014 0015 0030
0031 0001 0002 001F 002F 0009 001F 0013 0008 000F 001B 0011 0008 000F 0032 0004 0001 0002 001F 0004 0033 0034 001B 0011 0035 001B 0021 0007 0035 0036 0002 0037
0005 000B 0009 0014 0019 0008 0005 0006 0022 001B 001C 000A 0022 001B 001C 000C 000D 0016 002E 000C 000D 0025 0012 0014 001B 002F 0009 0014 001B 002F 0009 000A
0005 0013 0035 001B 0021 0007 0005 0012 0038 0013 0008 000F 001B 0011 0008 0009 0039 0023 003A 002E 0039 0027 000B 0038 0006 0007 0035 001B 0021 0007 0008 0009
0005 0006 001A 002F 0009 000A 0005 000B 0005 0006 0022 001B 001C 0014 0015 0016 0017 001D 001F 003A 002E 0005 0013 0005 003B 0018 001B 002F 0009 0014 0019 0008
0005 0012 000A 0007 0035 0017 0024 0026 0024 0012 0038 0013 0035 0036 0002 0002 0023 0034 001D 001A 003A 0024 0006 002B 0002 0028 0006 0007 0008 0038 0006 0007
0005 000B 0009 0014 0036 0002 0003 0004 003C 002F 0005 002D 001B 002F 0009 0014 0015 0025 0012 000A 0039 0027 0012 000A 0007 0005 0012 000A 0007 0005 0012 000A
0005 0013 0008 0038 0006 0007 0008 0005 0006 0007 003D 0033 0021 0007 0035 003E 0001 003F 002F 0009 0014 0010 002F 0009 000A 0005 000B 0009 000A 0005 000B 0009
0005 0006 0007 000C 001C 0014 0019 0005 0012 000A 0005 0029 002E 000A 001E 003C 001C 000A 0007 0035 001B 0021 0007 0008 0009 0005 0013 0008 000F 0010 0011 0008
0005 0012 000A 0007 0008 0038 0006 000C 003A 002E 0040 001F 000B 0009 001F 0013 0008 000F 0018 001B 002F 0009 000A 0007 0008 0005 0006 0007 0038 0012 000A 0007
0005 000B 0009 000A 0007 0005 0012 000A 0038 000B 0041 0042 0011 0008 0005 0006 0007 0039 0023 0021 0007 0008 0009 000A 0007 0005 0012 000A 0005 000B 0009 000A
0005 0013 0008 0009 0014 0024 0029 002E 0005 0013 0005 0043 0018 0015 0024 003B 0018 0015 0016 0017 0018 0015 0016 0017 0018 0024 0029 0017 0010 0011 0008 0009
0005 0006 0007 0008 001E 0044 0028 000B 0005 0006 003D 0001 0002 0002 0003 0002 0002 0002 0002 0002 0002 0002 0002 0004 0001 0000 0001 0023 001C 000A 0007 0008
0005 0012 000A 0007 0005 0012 0005 0013 0005 003B 0024 0013 0035 0017 0018 0015 0016 0017 0018 0015 0045 0017 0018 0024 000B 0005 0006 0007 0008 0009 000A 0007
0005 000B 0009 000A 0005 000B 0005 0006 002B 0002 003F 0021 0039 0002 0002 0002 0002 0002 0002 0002 0002 0002 0002 003F 0011 0005 0012 000A 0022 000E 0009 000A
0005 0013 0008 0009 0005 0013 000C 0034 0018 0015 0016 0017 0018 0015 0016 0017 0018 0015 0016 0017 0018 0015 0016 0017 0018 0024 000B 0009 001A 000D 000E 0009
0005 0006 0007 0035 0010 0021 0007 001E 0001 0002 0002 0002 0002 0002 0002 0002 0002 0002 0002 0002 0002 0004 0001 0002 0002 003F 0011 0008 0009 001A 0011 0008
0005 0012 000A 0030 000B 0009 000A 001F 000B 0009 000A 0007 0008 0009 000A 0007 0008 0009 000A 0007 0008 0005 0046 0007 0008 0009 000A 0007 0008 0009 000A 0007
0005 000B 0009 0020 0013 0008 0009 0030 0013 0008 0009 000A 0007 0008 0009 000A 0022 0016 0017 0018 0015 0024 0012 000A 0022 000E 0009 000A 0022 000E 0009 000A
0005 0013 0008 001F 0021 0007 0008 0020 0006 0007 0008 000F 0018 0015 0016 0017 0036 0002 0002 0002 0002 0027 000B 0009 001A 000D 000E 0009 001A 000D 000E 0009
0005 0006 0007 0008 0009 000A 0007 0005 0012 000A 0007 0039 0002 0002 0002 0023 001C 000A 0007 0008 0009 0005 0013 0008 0009 001A 0011 0008 0009 001A 0011 0008
0005 0012 000A 0007 0008 0009 000A 0005 000B 0009 000A 0007 0008 0009 000A 0007 0008 0009 000A 0007 0008 0005 0006 0007 0008 0009 000A 0007 0008 0009 000A 0007
0024 0029 0017 0018 0015 0016 0047 0024 0026 0016 0017 0018 0015 0016 0017 0018 0015 0016 0017 0018 0015 0024 003B 0018 0015 0016 0017 0018 0015 0016 0017 0018
