ATARI GAUNTLET MOTION OBJECT 16X16 TILEMAP
SOURCE: level-088.png
GRID: 32 X 32
TILE_SIZE: 16 X 16
ATLAS_TILES: 992
UNIQUE_PIXEL_TILES: 163
CONNECTED_OBJECT_GROUPS: 23

0020 0021 0000 0000 0000 0000 0000 0000 0000 0000 0000 0000 0000 0000 0000 0000 0000 0000 0000 0000 0000 0000 0000 0000 0000 0000 0000 0000 0000 0000 0000 002B
0040 0041 0042 0000 0000 0000 0000 0000 0000 0000 0000 0000 0000 0000 0000 0000 0000 0000 0000 0000 0000 0000 0000 0000 0000 0000 0046 0047 0048 0049 004A 004B
0060 0061 0062 0063 0064 0000 0000 0000 0000 0000 002C 002D 002E 0000 0000 0000 0000 0000 0000 0000 0000 0000 0000 0000 0000 0000 0000 0000 0068 0069 006A 0000
0080 0081 0082 0083 0084 0085 0000 0000 0000 0000 004C 004D 004E 0000 0000 0000 0000 0000 0000 0000 0000 0000 0000 0000 0000 0000 0086 0087 0088 0000 0000 0000
0000 0000 0000 0000 0000 0000 0000 0000 0000 0000 0000 0000 0000 0000 0000 0000 0000 0000 0000 0000 0000 0000 0000 0000 0000 0000 0000 0000 0000 0000 0000 0000
0000 0000 0000 0000 0000 0000 0000 0000 0000 0000 0000 0000 0000 0000 0000 0000 0000 0000 0000 0000 002F 0000 0000 0000 0000 0000 0000 0000 0031 0000 0000 0000
0000 0000 0000 0000 0000 0000 0000 0000 0000 0000 0000 0000 0000 0000 0000 0000 0000 0000 0000 0000 004F 0000 0000 0035 0036 0037 0000 0000 0051 0000 0053 0054
0038 0000 0000 0000 0000 0000 0000 0000 0000 0000 0000 0000 0000 0000 0000 0000 0000 0000 0000 0000 006F 0000 0000 0055 0056 0057 0000 0000 0071 0072 0073 0074
0058 0000 0000 0000 0000 0000 0000 0000 0000 0000 0000 00C1 00C2 0000 00C4 00C5 00C6 0000 00C8 0000 0000 0000 0000 0000 0000 0000 0000 0090 0091 0092 0093 0094
0000 0000 0000 0000 0000 0000 0000 0000 0000 0000 00E0 00E1 00E2 00E3 00E4 00E5 00E6 0000 00E8 0000 0000 0000 0000 0000 0000 0000 0000 00B0 00B1 00B2 0000 0000
0000 0000 0000 0000 0000 0000 0000 0000 0000 0000 0100 0101 0102 0000 0000 0105 0106 0000 0108 0000 0000 0000 0000 0000 0000 0000 0000 0000 0000 0000 0000 0000
0000 0000 0000 0000 0000 0000 0000 0000 0000 0000 0000 0000 0000 0000 0124 0125 0000 0127 0128 0000 0000 0000 0000 0000 0000 0000 0000 0000 0000 0000 0000 0000
0000 00D4 00D5 00D6 0000 0000 0000 0000 0000 0000 0000 0000 0000 0143 0144 0000 0000 0000 0148 0000 0000 0000 0000 0000 0000 0000 0000 0000 0000 0000 0000 0000
0000 00F4 00F5 00F6 0000 0000 00D7 00D8 00D9 0000 0000 0000 0000 0000 0000 0000 0000 0000 0168 0169 016A 016B 016C 016D 016E 016F 0170 0171 0172 0173 0000 0000
0000 0000 0000 0000 0000 0000 00F7 00F8 00F9 0000 0000 0000 0000 0000 0000 0000 0000 0000 0188 0000 0000 0000 0000 0000 0000 0000 0000 0000 0000 0000 0000 0000
00DD 0000 0000 0000 0000 0000 0000 0000 0000 011A 011B 011C 0000 0000 0000 0000 0000 0000 01A8 01A9 01AA 0000 0000 0000 0300 0301 0302 0000 0000 0303 0304 0305
00FD 0000 0000 0000 0000 0000 0000 0000 0000 0000 0000 0000 0000 0000 0000 0000 0000 0000 01C8 01C9 01CA 0000 0000 0000 0320 0321 0322 0000 0000 0323 0324 0325
0000 0000 0000 0000 0000 0000 0000 0000 0000 0000 0000 0000 0000 0000 0306 0307 0308 0000 01E8 0000 0000 0000 0000 0000 0000 0000 0000 0000 0000 0000 0000 0000
0000 0000 0000 0000 0000 0000 0309 030A 030B 030C 030D 030E 030F 0000 0000 0000 0000 0000 0208 0000 0000 0000 0000 0000 0000 0000 0000 0000 0000 0000 0000 0000
0310 0000 0000 0000 0000 0000 0000 0000 0000 0000 0000 0000 0000 0000 0000 0000 0000 0000 0228 0229 0000 0000 0000 0000 0000 0000 0000 0000 0000 0311 0312 0313
0330 0000 0000 0000 0000 0000 0000 0000 0000 0000 0000 0000 0000 0000 0244 0245 0000 0247 0248 0000 0000 0000 0000 0000 0000 0000 0000 0000 0000 0331 0332 0333
0000 0000 0000 0000 0000 0000 0000 0000 0000 0000 0000 0000 0000 0263 0264 0265 0266 0000 0268 0000 0000 0000 0000 0000 0000 0000 0000 0000 0000 0000 0000 0000
0000 0000 0000 0000 0000 0000 0000 0000 0000 0000 0000 0000 0000 0000 0284 0285 0286 0287 0288 0000 0000 0000 0000 0000 0000 0000 0000 0000 0000 0000 0000 0000
0000 0000 0000 0000 0000 0000 0000 0000 0000 0000 0000 02A1 02A2 02A3 02A4 02A5 02A6 02A7 02A8 0000 0000 0000 0314 0000 0000 0000 0000 0000 0000 0000 0000 0000
0315 0316 0317 0318 0319 0000 0000 0000 0000 0000 0000 0000 0000 02C3 02C4 02C5 02C6 02C7 02C8 0000 0000 0000 0000 0000 0000 0000 0000 0000 0000 0000 0000 0000
0335 0336 0337 0338 0339 033A 0000 0000 0000 0000 0000 0000 0000 0000 0000 0000 0000 0000 02E8 0000 0000 0000 0000 0000 0000 0000 0000 0000 0000 031B 031C 031D
0355 0000 0000 0000 0000 0000 0000 0000 0000 0000 0000 0000 0000 0000 0000 0000 0000 0000 0000 0000 0000 0000 0000 0000 0000 0000 0000 0000 0000 033B 033C 033D
0375 0000 0000 0000 0000 0000 0000 0000 0000 0000 0000 0000 0000 0000 0000 0000 0000 0000 0000 0000 0000 0000 0000 0000 0000 0380 0381 0382 0000 0000 035C 035D
0000 0000 0000 0000 0000 0000 0000 0000 0000 0000 0000 0000 0000 0000 0000 0000 0000 0000 0000 0000 0000 0000 0000 0000 0000 0000 0000 0000 0000 0000 0000 0000
0000 0000 0385 0386 0000 0000 0000 0000 0000 0000 0000 0000 0000 0000 0000 0000 0000 0000 0000 0000 0000 0000 0000 0000 0000 0000 0000 0000 0000 0000 0000 0000
03A3 03A4 03A5 03A6 0000 03A8 03A9 0000 0000 0000 0000 0000 0000 0000 0000 0000 0000 0000 0000 0000 0000 0000 0000 0000 0000 0000 0000 0000 0000 0000 038A 038B
03C3 03C4 03C5 0000 03C7 03C8 03C9 0000 0000 0000 0000 0000 0000 0000 0000 0000 0000 0000 0000 0000 0000 0000 0000 0000 0000 0000 0000 0000 0000 0000 03AA 03AB
