ATARI GAUNTLET MOTION OBJECT 16X16 TILEMAP
SOURCE: level-014.png
GRID: 32 X 32
TILE_SIZE: 16 X 16
ATLAS_TILES: 1248
UNIQUE_PIXEL_TILES: 263
CONNECTED_OBJECT_GROUPS: 8

0020 0000 0000 0000 0000 0000 0000 0000 0000 0000 0000 0000 0000 0000 0000 0000 0000 0000 0000 0000 0074 0075 0076 0077 0078 0079 0000 0000 0000 0460 0461 0462
0040 0000 0463 0000 0000 0000 0086 0000 0000 0000 0000 0000 0000 008D 008E 0000 0000 0000 0000 0093 0094 0095 0096 0097 0098 0099 0000 0000 0000 0480 0481 0482
0000 0000 0000 0484 0000 0000 00A6 0000 0000 0000 0000 0000 0000 0000 00AE 0000 0000 0000 0000 00B3 00B4 00B5 00B6 00B7 00B8 00B9 0000 0000 0000 0000 0000 0000
0000 0000 0000 04A4 04A5 0000 00C6 0000 0000 0000 0000 0000 0000 0000 00CE 0000 0000 0000 0000 00D3 00D4 00D5 00D6 00D7 00D8 00D9 0000 0000 0000 00DD 0000 0000
0466 0467 0000 0000 0000 0000 00E6 0000 0000 0000 0000 00EB 00EC 00ED 00EE 00EF 00F0 00F1 00F2 00F3 00F4 00F5 00F6 00F7 00F8 00F9 00FA 00FB 00FC 00FD 00FE 00FF
0000 0000 0000 0000 0000 0105 0106 0000 0000 0000 0000 010B 0000 0000 0000 010F 0110 0111 0000 0000 0114 0115 0000 0000 0118 0119 0000 0000 0000 011D 0000 0000
0000 0121 0122 0123 0124 0125 0126 0000 0000 0000 012A 012B 0000 0000 0000 0000 0000 0131 0000 0000 0000 0135 0000 0000 0000 0139 013A 0000 0000 013D 0000 0000
0000 0000 0000 0000 0000 0000 0000 0147 0148 0149 014A 014B 014C 014D 0000 0000 0000 0151 0000 0000 0000 0155 0000 0000 0000 0159 0000 015B 0000 015D 0000 0000
0468 0000 0000 0000 0000 0000 0000 0000 0168 0000 0000 016B 016C 016D 0000 0000 0170 0171 0000 0000 0000 0175 0000 0000 0000 0179 0000 0000 0000 017D 017E 017F
0488 0000 0000 0000 0000 0000 0000 0187 0188 0000 018A 018B 018C 018D 018E 018F 0190 0191 0192 0000 0000 0195 0000 0000 0000 0199 0000 0000 0000 019D 019E 019F
04A8 0000 01A2 01A3 01A4 01A5 01A6 01A7 01A8 0000 0000 0000 0000 0000 01AE 01AF 01B0 0000 0000 0000 0000 01B5 01B6 01B7 01B8 01B9 0000 0000 0000 01BD 01BE 01BF
04C8 0000 0000 01C3 0000 0000 01C6 01C7 01C8 0000 0000 0000 0000 0000 01CE 01CF 01D0 01D1 01D2 01D3 01D4 01D5 0000 01D7 01D8 01D9 0000 0469 0000 01DD 01DE 01DF
0000 0000 0000 01E3 0000 0000 0000 0000 01E8 0000 0000 0000 0000 0000 0000 01EF 01F0 01F1 01F2 01F3 01F4 01F5 0000 0000 0000 0000 0000 0000 0000 01FD 0000 0000
0200 0201 0202 0203 0204 0000 0000 0000 0208 0000 0000 0000 0000 0000 0000 0000 0210 0211 0212 0000 0000 0215 0000 0000 0000 0219 021A 021B 021C 021D 0000 0000
0220 0221 0222 0000 0000 0000 0000 0000 0228 0000 0000 022B 022C 022D 022E 022F 0230 0231 0000 0000 0000 0235 0000 0000 0238 0239 023A 0000 0000 023D 023E 023F
0240 0241 0242 0000 0000 0000 0000 0247 0248 0249 024A 024B 0000 0000 0000 024F 0250 0251 0000 0000 0000 0255 0000 0000 0258 0259 025A 0000 0000 025D 025E 025F
0260 0261 0262 0263 0264 0265 0266 0267 0000 0000 0000 026B 0000 0000 0000 026F 0270 0271 0000 0000 0274 0275 0276 0277 0278 0279 027A 027B 027C 027D 027E 027F
0000 0000 0000 0000 0000 0285 0286 0287 0000 0000 028A 028B 028C 028D 028E 028F 0290 0291 0292 0293 0294 0295 0296 0000 0000 0000 029A 0000 0000 0000 0000 0000
02A0 0000 0000 0000 0000 02A5 0000 0000 0000 0000 0000 0000 0000 02AD 02AE 02AF 0000 0000 0000 02B3 02B4 02B5 0000 0000 0000 0000 02BA 0000 0000 0000 02BE 02BF
02C0 0000 0000 0000 02C4 02C5 0000 0000 0000 0000 0000 0000 0000 0000 02CE 0000 0000 0000 0000 0000 0000 02D5 0000 0000 0000 0000 02DA 02DB 0000 0000 02DE 02DF
02E0 02E1 02E2 0000 0000 02E5 0000 0000 0000 02E9 02EA 02EB 02EC 02ED 02EE 0000 0000 0000 0000 0000 0000 02F5 02F6 02F7 02F8 02F9 02FA 0000 0000 0000 02FE 02FF
0300 0301 0302 0000 0000 0305 0000 0000 0000 0309 030A 0000 0000 0000 030E 0000 0000 0311 0312 0313 0000 0315 0316 0317 0000 0319 031A 0000 0000 0000 031E 031F
0320 0321 0322 0323 0324 0325 0000 0000 0000 0329 0000 0000 0000 0000 032E 0000 0000 0331 0332 0333 0000 0335 0000 0000 0000 0000 033A 033B 033C 033D 033E 033F
0000 0000 0000 0000 0000 0345 0000 0000 0000 0349 0000 0000 0000 034D 034E 034F 0350 0351 0352 0353 0000 0355 0000 0000 0000 0000 0000 0000 0000 0000 0000 0000
0000 0361 0362 0363 0364 0365 0366 0367 0368 0369 0000 0000 0000 036D 036E 036F 0000 0000 0372 0000 0000 0375 0000 0000 0000 0000 0000 0000 0000 0000 0000 0000
0380 0381 0382 0383 0384 0385 0386 0387 0388 0389 038A 038B 0000 0000 0000 0000 0000 0000 0392 0000 0000 0395 0396 0397 0398 0399 039A 039B 039C 0000 0000 0000
03A0 03A1 03A2 03A3 03A4 03A5 03A6 03A7 03A8 03A9 03AA 03AB 0000 0000 0000 0000 0000 0000 03B2 0000 0000 03B5 0000 0000 03B8 0000 0000 0000 03BC 03BD 03BE 03BF
0000 03C1 03C2 03C3 03C4 03C5 0000 0000 0000 03C9 0000 0000 0000 0000 0000 0000 0000 0000 03D2 0000 0000 03D5 0000 0000 03D8 0000 0000 0000 03DC 03DD 03DE 0000
0000 03E1 03E2 03E3 03E4 0000 0000 0000 0000 03E9 0000 0000 03EC 03ED 03EE 03EF 03F0 03F1 03F2 03F3 03F4 03F5 03F6 0000 03F8 0000 0000 0000 03FC 0000 0000 0000
0400 0401 0402 0403 0404 0000 0000 0000 0000 0000 0000 0000 040C 0000 0000 0000 0000 0000 0412 0000 0000 0000 0000 0000 0418 0000 0000 0000 041C 0000 0000 0000
0000 0000 0422 0423 0424 0425 0426 0427 0428 0429 042A 042B 042C 042D 042E 0000 0000 0000 0432 0000 0000 0000 0436 0437 0438 0439 043A 0000 043C 043D 043E 043F
0440 0441 0442 0443 0444 0445 0446 0447 0448 0449 044A 044B 044C 044D 044E 044F 0450 0000 0452 0000 046A 0000 0456 0457 0458 0459 045A 045B 045C 045D 045E 045F
