ATARI GAUNTLET MOTION OBJECT 16X16 TILEMAP
SOURCE: level-102.png
GRID: 32 X 32
TILE_SIZE: 16 X 16
ATLAS_TILES: 1216
UNIQUE_PIXEL_TILES: 136
CONNECTED_OBJECT_GROUPS: 5

0000 0000 0000 0000 0000 0000 0000 0000 0000 0000 0000 0000 0000 0000 0000 0000 0000 0000 0000 0000 0000 0000 0000 0000 0000 0000 0000 0000 0000 0000 0000 0000
0000 0000 0000 0000 0000 0000 0000 0000 0000 0000 002A 0000 0000 0000 0000 0000 0000 0000 0000 0000 0000 0000 0000 0000 0000 0000 0000 0000 0000 0000 003E 0000
0000 0041 0042 0043 0044 0045 0046 0047 0000 0000 004A 004B 004C 004D 004E 004F 0050 0051 0052 0053 0054 0055 0056 0057 0058 0059 005A 005B 005C 005D 005E 0000
0000 0000 0062 0000 0000 0000 0000 0000 0000 0000 006A 0000 0000 0000 006E 0000 0000 0000 0000 0000 0000 0000 0000 0000 0000 0000 0000 0000 0000 0000 007E 0000
0000 0000 0082 0000 0000 0000 0000 0000 0000 0000 008A 0000 0000 0000 008E 0000 0000 0000 0000 0000 0000 0000 0000 0000 0000 0099 009A 009B 0000 0000 009E 0000
0000 0000 00A2 0000 0000 0000 0000 0000 0000 0000 00AA 0000 0000 0000 00AE 0000 0000 0000 0000 0000 0000 0000 0000 0000 0000 00B9 00BA 00BB 0000 0000 00BE 0000
0000 0000 00C2 00C3 00C4 00C5 00C6 00C7 00C8 00C9 00CA 00CB 0000 0000 00CE 00CF 00D0 00D1 00D2 00D3 00D4 00D5 00D6 00D7 00D8 0000 00DA 00DB 00DC 00DD 00DE 0000
0000 0000 0000 0000 00E4 00E5 00E6 0000 0000 0000 0000 0000 0000 0000 00EE 0000 0000 0000 0000 0000 00F4 00F5 00F6 00F7 0000 0000 0000 00FB 0000 0000 0000 0000
0100 0101 0102 0000 0000 0000 0000 0000 0000 0000 0000 0000 0000 0000 010E 0000 0000 0000 0000 0000 0000 0000 0000 0117 0000 0000 0000 011B 0000 0000 0000 0000
0120 0121 0122 0000 0000 0000 0000 0000 0000 0000 0000 0000 0000 0000 012E 0000 0000 0000 0132 0000 0000 0135 0000 0137 0138 0139 013A 013B 0000 0000 0000 0000
0000 0141 0142 0143 0144 0145 0146 0147 0148 0149 014A 014B 014C 014D 014E 0000 0000 0000 0152 0153 0154 0155 0156 0157 0158 0159 015A 015B 015C 0000 0000 0000
0000 0000 0162 0163 0164 0000 0000 0000 0168 0169 016A 0000 0000 0000 0000 0000 0000 0000 0172 0000 0000 0175 0176 0177 0000 0179 017A 017B 0000 0000 0000 0000
0000 0000 0182 0000 0000 0000 0000 0000 0000 0000 0000 0000 0000 0000 0000 0000 0000 0000 0192 0000 0000 0000 0000 0000 0000 0000 0000 019B 0000 0000 0000 0000
0000 0000 01A2 0000 0000 0000 0000 0000 0000 0000 0000 0000 0000 0000 0000 0000 0000 0000 01B2 0000 0000 0000 0000 0000 0000 0000 0000 01BB 0000 0000 0000 0000
0000 0000 01C2 0000 0000 01C5 01C6 01C7 01C8 01C9 01CA 01CB 01CC 01CD 01CE 01CF 01D0 01D1 01D2 01D3 01D4 01D5 01D6 01D7 01D8 01D9 01DA 01DB 01DC 01DD 01DE 01DF
0000 01E1 01E2 01E3 0000 01E5 01E6 01E7 0000 0000 0000 0000 0000 0000 0000 0000 0000 0000 0000 0000 0000 0000 0000 0000 0000 0000 0000 0000 0000 0000 01FE 0000
0000 0000 0202 0000 0000 0205 0206 0000 0208 0209 020A 0000 0000 0000 0000 0000 0000 0000 0000 0000 0000 0000 0000 0000 0218 0219 021A 0000 0000 0000 021E 0000
0000 0000 0222 0000 0000 0000 0226 0000 0228 0229 022A 0000 0000 0000 0000 0000 0000 0000 0000 0000 0000 0000 0000 0000 0238 0239 023A 0000 0000 0000 023E 0000
0000 0000 0242 0243 0244 0245 0246 0000 0000 0249 024A 024B 024C 024D 024E 024F 0250 0251 0252 0253 0254 0255 0256 0257 0258 0259 025A 025B 025C 025D 025E 0000
0000 0000 0262 0263 0264 0000 0266 0000 0000 0000 026A 026B 026C 0000 0000 0000 0000 0000 0000 0000 0000 0000 0000 0000 0278 0279 027A 0000 0000 0000 0000 0000
0400 0000 0000 0000 0000 0285 0286 0000 0000 0000 028A 0000 0000 0000 0000 0000 0000 0000 0000 0000 0000 0000 0000 0000 0000 0000 029A 029B 029C 0000 029E 029F
0420 0000 02A2 0000 02A4 02A5 02A6 0000 0000 0000 02AA 0000 0000 0000 0000 0000 0000 0000 0000 0000 0000 0000 0000 0401 0000 0000 02BA 02BB 02BC 0000 02BE 02BF
0000 0000 02C2 0000 0000 0000 02C6 0000 0000 0000 02CA 0000 0000 02CD 02CE 02CF 02D0 02D1 02D2 02D3 0000 02D5 0000 0421 0000 0000 02DA 02DB 02DC 02DD 02DE 02DF
0000 0000 02E2 0000 0000 0000 02E6 0000 0000 0000 02EA 0000 0000 0000 02EE 02EF 02F0 0000 02F2 0000 0000 02F5 0000 0441 0000 0000 0000 0000 02FC 02FD 02FE 0000
0000 0000 0302 0000 0000 0000 0306 0000 0000 0000 030A 0000 0000 0000 030E 030F 0310 0000 0312 0000 0000 0315 0000 0461 0000 0000 0000 0000 0000 0000 031E 0000
0000 0000 0322 0000 0000 0000 0326 0000 0000 0000 032A 032B 032C 0000 032E 0000 0000 0000 0332 0000 0000 0335 0000 0481 0000 0000 0000 0402 0000 0000 033E 0000
0000 0000 0342 0000 0000 0000 0346 0347 0348 0349 034A 034B 034C 0000 034E 0000 0000 0000 0352 0000 0000 0355 0000 04A1 0000 0000 0000 0422 0423 0000 035E 0000
0000 0000 0362 0000 0000 0000 0000 0000 0000 0000 036A 0000 0000 0000 036E 0000 0000 0000 0372 0000 0000 0375 0000 0000 0000 0000 0000 0000 0000 0000 037E 0000
0000 0000 0382 0000 0000 0000 0000 0000 0000 0000 038A 0000 0000 0000 038E 0000 0000 0000 0392 0000 0000 0000 0396 0397 0398 0000 0000 0000 039C 039D 039E 0000
0000 0000 03A2 0000 0000 0000 0000 0000 0000 0000 03AA 0000 0000 0000 03AE 0000 0000 0000 03B2 0000 0000 0000 03B6 03B7 03B8 0000 0000 03BB 03BC 03BD 03BE 0000
0404 0000 03C2 03C3 03C4 03C5 03C6 03C7 03C8 03C9 03CA 03CB 03CC 03CD 03CE 03CF 0000 03D1 03D2 03D3 03D4 03D5 03D6 03D7 03D8 03D9 03DA 03DB 03DC 03DD 03DE 03DF
0424 0000 0000 0000 0000 0000 0000 0000 0000 0000 0000 0000 0000 0000 0000 0000 0000 0000 0000 0000 0000 0000 0000 0000 0000 0000 0000 0000 0000 0000 03FE 03FF
