ATARI GAUNTLET PLAYFIELD 16X16 TILEMAP
SOURCE: level-067-playfield.png
GRID: 32 X 32
TILE_SIZE: 16 X 16
UNIQUE_TILES: 46

0000 0001 0002 0002 0002 0002 0002 0002 0002 0002 0002 0002 0002 0002 0002 0002 0003 0002 0002 0002 0002 0002 0002 0002 0002 0002 0002 0002 0002 0002 0002 0002
0004 0005 0006 0007 0008 0009 0006 0007 0008 0009 0006 0007 0008 0009 0006 0007 0008 0009 0006 0007 0008 0009 0006 0007 0008 0009 0006 0007 0008 0009 0006 0007
0004 000A 0009 0006 0007 0008 0009 0006 0007 0008 0009 0006 0007 0008 0009 0006 0007 0008 0009 0006 0007 0008 0009 0006 0007 0008 0009 0006 0007 0008 0009 0006
000B 000C 000D 000E 000F 0010 0011 000E 000F 0010 0011 000E 000F 0010 0011 000E 000F 0010 0011 000E 000F 0010 0011 000E 000F 0010 0011 000E 000F 0010 0011 000E
0012 0013 0014 0001 0002 0002 0002 0002 0002 0002 0002 0002 0002 0002 0002 0002 0015 0001 0002 0002 0002 0002 0002 0002 0002 0002 0002 0002 0002 0002 0015 0001
0004 0005 0004 000C 0008 0009 0006 0007 0008 0009 0006 0007 0008 0009 0006 0007 0016 0017 0006 0007 0008 0009 0006 0007 0008 0009 0006 0007 0008 0009 0004 000C
0004 000A 0004 0013 0007 0008 0009 0006 0007 0008 0009 0006 0007 0008 0009 0006 0007 0008 0009 0006 0007 0008 0009 0006 0007 0008 0009 0006 0007 0008 0004 0013
0004 000C 0004 0005 0018 0019 0008 0009 0018 0010 0011 000E 000F 0010 0011 000E 000F 0010 0011 000E 000F 0010 0011 000E 000F 0019 0008 0009 0018 0019 0004 0005
0004 0013 0004 000A 001A 0013 0007 0008 0014 0001 0002 0002 0002 0002 0002 0002 0015 0001 0002 0002 0002 0002 0002 0002 001B 0013 0007 0008 001A 0013 0004 000A
0004 0005 0004 000C 0004 0005 0006 0007 0004 0005 0006 0007 0008 0009 0006 0007 0016 0017 0006 0007 0008 0009 0006 0007 0004 0005 0006 0007 0004 0005 0004 000C
0004 000A 0004 0013 0004 000A 0009 0006 0004 000A 0009 0006 0007 0008 0009 0006 0007 0008 0009 0006 0007 0008 0009 0006 0004 000A 0009 0006 0004 000A 0004 0013
0004 000C 0004 0005 0004 000C 0008 0009 0004 000C 0008 0009 0018 0010 0011 001C 0006 0007 000D 000E 000F 0019 0008 0009 0004 000C 0008 0009 0004 000C 0004 0005
0004 0013 0004 000A 0004 0013 0007 0008 0004 0013 0007 0008 0014 0001 001D 001E 0009 0006 001F 0002 001B 0013 0007 0008 0004 0013 0007 0008 0004 0013 0004 000A
0004 0005 0004 000C 0004 0005 0006 0007 0004 0005 0006 0007 0004 0020 0006 0007 0008 0009 0006 0007 0004 0005 0006 0007 0004 0005 0006 0007 0004 0005 0004 000C
0004 000A 0004 0013 0004 000A 0009 0006 0004 000A 0009 0006 0016 001E 0009 0006 0007 0008 0009 0006 0016 001E 0009 0006 0004 000A 0009 0006 0004 000A 0004 0013
0004 0021 000B 0005 0004 0022 0011 000E 000B 0023 0024 0009 0006 0007 0008 0009 0006 0007 0008 0009 0006 0007 0008 0025 000B 000C 0008 0009 0004 000C 0004 0005
0026 0001 0027 001E 0026 0001 0002 0002 0003 001D 0028 0008 0009 0006 0007 0008 0009 0006 0007 0008 0009 0006 0007 001F 0012 0013 0007 0008 0004 0013 0004 000A
0004 0005 0006 0007 0004 0005 0006 0007 0008 0009 0006 0007 000D 001C 0006 0007 0008 0009 0006 0007 000D 001C 0006 0007 0004 0005 0006 0007 0004 0005 0004 000C
0004 000A 0009 0006 0004 000A 0009 0006 0029 0024 0009 0006 001A 000A 0009 0006 0007 0008 0009 0006 001A 000A 0009 0006 0004 000A 0009 0006 0004 000A 0004 0013
0004 000C 0008 0009 0004 000C 0008 0009 001A 000C 0008 0009 0004 0022 0011 001C 0006 0007 000D 002A 000B 000C 0008 0009 0004 000C 0008 0009 0004 000C 0004 0005
0004 0013 0007 0008 0004 0013 0007 0008 0004 0013 0007 0008 002B 0002 001D 001E 0009 0006 001F 0002 0027 002C 0007 0008 0004 0013 0007 0008 0004 0013 0004 000A
0004 0005 0006 0007 0004 0005 0006 0007 0004 0005 0006 0007 0008 0009 0006 0007 0008 0009 0006 0007 0008 0009 0006 0007 0004 0005 0006 0007 0004 0005 0004 000C
0004 000A 0009 0006 0004 000A 0009 0006 0004 000A 0009 0006 0007 0008 0009 0006 0029 0024 0009 0006 0007 0008 0009 0006 0004 000A 0009 0006 0004 000A 0004 0013
0004 000C 0008 0009 0004 000C 0008 0009 0004 0022 0011 000E 000F 0010 0024 0009 001A 0022 0011 000E 000F 0010 0011 000E 000B 000C 0008 0009 0004 000C 0004 0005
0004 0013 0007 0008 0004 0013 0007 0008 002B 0002 0002 0002 0002 001D 0028 0008 0026 0001 0002 0002 0002 0002 0002 0002 0027 002C 0007 0008 0004 0013 0004 000A
0004 0005 0006 0007 0016 0017 0006 0007 0008 0009 0006 0007 0008 0009 0006 0007 0004 0005 0006 0007 0008 0009 0006 0007 0008 0009 0006 0007 0004 0005 0004 000C
0004 000A 0009 0006 0007 0008 0009 0006 0007 0008 0009 0006 0007 0008 0009 0006 0004 000A 0009 0006 0007 0008 0009 0006 0007 0008 0009 0006 0004 000A 0016 002C
000B 000C 0008 0009 0018 0010 0011 000E 000F 0010 0011 000E 000F 0010 0011 000E 000B 0022 0011 000E 000F 0010 0011 000E 000F 0019 0008 0009 0004 0022 0011 000E
0012 0013 0007 0008 001F 0002 0002 0002 0002 0002 0002 0002 0002 0002 0002 0002 0003 0002 0002 0002 0002 0002 0002 0002 001D 002C 0007 0008 002B 0002 0002 0002
0004 0005 0006 0007 0008 0009 0006 0007 0008 0009 0006 0007 0008 0009 0006 0007 0008 0009 0006 0007 0008 0009 0006 0007 0008 0009 0006 0007 0008 0009 0006 0007
0004 000A 0009 0006 0007 0008 0009 0006 0007 0008 0009 0006 0007 0008 0009 0006 0029 0024 0009 0006 0007 0008 0009 0006 0007 0008 0009 0006 0007 0008 0009 0006
000B 0022 0011 000E 000F 0010 0011 000E 000F 0010 0011 000E 000F 0010 0011 000E 002D 0022 0011 000E 000F 0010 0011 000E 000F 0010 0011 000E 000F 0010 0011 000E
