ATARI GAUNTLET MOTION OBJECT 16X16 TILEMAP
SOURCE: level-020.png
GRID: 32 X 32
TILE_SIZE: 16 X 16
ATLAS_TILES: 1600
UNIQUE_PIXEL_TILES: 67
CONNECTED_OBJECT_GROUPS: 29

0000 0000 0022 0000 0000 0000 0000 0000 0000 0000 0000 0000 0000 0000 0000 0000 0000 0000 0000 0000 0000 0000 0000 0000 0000 0000 0000 0000 0000 0000 0000 0000
0000 0000 0042 0000 0000 0000 0000 0000 0000 0000 0023 0024 0025 0000 0000 0000 0027 0028 0029 0000 0000 002B 0000 0000 0000 0000 0000 002D 002E 002F 0000 0000
0060 0000 0062 0000 0032 0000 0000 0000 0000 0000 0043 0044 0045 0000 0000 0046 0047 0048 0049 0000 004A 004B 004C 0000 0000 0000 0000 004D 004E 004F 0050 0051
0080 0000 0082 0000 0000 0000 0000 0000 0000 0000 0000 0000 0000 0000 0000 0000 0000 0000 0000 0000 0000 0000 0000 0000 0000 0000 0000 0000 0000 0000 0070 0071
00A0 0000 00A2 0000 0000 0000 0000 0000 0000 0000 0000 0000 0000 0000 0000 0000 0000 0000 0000 0000 0000 0000 0000 0000 0000 0000 0000 0000 0000 0000 0090 0091
00C0 0000 00C2 0000 0000 0000 0000 0000 0000 0000 0000 0000 0000 0000 0000 0000 0034 0035 0036 0000 0000 0038 0000 0000 0000 0000 0000 00AD 00AE 00AF 00B0 00B1
00E0 0000 00E2 0000 003A 0000 0000 0000 0000 0000 0000 0000 0000 0000 0000 0053 0054 0055 0056 0000 0057 0058 0059 0000 0000 0000 0000 00CD 00CE 00CF 00D0 00D1
0100 0000 0102 0000 0000 0000 0000 0000 0000 0000 0000 0000 0000 0000 0000 0000 0000 0000 0000 0000 0000 0000 0000 0000 0000 0000 0000 0000 0000 0000 00F0 00F1
0120 0000 0122 0000 0000 0000 0000 0000 0000 0000 0000 0000 0000 0000 0000 0000 0000 0000 0000 0000 0000 0000 0000 0000 0000 0000 0000 0000 0000 0000 0110 0111
0140 0000 0142 0000 0000 0000 0000 0000 0000 0000 0000 0000 0000 0000 0000 0000 003C 003D 003E 0000 0000 0421 0000 0000 0000 0000 0000 012D 012E 012F 0130 0131
0160 0000 0162 0000 0423 0000 0000 0000 0000 0000 0000 0000 0000 0000 0000 005B 005C 005D 005E 0000 0440 0441 0442 0000 0000 0000 0000 014D 014E 014F 0150 0151
0180 0000 0182 0000 0000 0000 0000 0000 0000 0000 0000 0000 0000 0000 0000 0000 0000 0000 0000 0000 0000 0000 0000 0000 0000 0000 0000 0000 0000 0000 0170 0171
01A0 0000 01A2 0000 0000 0000 0000 0000 0000 0000 0000 0000 0000 0000 0000 0000 0000 0000 0000 0000 0000 0000 0000 0000 0000 0000 0000 0000 0000 0000 0190 0191
01C0 0000 01C2 0000 0000 0000 0000 0000 0000 0000 0000 0000 0000 0000 0000 0000 0425 0426 0427 0000 0000 0429 0000 0000 0000 0000 0000 01AD 01AE 01AF 01B0 01B1
01E0 0000 01E2 0000 042B 0000 0000 0000 0000 0000 0000 0000 0000 0000 0000 0444 0445 0446 0447 0000 0448 0449 044A 0000 0000 0000 0000 01CD 01CE 01CF 01D0 01D1
0200 0201 0202 0000 0000 0000 0000 0000 0000 0000 0000 0000 0000 0000 0000 0000 0000 0000 0000 0000 0000 0000 0000 0000 0000 0000 0000 0000 0000 0000 01F0 01F1
0000 0221 0222 0000 0000 0000 0000 0000 0000 0000 0000 0000 0000 0000 0000 0000 0000 0000 0000 0000 0000 0000 0000 0000 0000 0000 0000 0000 0000 0000 0000 0000
0000 0000 0242 0000 0000 0000 0000 0000 0000 0000 0000 0000 0000 0000 0000 0000 042D 042E 042F 0000 0000 0431 0000 0000 0000 0000 0000 0433 0434 0435 0000 0000
0260 0000 0262 0000 0438 0000 0000 0000 0000 0000 0000 0000 0000 0000 0000 044C 044D 044E 044F 0000 0450 0451 0452 0000 0000 0000 0000 0453 0454 0455 0456 0457
0280 0000 0282 0000 0000 0000 0000 0000 0000 0000 0000 0000 0000 0000 0000 0000 0000 0000 0000 0000 0000 0000 0000 0000 0000 0000 0000 0000 0000 0000 0476 0477
02A0 0000 02A2 0000 0000 0000 0000 0000 0000 0000 0000 0000 0000 0000 0000 0000 0000 0000 0000 0000 0000 0000 0000 0000 0000 0000 0000 0000 0000 0000 0496 0497
02C0 0000 02C2 0000 0000 0000 0000 0000 0000 0000 0439 043A 043B 0000 0000 0000 043D 043E 043F 0000 0000 0601 0000 0000 0000 0000 0000 04B3 04B4 04B5 04B6 04B7
02E0 0000 02E2 0000 0603 0000 0000 0000 0000 0000 0459 045A 045B 0000 0000 045C 045D 045E 045F 0000 0620 0621 0622 0000 0000 0000 0000 04D3 04D4 04D5 04D6 04D7
0300 0000 0302 0000 0000 0000 0000 0000 0000 0000 0000 0000 0000 0000 0000 0000 0000 0000 0000 0000 0000 0000 0000 0000 0000 0000 0000 0000 0000 0000 04F6 04F7
0320 0000 0322 0000 0000 0000 0000 0000 0000 0000 0000 0000 0000 0000 0000 0000 0000 0000 0000 0000 0000 0000 0000 0000 0000 0000 0000 0000 0000 0000 0516 0517
0340 0000 0342 0000 0000 0000 0000 0000 0000 0000 0000 0000 0000 0000 0000 0000 0605 0606 0607 0000 0000 0609 0000 0000 0000 0000 0000 0533 0534 0535 0536 0537
0360 0000 0362 0000 060B 0000 0000 0000 0000 0000 0000 0000 0000 0000 0000 0624 0625 0626 0627 0000 0628 0629 062A 0000 0000 0000 0000 0553 0554 0555 0556 0557
0380 0000 0382 0000 0000 0000 0000 0000 0000 0000 0000 0000 0000 0000 0000 0000 0000 0000 0000 0000 0000 0000 0000 0000 0000 0000 0000 0000 0000 0000 0576 0577
03A0 0000 03A2 0000 0000 0000 0000 0000 0000 0000 0000 0000 0000 0000 0000 0000 0000 0000 0000 0000 0000 0000 0000 0000 0000 0000 0000 0000 0000 0000 0596 0597
03C0 0000 03C2 0000 0000 0000 0000 0000 0000 0000 0000 0000 0000 0000 0000 0000 060D 060E 060F 0000 0000 0611 0000 0000 0000 0000 0000 05B3 05B4 05B5 05B6 05B7
03E0 0000 03E2 0000 0613 0000 0000 0000 0000 0000 0000 0000 0000 0000 0000 062C 062D 062E 062F 0000 0630 0631 0632 0000 0000 0000 0000 05D3 05D4 05D5 0000 0000
0400 0401 0402 0000 0000 0000 0000 0000 0000 0000 0000 0000 0000 0000 0000 0000 0000 0000 0000 0000 0000 0000 0000 0000 0000 0000 0000 0000 0000 0000 05F6 05F7
