ATARI GAUNTLET MOTION OBJECT 16X16 TILEMAP
SOURCE: level-066.png
GRID: 32 X 32
TILE_SIZE: 16 X 16
ATLAS_TILES: 608
UNIQUE_PIXEL_TILES: 119
CONNECTED_OBJECT_GROUPS: 37

0000 0000 0000 0000 0000 0000 0000 0000 0021 0022 0000 0023 0000 0000 0000 0000 0000 0000 0000 0000 0027 0028 0029 0000 0000 0000 0000 0000 0000 0000 0000 0000
0000 002B 0000 0000 0000 0000 0000 0040 0041 0042 0000 0043 0000 0000 0000 002C 0000 0000 0000 0000 0047 0048 0049 004A 0000 0000 0000 0000 0000 0000 0000 0000
0000 0000 0000 002E 002F 0000 0000 0000 0000 0000 0000 0063 0000 0000 0000 0000 0000 0000 0000 0066 0000 0000 0000 0000 0000 0000 0000 0000 0000 0000 0000 0000
0000 0000 004D 004E 004F 0000 0000 0000 0000 0000 0000 0083 0084 0085 0000 0000 0000 0000 0000 0000 0000 0000 0030 0000 0000 0000 0000 0031 0032 0033 0000 0000
0000 0000 0000 0000 0000 0000 0000 0000 003A 003B 0000 0000 0000 0000 0000 0000 0000 0000 0000 0000 0000 0000 0050 0000 0000 0000 0000 0051 0052 0053 0000 0000
0000 0000 0000 0000 0000 0000 0000 0059 005A 005B 0000 0000 0000 0000 0000 0000 0000 0000 0000 0000 0000 0000 0070 0000 0000 0000 0000 0000 0000 0000 0000 0000
0000 0000 0000 0075 0076 0077 0078 0079 0000 0000 0000 0000 0000 003C 003D 003E 0000 0000 0000 0000 0000 0000 0000 0000 0000 0000 0000 0000 0000 0000 0000 0000
0000 0000 0094 0095 0096 0097 0098 0099 0000 0000 0000 0000 0000 0000 0000 0000 0000 0000 0000 003F 0000 0000 0000 00E0 00E1 00E2 0000 0000 0000 0000 0000 0000
0000 0000 0000 0000 0000 0000 0000 0000 00BA 00BB 0000 0000 0000 0000 0000 0000 0000 0000 0000 0000 0000 0000 0000 0100 0101 0102 0000 0000 0000 00E3 00E4 00E5
0000 0000 0000 0000 0000 0000 0000 00D9 00DA 00DB 0000 0000 0000 0000 0000 0000 0000 0000 0000 0000 0000 0000 0000 0000 0000 0000 0000 0000 0000 0103 0104 0105
0000 0000 00E6 00E7 00E8 0000 0000 0000 0000 0000 0000 0000 00E9 00EA 00EB 0000 0000 0000 0000 0000 0000 0000 0000 0000 0000 0000 0000 0000 0000 0000 0000 0000
0000 0000 0106 0107 0108 0000 0000 0000 0000 0000 0000 0000 0000 0000 0000 0000 0000 0000 0000 00EC 0000 0000 0000 0000 0000 0000 0000 0000 0000 0000 0000 0000
0000 0000 0000 0000 0000 0000 0000 0000 0000 0000 0000 0000 0000 0000 0000 0000 0000 0000 0000 0000 0000 0000 0000 0000 0000 0000 00ED 00EE 00EF 0000 0000 0000
0000 0000 0000 0000 0000 0000 0000 0000 0000 0000 0000 0000 0000 0000 0000 0000 0000 0000 0000 0000 0000 0000 00F0 00F1 00F2 0000 010D 010E 010F 0000 0000 0000
0000 00F3 00F4 00F5 0000 0000 0000 0000 0000 0000 0000 0000 0000 0000 0000 0000 0000 0000 0000 0000 0000 0000 0110 0111 0112 0000 0000 0000 0000 0000 0000 0000
0000 0113 0114 0115 0000 0000 0000 0000 0000 0000 0000 0000 0000 0000 0000 0000 0000 0000 0000 0000 0000 0000 0000 0000 0000 0000 0000 00F6 00F7 00F8 0000 0000
0000 0000 0000 0000 0000 0000 0000 0000 0000 0000 0000 0000 0000 0000 0000 0000 0000 0000 00F9 00FA 00FB 0000 0000 0000 0000 0000 0000 0116 0117 0118 0000 0000
0000 0000 0000 0000 0000 00FC 00FD 00FE 0000 0000 0000 0000 0000 0000 0000 0000 0000 0000 0119 011A 011B 0000 0000 0000 0000 0000 0000 0000 0000 0000 0000 0000
0000 0121 0122 0123 0000 0000 0000 0000 0000 0000 0000 0000 0000 0000 0000 0000 0000 0000 0000 0000 0000 0000 0000 0000 0000 0000 0000 0000 0000 0000 0000 0000
0140 0141 0142 0143 0000 0000 0000 0000 0000 0125 0126 0127 0128 0129 012A 012B 012C 0000 0000 0000 0000 0000 0000 0000 0000 0000 0000 0000 0000 0000 0000 0000
0000 0000 0000 0000 0000 0000 0000 0000 0144 0000 0000 0000 0000 0000 0000 0000 0000 0000 0000 0000 0000 0000 0000 0000 0000 0000 0000 0000 0000 0000 0000 0000
0000 0000 012E 012F 0130 0131 0132 0000 0000 0000 0000 0000 0000 0000 0000 0000 0000 0134 0135 0136 0000 0000 0000 0000 0000 0000 0000 0000 0000 0000 0000 0000
0000 014D 014E 014F 0150 0151 0152 0000 0000 0000 0000 0137 0138 0139 0000 0000 0000 0154 0155 0156 0000 013B 0000 0000 0000 01E0 01E1 01E2 0000 0000 0000 0000
0000 016D 016E 016F 0170 0171 0000 0000 0000 0000 0000 0157 0158 0159 015A 0000 0000 0000 0000 0000 0000 015B 015C 0000 0000 0200 0201 0202 0000 0000 0000 0000
0000 018D 018E 018F 0190 0191 0000 0000 0000 0000 0000 0000 0000 0000 0000 0000 0000 0000 0000 0000 0000 017B 0000 017D 0000 0000 0000 0000 0223 0000 0000 0000
0000 01AD 01AE 01AF 0000 01B1 01B2 01B3 0000 0000 0000 0000 0000 0000 0000 0000 0000 0000 0000 0000 0000 0000 0000 0000 0000 0000 0000 0000 0000 0000 0000 0000
0000 0000 0000 0000 0000 01D1 01D2 01D3 0000 0000 0000 0000 0000 0000 0000 0000 0000 0000 01E4 01E5 01E6 0000 01E7 01E8 01E9 0000 0000 0000 0000 0000 0000 0000
0000 0000 0000 0000 0000 0000 0000 0000 0000 0000 0000 01EA 01EB 01EC 0000 0000 0000 0000 0000 0000 0000 0000 0207 0208 0209 0000 0000 0000 0000 0000 0000 0000
0000 0000 0000 0000 0000 0000 0000 0000 0000 0000 0000 020A 020B 020C 0000 0000 0000 01EE 0000 0000 0000 0000 0000 0000 0000 0000 0000 0000 0000 0000 0000 0000
0000 0000 0000 01F1 01F2 01F3 0000 0000 0000 0000 0000 0000 0000 0000 0000 0000 0000 020E 020F 0210 0000 0000 0000 0000 0000 0000 0000 0000 0000 01F4 0000 0000
0000 0000 0000 0211 0212 0213 0000 01F6 01F7 0000 0000 0000 0000 0000 0000 0000 022D 022E 022F 0230 0000 0000 0000 01F9 0000 0000 0000 0000 0000 0214 0215 0000
0000 0000 0000 0000 0000 0000 0000 0216 0217 0218 0000 0000 0000 0000 0000 0000 024D 0000 0000 0000 0000 0000 0000 0000 0000 0000 0000 0000 0000 0000 0000 0000
