ATARI GAUNTLET MOTION OBJECT 16X16 TILEMAP
SOURCE: level-081.png
GRID: 32 X 32
TILE_SIZE: 16 X 16
ATLAS_TILES: 608
UNIQUE_PIXEL_TILES: 125
CONNECTED_OBJECT_GROUPS: 22

0000 0000 0000 0000 0000 0000 0000 0000 0000 0000 0000 0000 0000 0000 0000 0000 0000 0000 0000 0000 0000 0000 0000 0000 0000 0000 0000 0000 0000 0000 0000 0000
0000 0021 0000 0000 0000 0000 0000 0000 0000 0000 0022 0023 0024 0000 0000 0025 0000 0000 0000 0000 0000 0000 0000 0000 0000 0000 0000 0000 0000 0000 0000 0000
0040 0000 0000 0000 0000 0000 0000 0000 0000 0000 0000 0000 0000 0000 0000 0000 0000 0000 0000 0000 0000 0000 0000 0000 0000 0000 0000 0000 0000 0000 0029 002A
0000 0000 0000 0000 002F 0030 0031 0000 0000 0000 0000 0000 0000 0000 0000 0000 0000 0000 0000 0000 0000 0000 0000 0000 0000 0000 0000 0046 0047 0048 0049 004A
0000 0000 0000 0000 0000 0050 0051 0052 0000 0000 0000 0000 0000 0000 0000 0000 0000 0000 0000 0000 0000 0000 0000 0000 0000 0000 0000 0000 0000 0000 0000 0000
0000 0000 0000 0000 0000 0070 0071 0072 0000 0000 0000 0000 0000 0000 0000 0000 0000 0000 0000 0000 0000 0000 0000 0000 0000 0000 0000 0000 0000 0000 0000 0000
0000 0000 0000 0000 0000 0090 0091 0000 0000 0000 0000 0000 0000 0000 0000 0000 0000 0000 0000 0000 0000 0000 0000 0000 0000 0000 0000 0000 0000 0000 0000 0000
0000 0000 00AD 00AE 00AF 00B0 00B1 00B2 0000 0000 0000 0000 0000 0000 0000 0000 0000 0000 0036 0037 0038 0000 0000 0039 003A 003B 0000 0000 0000 0000 0000 0000
0000 00CC 00CD 00CE 00CF 0000 00D1 00D2 00D3 00D4 00D5 0000 0000 0000 0000 0000 0000 0000 0056 0057 0058 0000 0000 0059 005A 005B 0000 0000 0000 0000 0000 0000
00EB 00EC 00ED 00EE 0000 00F0 00F1 00F2 0000 0000 0000 0000 0000 0000 0000 0000 0000 0000 0000 0000 0000 0000 0000 0000 0000 0000 0000 0000 0000 0000 0000 0000
010B 010C 010D 0000 0000 0000 0000 0000 0000 0000 0000 0000 0000 0000 0000 0000 0000 0000 0000 0000 0000 0000 003C 0000 0000 0000 0000 0000 0000 0000 0000 0000
0000 0000 0000 0000 0000 0000 0000 0000 0000 0000 0000 0000 0000 0000 0000 0000 0000 0000 0000 0000 0000 0000 005C 005D 0000 0000 0000 0000 0000 0000 0000 0000
0000 0000 0000 0000 0000 0000 0000 0000 0000 0000 0000 0121 0122 0000 0000 0000 0000 0000 0123 0124 0125 0000 0000 007D 007E 007F 0000 0000 0000 0000 0000 0000
0000 0000 0000 0000 0000 0000 0000 0000 0000 0000 0140 0141 0142 0000 0000 0000 0000 0000 0143 0144 0145 0000 0000 009D 009E 009F 0000 0000 0000 0000 0000 0000
0000 0000 0000 0000 012A 012B 012C 0000 0000 0000 0000 0000 0000 0000 0000 0000 0000 0000 0000 0000 0000 0000 0000 0000 0000 0000 0000 0000 0000 0000 0000 0000
0000 0000 0000 0149 014A 014B 014C 0000 0000 0000 0000 0000 0000 0000 0000 0000 0000 0000 0000 0000 0000 0000 0000 0000 0000 0000 0000 0000 0000 0000 0000 0000
0000 0000 0168 0169 016A 016B 0000 0000 0000 0130 0131 0132 0133 0134 0000 0000 0000 0000 0000 0000 0000 0000 0000 0000 0000 0000 0000 0000 0137 0138 0000 0000
0000 0187 0188 0189 018A 0000 0000 0000 014F 0150 0151 0152 0153 0154 0155 0156 0000 0000 0000 0000 0000 0000 0000 0000 0000 0000 0000 0000 0000 0000 0000 0000
01A6 01A7 01A8 01A9 0000 0000 0000 0000 0000 0170 0171 0000 0000 0174 0175 0176 0000 0000 0000 0000 0000 0000 0000 0000 0000 0000 0000 0000 0000 0000 0000 0000
01C6 01C7 01C8 0000 0000 0000 018D 018E 018F 0190 0191 0000 0000 0000 0000 0000 0000 0000 0000 0000 0000 0000 0000 0000 0000 0139 013A 013B 0000 01E2 01E3 01E4
0000 0000 0000 0000 0000 0000 01AD 01AE 01AF 0000 0000 0000 0000 0000 0000 0000 0000 0000 0000 0000 0000 0000 0000 0000 0000 0000 0000 0000 0000 0202 0203 0000
0000 0000 0000 0000 0000 0000 0000 0000 0000 0000 0000 0000 0000 0000 0000 0000 0000 0000 0000 0000 0000 0000 0000 0000 0000 0000 0000 0220 0221 0222 0223 0000
0000 0000 0000 0000 0000 0000 0000 0000 0000 0000 0000 0000 0000 0000 0000 0000 0000 0000 0000 0000 0000 0000 0000 0000 0000 0000 0000 0240 0241 0242 0000 0000
0000 0000 0000 0000 0000 0000 0000 0000 0000 0000 0000 0000 0000 0000 0000 0000 0000 0000 0000 0000 0000 0000 0000 0000 0000 0000 0000 0000 0000 0000 0000 0000
0000 0000 0000 0000 0000 0000 0000 0000 0000 0000 0000 0000 0000 0000 0000 0000 0000 0000 0000 0000 0000 0000 0000 0000 0000 0000 0000 0000 0000 0000 0000 0000
0000 0000 0000 0000 0000 0000 0000 0000 0000 0000 0000 0000 0000 0000 0000 0000 0000 0000 0000 0000 0000 0000 0000 0000 0000 0000 0000 0000 0000 0000 0000 0000
0000 0000 0000 0000 0000 0000 0000 0000 0000 0000 0000 0000 0000 0000 0000 0000 0000 0000 0000 0000 0000 0000 0000 0000 0000 0000 0000 0000 0000 0000 0000 0000
0000 0000 0000 0000 0000 0000 0000 0000 0000 0000 0000 01E5 01E6 01E7 0000 0000 0000 0000 0000 0000 0000 0000 0000 0000 0000 0000 01E8 01E9 01EA 0000 0000 0000
0000 0000 0000 0000 0000 0000 0000 0000 0000 0000 0000 0000 0000 0000 0000 0000 0000 0000 0000 0000 0000 01EB 01EC 01ED 0000 0000 0208 0209 020A 0000 0000 0000
0000 0000 0000 0000 0000 0000 0000 0000 0000 0000 0000 0000 0000 0000 0000 0000 0000 0000 0000 0000 0000 020B 020C 020D 0000 0000 0000 0000 0000 0000 0000 0000
01EE 0000 01EF 01F0 01F1 0000 0000 0000 0000 01F2 01F3 01F4 0000 0000 0000 0000 0000 0000 0000 0000 0000 0000 0000 0000 0000 0000 0000 0000 0000 0000 01F5 01F6
020E 0000 020F 0210 0211 0000 0000 0000 0000 0212 0213 0214 0000 0000 0000 0000 0000 0000 0000 0000 0000 0000 0000 0000 0000 0000 0000 0000 0000 0000 0215 0216
