ATARI GAUNTLET PLAYFIELD 16X16 TILEMAP
SOURCE: level-088-playfield.png
GRID: 32 X 32
TILE_SIZE: 16 X 16
UNIQUE_TILES: 64

0000 0001 0002 0002 0002 0002 0002 0002 0002 0002 0002 0002 0002 0002 0002 0003 0002 0003 0002 0002 0002 0002 0002 0002 0002 0002 0002 0002 0003 0002 0002 0002
0004 0005 0006 0007 0008 0009 000A 0007 0008 0009 000A 0007 0008 0009 000A 0007 0008 0009 000A 0007 000B 0009 000A 0007 0008 0009 000A 0007 0008 0009 000A 0007
000C 000D 0009 0006 0007 0008 0009 000A 0007 0008 0009 000A 0007 0008 0009 000A 0007 0008 0009 000A 000E 0008 0009 000A 0007 0008 0009 000A 0007 0008 0009 000F
0010 0011 0008 0009 000A 000E 0008 0009 000A 0007 0008 0009 000A 0007 0008 0009 000A 0007 0008 0009 0006 0007 0008 0009 000A 0007 0008 0009 000A 0007 0012 0013
000C 0014 000E 000B 0015 000A 0007 0008 0009 000A 0007 0008 0009 000A 0007 0008 0009 000F 0016 0017 0018 0019 0016 0017 001A 0019 0016 0017 001A 0019 001B 001C
0010 0005 000A 0007 0008 0009 000A 0007 0008 0009 000A 0007 0008 0009 000A 0007 0012 0013 0002 0002 0002 0002 0002 0002 0002 0002 0002 0002 0002 0002 0003 0002
0004 000D 0009 000A 0007 0008 0009 000A 0007 0008 0009 000A 0007 0008 001D 0019 001E 001F 0009 000A 0007 0008 0009 000A 0007 0008 0009 000A 0007 0008 0009 000A
0004 0011 0008 0009 000A 0007 0008 0009 000A 0007 0008 0009 000A 0007 0020 0021 0022 0007 0012 001A 0019 0016 0017 001A 0019 0016 0017 001A 0019 0016 0023 0009
0004 0024 0016 0017 0025 000A 0007 0008 0009 000A 0007 0008 0015 0026 0027 001F 0009 000F 0013 0002 0002 0002 0002 0002 0002 0002 0002 0002 0002 0028 0011 0008
0029 0001 0002 0028 000D 0009 000A 0007 0008 0009 000A 000E 0012 001E 0022 0007 0012 001E 0022 0007 0008 0009 000A 0007 0008 0009 000A 0007 0008 0004 002A 0007
0004 000D 0009 0004 002B 0017 001A 0019 0016 0017 0018 0019 001E 001F 0009 000F 001E 001F 0009 000A 0007 0008 0009 000A 0007 0008 0009 000A 0007 0004 0005 000A
0004 0011 0012 002C 0002 0002 0002 0002 0002 0002 0002 002D 0022 0007 0012 001E 0022 0007 0008 0009 000A 0007 0008 0009 000A 0007 0008 0009 000A 0004 000D 0009
0004 0024 001E 001F 0009 000A 0007 0008 0009 000A 0007 0008 0009 000F 001B 000D 0009 000A 0007 0008 0009 000A 0007 0008 0009 000A 0007 0008 0009 0004 0011 0008
0029 0021 002E 002F 0008 0009 000A 0007 0012 001A 0019 0016 0017 0013 0030 0031 0008 0009 000A 0007 0008 0009 000A 0007 0008 0009 000A 0007 0008 0004 002A 0007
0004 000D 0032 002E 002F 0008 0009 000F 0013 0002 0002 0002 002D 001F 0009 000A 0007 0008 0009 000A 0007 0008 0009 000A 0007 0008 0009 000A 0007 0004 0005 000A
0004 0011 0008 0032 002E 002F 0008 0032 002E 0016 0017 0025 000A 0007 0008 0009 000A 0007 0008 0009 000A 0007 0008 0009 000A 0007 0008 0009 000A 0004 000D 0009
0004 002A 0007 0008 0032 002E 002F 0008 0033 0002 002D 0034 0025 000A 0007 0008 0009 000A 0007 0008 0009 000A 0007 0008 0009 000A 0007 0008 0009 0004 0011 0008
0004 0035 0019 0016 0017 001E 002E 002F 0008 0009 000A 0032 0034 001A 0036 0007 0008 0009 000F 0016 0023 0009 000A 0007 0008 0009 000A 0007 0008 0004 002A 0007
0029 0001 0002 0002 002D 001F 0032 002E 002F 0008 0009 000A 0033 0028 0005 000A 0007 0012 0013 002D 0037 0023 0009 000A 0007 0008 0009 000A 0007 0004 0005 000A
0004 0011 0008 0009 000A 0007 0008 0032 002E 002F 0008 0009 000A 0038 0034 0025 000F 001E 001F 0009 0032 0037 0023 0009 000A 0007 0008 0009 000A 0004 000D 0009
0004 002A 0007 0008 0009 000A 0007 0008 0039 0024 002F 0008 0009 000A 0032 0034 001E 0022 0007 0008 0009 0032 0037 0023 0009 000A 0007 0008 0009 0004 0011 0008
0004 0005 000A 0007 0008 0009 000A 0007 003A 002D 002E 002F 0008 0009 000F 001E 001F 0009 000A 0007 0008 0009 0032 0037 0023 0009 000A 0007 0008 0004 002A 0007
0004 000D 0009 000A 0007 0008 0009 000A 0007 0008 0039 002A 0007 0008 0039 002A 0007 0008 0009 000F 0016 0023 0009 0032 0037 0023 0009 000A 0007 0004 0005 000A
0004 0011 000B 0015 000A 000E 0008 0009 000A 0007 0004 0035 0036 0007 0038 003B 0036 0007 0012 0013 002D 0037 0023 0009 0032 0037 0023 0009 000A 0004 000D 0009
0004 0014 0007 0008 0015 000A 0007 0008 0009 000A 003A 0028 0005 000A 0007 0032 003B 0019 001E 001F 0009 0032 0037 0023 0009 0032 0037 0023 0009 0004 0011 0008
0004 0005 000A 0007 0008 0015 000A 0007 0008 0009 003C 0038 0034 0025 000A 0007 0033 0028 002A 0007 0008 0009 0032 0037 0023 0009 0032 0037 0023 0004 002A 0007
0004 000D 0009 000A 0007 0008 0009 000A 0007 0008 0009 000A 0039 003D 0025 000A 0007 0038 003B 0036 0007 0008 0009 0032 0037 0023 0009 0032 0037 000C 0005 000A
0004 0011 0008 0009 000A 0007 0008 0009 000A 0007 0008 0009 003A 002D 0034 0025 000A 0007 0032 003B 0019 0016 0017 001A 001B 002B 0023 0009 0033 0030 001F 0009
0004 002A 0007 0008 0009 000A 0007 0008 0009 000A 0007 000B 0009 000A 0032 0034 0025 000A 0007 0033 0002 0002 0002 0002 0003 002D 0037 0023 0009 000A 0007 0008
0004 0005 000A 0007 0008 0009 000A 0007 0008 0009 000A 000E 0008 0009 000A 0032 0034 0025 000A 0007 0008 0009 000A 0007 0008 0009 0032 0037 0023 0009 000A 0007
0004 003E 0009 000A 0007 0008 0009 000A 0007 0008 0009 0006 0007 0008 0009 000F 001E 0034 0025 000A 0007 0008 0009 000A 0007 0008 0009 0032 0037 0023 0009 000A
000C 002B 003F 001A 0019 0016 0017 001A 0019 0016 0017 0018 0019 0016 0017 001B 001C 001B 003D 001A 0019 0016 0017 001A 0019 0016 0017 001A 001B 002B 0017 001A
