ATARI GAUNTLET MOTION OBJECT 16X16 TILEMAP
SOURCE: level-094.png
GRID: 32 X 32
TILE_SIZE: 16 X 16
ATLAS_TILES: 800
UNIQUE_PIXEL_TILES: 125
CONNECTED_OBJECT_GROUPS: 27

0000 0021 0022 0000 0000 0000 0000 0000 0000 0000 0000 0000 0000 0000 0000 0000 0000 0000 0024 0000 0000 0025 0026 0027 0000 0000 0000 0000 0000 0000 0000 0028
0040 0041 0042 0043 0000 0000 0029 0000 0000 0000 0000 0000 0000 0000 0000 0000 0000 0000 0044 0000 0000 0045 0046 0047 0000 0000 0000 0000 0000 0000 0000 0048
0000 0000 0000 0000 0000 0000 0000 0000 0000 0000 0000 0000 0000 0000 0000 0000 0000 0000 0064 0000 0000 0000 0000 0000 0000 0000 0000 0000 0000 0000 0000 0000
0000 0000 0000 0000 0000 0000 0000 0000 002A 0000 0000 0000 0000 0000 0000 0000 0000 0000 0000 0000 0000 0000 0032 0033 0000 0000 0000 0000 0000 0000 0000 0000
003C 003D 003E 0000 0000 0000 0000 0000 0000 0000 0000 0000 0000 0000 0000 0000 0000 0000 004E 004F 0050 0051 0052 0053 0054 0000 0000 0000 0000 0000 0000 0000
0000 0000 0000 0000 0000 0000 0000 0000 0000 0000 003F 0000 0000 0000 0000 0000 0000 006D 006E 006F 0070 0071 0000 0073 0074 0075 0000 0000 0000 0000 0000 0000
0180 0181 0000 0000 0000 0000 0000 0000 0000 0000 0000 0000 0000 0000 0000 008B 008C 008D 008E 0000 0000 0000 0000 0000 0094 0095 0096 0000 0000 0000 0000 0000
0000 0000 0000 0185 0186 0000 0000 0000 0000 0000 0000 0000 0000 0000 0000 0000 0000 0000 0000 0000 0000 0000 0000 0000 0000 00B5 00B6 00B7 0000 0000 0000 0000
0000 0000 0000 01A5 01A6 0000 0000 0000 0000 0000 0000 0000 0000 0000 0000 0000 0000 0000 0000 0000 0000 0000 0000 0000 0000 0000 00D6 00D7 00D8 0000 0000 0000
0000 0000 0000 01C5 01C6 0000 0000 0000 0000 0000 0000 0187 0188 0189 0000 0000 0000 0000 0000 0000 0000 0000 0000 0000 0000 0000 0000 00F7 00F8 00F9 0000 0000
0000 01E3 01E4 01E5 0000 0000 0000 0000 0000 0000 0000 0000 0000 0000 0000 0000 0000 0000 0000 0000 0000 0000 0000 0000 0000 0000 0000 0000 0118 0119 011A 0000
0000 0203 0204 0205 0000 0000 0000 0000 0000 018A 018B 0000 0000 0000 0000 0000 0000 0000 0000 0000 0000 0000 0000 0000 0000 0000 0000 0000 0000 0139 013A 013B
0222 0000 0000 0000 0000 0000 0000 0000 0000 01AA 01AB 01AC 0000 0000 0000 0000 0000 0000 0000 0000 0000 0000 0000 0000 0000 0000 0000 0000 0000 0000 015A 015B
0242 0000 0000 0000 0000 0000 0000 0000 0000 0000 0000 0000 0000 0000 0000 0000 0000 0000 0000 0000 0000 0000 0000 0000 0000 0000 0000 0000 0000 0000 0000 017B
0000 0000 0000 0000 0000 0000 0000 0000 0000 0000 0000 0000 0000 0000 0000 0000 0000 0000 0000 0193 0000 0000 0000 0000 0000 0000 0000 0000 0000 0000 0000 0000
0000 0000 0000 0000 0000 0000 0000 0000 0000 0000 0000 0000 0000 0000 0000 0000 01B0 01B1 01B2 0000 0000 0000 0000 0000 0000 0000 0000 0000 0000 0000 0000 0000
0195 0000 0000 0000 0000 0000 0000 0000 0000 0000 0000 0000 0000 0000 0000 0000 01D0 01D1 01D2 0000 0000 0000 0000 0000 0000 0000 0000 0000 0000 0000 0198 0199
01B5 01B6 01B7 0000 0000 0000 0000 0000 0000 0000 0000 0000 0000 0000 01EE 01EF 0000 0000 01F2 01F3 01F4 0000 0000 0000 0000 0000 0000 0000 0000 0000 01B8 01B9
01D5 01D6 01D7 0000 019A 0000 0000 0000 0000 0000 0000 0000 0000 020D 020E 020F 0000 0000 0212 0213 0214 0000 0000 0000 0000 0000 0000 0000 0000 0000 01D8 01D9
01F5 0000 0000 0000 0000 0000 0260 0261 0262 0263 0000 0000 0000 0000 022E 022F 0230 0000 0000 0000 0000 0000 0000 0000 0000 0000 0266 0267 0000 0000 01F8 01F9
0215 0000 0000 0000 0000 0000 0000 0000 0000 0283 0284 0285 0000 0000 024E 024F 0250 0251 0252 0000 0000 0000 0000 0000 0000 0000 0286 0287 0288 0000 0218 0219
0000 0000 0000 0000 0000 0000 0000 0000 0000 02A3 02A4 02A5 0000 0000 0000 0000 0000 0000 0000 0000 0000 0000 0000 0000 0000 0000 0000 0000 0000 0000 0000 0000
0000 0000 0000 0000 0000 0000 0000 0000 0000 0000 0000 0000 0000 0000 0000 0000 0000 0000 0000 0000 0000 0000 0000 0000 0000 0000 0000 0000 0000 0000 0000 0000
0000 0000 0000 0000 0000 0000 0000 0000 0000 0000 0000 0000 0000 0000 0000 0000 0000 0000 0000 0000 0000 0000 0000 0000 0000 0000 0000 0000 0000 0000 0000 0000
0000 0000 0000 0000 0000 0000 0000 0000 0000 0269 0000 0000 0000 0000 0000 0000 0000 0000 0000 0000 0000 0000 0000 0000 0000 0000 0000 0000 0000 0000 0000 0000
0000 0000 0000 0000 0000 0000 0000 0000 0000 0289 0000 0000 0000 026A 026B 026C 0000 0000 0000 0000 0000 0000 0000 0000 026F 0270 0000 0000 0000 0000 0000 0000
0000 0000 0000 0000 0000 0000 0000 0000 0000 02A9 0000 0000 0000 028A 028B 028C 0000 0000 0000 0000 0000 0000 0000 028E 028F 0290 0000 0000 0000 0000 0000 0000
0000 0000 0000 0000 0000 0000 0000 0000 0000 0000 0000 0000 0000 0000 0000 0000 02AD 0000 0000 0000 0000 0000 0000 0000 0000 0000 0000 0000 0000 0000 0000 0000
0271 0272 0273 0000 0000 0000 0000 0000 0000 0000 0000 0000 0000 0000 0000 02CC 0000 0000 0000 0000 0000 0000 0000 0000 0000 0000 0000 0000 0000 0000 0000 0000
0000 0000 0000 0000 0000 0000 0000 0000 0000 0000 0000 0000 0000 0000 0000 0000 0000 0000 0274 0000 0000 0000 0000 0000 0000 0000 0000 0000 0000 0276 0277 0000
0278 0279 027A 027B 027C 0000 0000 0000 0000 02E3 02E4 02E5 0000 0000 0000 0000 0000 0000 0294 0000 0000 0000 0000 0000 0000 0000 0000 0000 0295 0296 0297 0000
0298 0299 029A 0000 0000 0000 0300 0301 0302 0303 0304 0305 0000 0000 0000 0000 0000 0000 02B4 0000 0000 0000 0000 0000 0000 0000 0000 0000 02B5 02B6 02B7 0000
