ATARI GAUNTLET MOTION OBJECT 16X16 TILEMAP
SOURCE: level-044.png
GRID: 32 X 32
TILE_SIZE: 16 X 16
ATLAS_TILES: 1184
UNIQUE_PIXEL_TILES: 235
CONNECTED_OBJECT_GROUPS: 25

0000 0000 0000 0000 0000 0000 0000 0000 0000 0000 0000 0000 0000 0000 0000 0000 0020 0021 0022 0000 0000 0000 0000 0000 0023 0024 0025 0000 0000 0000 0000 0000
0000 0000 0000 0000 0000 0000 0000 0000 0000 0000 0000 0000 0000 0000 0000 0000 0040 0041 0042 0000 0000 0000 0000 0000 0043 0044 0045 0000 0000 0000 0026 0000
0000 0000 0028 0029 0000 0000 0000 0000 0000 0000 0000 0000 0000 0000 0000 0000 0000 0000 0000 0000 0000 0000 0000 0000 0063 0064 0065 0000 0000 0000 0046 0047
0000 0000 0000 0000 0000 0000 0000 0000 002E 002F 0000 0000 0000 0000 0000 0000 0000 0000 0000 0000 0000 0000 0000 0000 0000 0000 0000 0000 0000 0000 0000 0000
0000 0000 0000 0000 0000 0000 0000 004D 004E 004F 0000 0000 0000 0000 0000 0000 0000 0000 0000 0000 0000 0000 0000 0000 0000 0000 0000 0000 0000 0000 0000 0000
0000 0032 0000 0000 0000 0000 0000 0000 0000 006F 0070 0000 0000 0000 0000 0000 0000 0000 0000 0000 0000 0148 0000 0000 0000 0000 014D 014E 0000 0000 0000 0000
0051 0000 0000 0000 0000 0000 0000 0000 008E 008F 0090 0000 0000 0160 0161 0162 0000 0000 0000 0000 0000 0168 0169 016A 016B 016C 016D 016E 0000 014F 0150 0151
0000 0000 0000 0000 0000 00AB 00AC 00AD 0000 0000 0000 0000 0000 0180 0181 0182 0000 0000 0000 0186 0187 0188 0189 0000 0000 0000 0000 0000 0000 0000 0000 0000
0000 0000 0152 0000 00CA 00CB 00CC 00CD 00CE 0000 0000 0000 0000 0000 0000 0000 01A3 01A4 01A5 01A6 01A7 01A8 01A9 0000 0000 0000 0000 0000 0000 0000 0000 0000
0000 0000 0000 0000 0000 0000 0000 0000 00EE 0000 0000 0000 0000 0000 0000 0000 01C3 01C4 01C5 01C6 01C7 01C8 01C9 0000 0000 0000 0000 0000 0000 0000 0000 0000
0000 0000 0000 0000 0000 0000 0000 0000 010E 0000 0157 0158 0159 015A 0000 0000 0000 0000 0000 0000 0000 01E8 01E9 01EA 0000 0000 0000 0000 0000 0000 0000 0000
0000 0000 0000 0000 0000 0000 0000 0000 012E 0000 0000 0000 0000 017A 017B 017C 0000 0000 0000 0000 0000 0208 0209 020A 0000 0000 0000 0000 0000 0000 0000 0000
0280 0000 0000 0000 0282 0283 0000 0000 0000 0000 0000 0000 0000 019A 019B 019C 0000 0000 0000 0000 0000 0000 0000 0000 0000 0000 0000 0000 0000 0000 028E 028F
02A0 0000 0000 02A1 02A2 02A3 02A4 0000 0000 0000 0000 01B8 01B9 01BA 01BB 0000 0000 0000 0000 0000 0000 0000 0000 0000 0000 0000 02AA 02AB 02AC 02AD 02AE 02AF
02C0 0000 0000 02C1 02C2 02C3 02C4 0000 01D5 01D6 01D7 01D8 01D9 01DA 01DB 01DC 01DD 01DE 0000 0000 0000 0000 0000 0000 0000 0000 02CA 02CB 02CC 02CD 02CE 0000
02E0 0000 0000 0000 0000 0000 0000 0000 0000 01F6 01F7 01F8 01F9 01FA 01FB 01FC 01FD 01FE 01FF 0000 0000 0000 0000 0000 02E8 02E9 02EA 02EB 02EC 02ED 02EE 0000
0300 0000 0000 0000 0000 0000 0000 0214 0215 0216 0217 0218 0219 0000 0000 0000 021D 021E 021F 0000 0000 0305 0306 0307 0308 0309 030A 030B 030C 030D 030E 0000
0320 0000 0000 0000 0000 0000 0233 0234 0235 0000 0000 0000 0000 0000 0000 0000 023D 023E 023F 0000 0000 0325 0326 0327 0328 0329 0000 0000 0000 0000 0000 0000
0340 0000 0000 0000 0000 0000 0253 0254 0255 0256 0000 0000 0000 0000 0000 0000 0000 0000 0000 0000 0000 0000 0346 0000 0000 0000 0000 0000 0000 0000 0000 0299
0360 0000 0000 0000 0000 0000 0000 0274 0275 0000 0000 0000 0000 0000 0000 0000 0000 029C 029D 029E 0000 0000 0000 0000 0000 0000 0000 0000 02B6 02B7 02B8 02B9
0000 0000 0000 0000 0000 0000 0000 0000 0000 0000 0000 0000 0000 0000 0000 0000 0000 02BC 02BD 02BE 0000 0000 0000 0000 0000 0000 0000 0000 02D6 02D7 02D8 0000
03E0 03E1 03E2 03E3 0000 0000 0000 03E4 0000 0000 0000 0000 0000 0000 0000 0000 0000 02DC 02DD 02DE 0000 0000 02F0 02F1 02F2 02F3 02F4 02F5 02F6 02F7 02F8 02F9
0000 0401 0402 0403 0000 0000 0000 0000 0000 0000 0000 0000 0000 0000 0000 0000 0000 02FC 02FD 02FE 0000 0000 0000 0000 0000 0000 0000 0000 0316 0317 0318 0000
0420 0421 0422 0000 0000 0000 0000 0000 0000 0000 0000 0000 0000 0000 0000 0000 0000 031C 031D 031E 0000 0000 0000 0000 0000 0000 0000 0000 0336 0337 0338 0339
0440 0441 0442 0000 0000 0000 0000 0000 0000 0000 0000 03E6 03E7 03E8 0000 033A 033B 033C 033D 033E 0000 0000 0000 0000 03E9 0000 0000 0000 0000 0000 0358 0359
0000 0000 0000 0000 0000 0000 0000 0000 0000 0000 0405 0406 0407 0408 0000 0000 0000 0000 0000 0000 0000 0000 0000 0000 0000 0000 0000 0375 0376 0377 0000 0000
0000 03EB 03EC 03ED 03EE 0000 0000 0000 0000 0000 0425 0426 0427 0000 0000 03F4 0000 0000 0000 0000 0000 0000 0000 0000 03F8 0000 0000 0395 0396 0397 0000 0399
040A 0000 0000 0000 040E 040F 0410 0000 0000 0000 0000 0000 0447 0448 0000 0414 0415 0000 0000 0000 0000 03FA 0000 0417 0000 0000 0000 0000 0000 0000 03B8 03B9
042A 0000 0000 0000 042E 042F 0430 0000 0000 0000 0000 0466 0467 0468 0000 0434 0000 0000 0000 0000 0000 0000 0000 0437 0000 0000 0000 0000 0000 0000 03D8 03D9
0000 0000 0000 0000 044E 044F 0450 0000 0000 0000 0000 0000 0000 0000 0000 0454 0000 0000 0000 0000 0000 0000 0000 0457 0000 0000 0000 0000 0000 0000 0000 0000
03FB 03FC 03FD 0000 0000 0000 0000 0000 0000 0000 0000 0000 0000 0472 0473 0474 0475 0476 0000 0000 0000 0000 0000 0477 0478 0479 0000 0000 0000 0000 03FE 03FF
041B 041C 041D 0000 0000 0000 0000 0000 0000 0000 0000 0000 0491 0492 0493 0494 0495 0496 0000 0000 0000 0000 0000 0497 0498 0499 0000 0000 0000 0000 041E 041F
