ATARI GAUNTLET MOTION OBJECT 16X16 TILEMAP
SOURCE: level-009.png
GRID: 32 X 32
TILE_SIZE: 16 X 16
ATLAS_TILES: 1376
UNIQUE_PIXEL_TILES: 140
CONNECTED_OBJECT_GROUPS: 26

0000 0000 0000 0000 0000 0000 0000 0000 0000 0000 0000 0000 0000 0000 0000 0000 0000 0000 0000 0000 0000 0000 0000 0000 0000 0000 0000 0000 0000 0000 0000 0000
0000 0000 0000 0023 0024 0025 0026 0027 0028 0000 0000 0000 0000 0000 0000 0000 0000 002B 002C 002D 0000 0000 0000 0000 0000 0031 0032 0033 0000 0034 0035 0036
0040 0000 0000 0043 0044 0045 0046 0047 0048 0049 0000 0000 0000 0000 0000 0000 0000 004B 004C 004D 0000 0000 0000 0000 0050 0051 0052 0053 0000 0054 0055 0056
0060 0061 0062 0063 0000 0000 0000 0000 0068 0000 0000 0000 0000 0000 0000 0000 006A 0000 0000 006D 006E 006F 0000 0000 0000 0000 0000 0000 0000 0000 0075 0076
0000 0081 0082 0083 0000 0000 0086 0087 0088 0000 0000 0000 0000 0000 0000 0000 0000 008B 008C 008D 008E 008F 0000 0000 0000 0037 0038 0039 0000 0000 0000 0000
0000 0000 0000 0000 0000 0000 0000 0000 0000 0000 0000 0000 0000 0000 0000 0000 0000 0000 0000 0000 0000 0000 0000 0000 0000 0000 0058 0059 005A 0000 0000 0000
00A0 00A1 00A2 00A3 00A4 00A5 00A6 00A7 0000 0000 0000 0000 00AC 00AD 00AE 0000 0000 0000 0000 0000 0000 0000 0000 0000 0000 0000 0000 0000 0000 0000 00B7 00B8
00C0 00C1 00C2 00C3 00C4 00C5 0000 00C7 00C8 00C9 00CA 00CB 0000 0000 0000 0000 0000 0000 0000 0000 0000 0000 00CF 00D0 00D1 00D2 00D3 00D4 00D5 00D6 00D7 00D8
0000 0000 0000 00E3 0000 0000 0000 00E7 0000 0000 0000 0000 0000 0000 0000 0000 0000 0000 0000 0000 0000 0000 0000 0000 0000 0000 00F3 0000 0000 0000 00F7 0000
0000 0000 0102 0000 0000 0000 0000 0107 0000 0000 0000 0000 0000 0000 0000 0000 0000 0000 0000 0000 0000 0000 0000 0000 0000 0000 0113 0000 0000 0000 0000 0000
0000 0000 0000 0000 0000 0000 0000 0127 0000 0000 0000 0000 0000 0000 0000 00B9 00BA 00BB 00BC 0000 0000 0000 0000 0000 0000 0000 0133 0000 0000 0000 0000 0000
0000 0000 0000 0000 0000 0000 0000 0000 0000 0000 0000 0000 0000 0000 0000 0000 0000 0000 0000 0000 0000 0000 00BD 0000 0000 0000 0000 0000 0000 0000 0000 0000
0000 0000 0000 0000 0000 0000 0000 0000 0000 0000 0000 0000 0000 00BE 0000 0143 0000 0000 0000 0000 0144 0000 0000 0000 0000 0000 0000 0000 0147 0148 0149 0000
0000 0000 0000 0000 0000 0000 0000 0000 0000 0000 0000 0000 0000 0000 0000 0163 0000 0000 014C 0000 0000 0000 0000 0000 0000 0000 0165 0166 0167 0168 0169 0000
0150 0000 0000 0000 0000 0000 0000 0000 0000 0000 0000 0000 0000 0000 0000 0183 0000 016B 016C 0000 0000 0000 0000 0000 0000 0000 0000 0000 0000 0000 0189 018A
0170 0000 0000 0151 0152 0153 0000 0000 0000 0000 0154 0000 01A0 01A1 01A2 01A3 0000 0000 018C 018D 018E 018F 0000 0155 0000 0000 0000 0000 0000 0000 01A9 01AA
0000 0000 0000 0000 0000 0000 0000 0000 0000 0000 0174 0000 0000 0000 0000 0000 0000 01AB 0000 0000 0000 0000 0000 0175 0000 0000 0000 0000 0000 0000 0000 0000
0000 0241 0242 0243 0000 0000 0000 0000 0000 0000 0194 0000 0000 0000 0000 0256 0000 01CB 01CC 0000 0000 0000 0000 0195 0000 0000 0000 0000 0000 0000 0000 0000
0000 0261 0262 0263 0000 0000 0000 0000 0000 0000 0000 0000 0000 0274 0275 0276 0000 0000 01EC 01ED 01EE 01EF 0000 0000 0000 0000 0000 0000 0000 0000 0000 0000
0000 0000 0000 0283 0284 0285 0000 0000 0000 0000 0000 0000 0000 0000 0000 0296 0000 020B 020C 0000 0000 0000 0000 0000 0000 0000 0000 0000 0000 0000 0000 0000
0000 0000 0000 02A3 02A4 02A5 0000 0000 0000 0000 0000 0000 0000 0000 0000 0000 0000 0000 022C 0000 0000 0000 0000 0000 0000 0000 0257 0258 0259 0000 0000 0000
0000 0000 0000 0000 0000 02C5 02C6 02C7 0000 0000 0000 0000 0000 025A 0000 0000 0000 0000 0000 0000 025B 0000 0000 0000 0000 0000 0000 0000 0000 0000 0000 0000
0000 0000 0000 0000 0000 02E5 02E6 02E7 0000 0000 0000 025C 0000 0000 0000 0000 0000 0000 0000 0000 0000 0000 0000 0000 0000 0000 0424 0000 0000 0000 0000 0000
0000 0000 0000 0000 0000 0000 0000 0307 0000 0000 0000 0000 0000 0000 0000 042A 042B 042C 042D 0000 0000 0000 0000 0000 0000 0000 0444 0000 0000 0000 0000 0000
0000 0000 0322 0323 0324 0000 0000 0327 0000 0000 0000 0000 0000 0000 0000 0000 0000 0000 0000 0000 0000 0000 0000 0000 0000 0000 0464 0000 0000 0000 0000 0469
0340 0000 0342 0343 0344 0000 0000 0347 0000 0000 0000 0000 0000 0000 0000 0000 0000 0000 0000 0000 0000 0000 0000 0000 0000 0000 0484 0000 0000 0000 0488 0489
0360 0000 0000 0363 0364 0365 0000 0367 0368 0369 036A 036B 036C 0000 0000 0000 0000 0000 0000 0000 0000 0000 04A0 04A1 04A2 04A3 04A4 0000 0000 0000 04A8 04A9
0000 0381 0382 0383 0384 0385 0386 0387 0000 0000 038A 038B 038C 0000 0000 0000 0000 0000 0000 0000 0000 0000 0000 0000 0000 0000 0000 04C5 04C6 04C7 0000 0000
03A0 03A1 03A2 03A3 0000 03A5 03A6 03A7 0000 0000 0000 0000 03AC 03AD 03AE 0000 0000 0000 0000 0000 0000 0000 0000 0000 0000 0000 04E4 04E5 04E6 0000 04E8 04E9
03C0 0000 0000 0000 0000 0000 03C6 03C7 03C8 0000 0000 0000 03CC 03CD 03CE 03CF 03D0 03D1 03D2 03D3 0000 0000 0000 0000 0000 0000 0000 0000 0000 0000 0508 0509
0000 0000 0000 0000 03E4 03E5 03E6 0000 03E8 03E9 03EA 0000 0000 0000 03EE 03EF 03F0 03F1 0000 0000 0000 0000 0000 0000 0000 0523 0524 0525 0526 0527 0528 0000
0000 0000 0000 0000 0404 0405 0406 0000 0408 0409 040A 0000 0000 0000 040E 040F 0410 0000 0000 0000 0000 0000 0000 0000 0542 0543 0544 0545 0546 0547 0548 0000
