ATARI GAUNTLET PLAYFIELD 16X16 TILEMAP
SOURCE: level-030-playfield.png
GRID: 32 X 32
TILE_SIZE: 16 X 16
UNIQUE_TILES: 62

0000 0001 0002 0002 0002 0002 0002 0002 0002 0002 0002 0002 0003 0002 0002 0002 0002 0002 0002 0003 0002 0002 0002 0002 0003 0002 0002 0002 0002 0003 0002 0002
0004 0005 0006 0007 0008 0009 0006 0007 0008 0009 0006 0007 0008 0009 0006 0007 0008 0009 0006 0007 0008 0009 0006 0007 0008 0009 0006 0007 0008 0009 0006 000A
0004 000B 0009 0006 0007 0008 0009 0006 0007 0008 0009 0006 0007 0008 0009 0006 0007 0008 0009 0006 0007 0008 0009 0006 0007 0008 0009 0006 0007 0008 0009 0006
0004 000C 0008 0009 0006 0007 0008 0009 0006 0007 0008 0009 0006 0007 0008 0009 0006 0007 0008 0009 0006 0007 0008 0009 0006 0007 0008 0009 0006 0007 0008 0009
0004 000D 0007 0008 0009 0006 0007 000E 000F 0006 0007 0008 0009 0006 0007 000E 000F 0006 0007 0008 0009 0006 0007 0008 0009 0006 0007 0008 0009 0006 0007 0008
0004 0005 0006 0010 0011 0012 0013 0014 0015 0012 0013 0016 0011 0012 0013 0014 0015 0012 0013 0017 0008 0009 0006 0007 0008 0009 0006 0007 0008 0009 0006 0007
0004 000B 0009 0018 0002 0002 0019 001A 0018 0002 0002 0002 0002 0002 0019 001A 0018 0002 001B 000D 0007 0008 0009 0006 0007 0008 0009 0006 0007 0008 0009 0006
0004 000C 0008 0009 0006 0007 0008 0009 0006 0007 0008 0009 0006 0007 0008 0009 0006 0007 0004 0005 0006 0007 0008 0009 0006 0007 0008 0009 0006 0007 0008 0009
0004 000D 0007 000E 0012 001C 0007 000E 0012 001C 0007 000E 0012 001C 0007 000E 0012 001C 0004 000B 0009 0006 0007 0008 0009 0006 0007 0008 0009 0006 0007 0008
0004 0005 0006 0018 0019 001D 0006 0018 0019 001D 0006 0018 0019 001D 0006 0018 0019 001D 0004 000C 0008 0009 0006 0007 0008 0009 0006 0007 0008 0009 0006 0007
0004 001E 0012 001C 0007 000E 0012 001C 0007 000E 0012 001C 0007 000E 0012 001C 0007 000E 001F 000D 0007 0008 0009 0006 0007 0008 0009 0006 0007 0008 0009 0006
0020 0001 0019 001D 0006 0018 0019 001D 0006 0018 0019 001D 0006 0018 0019 001D 0006 0018 0021 0022 0013 0016 0011 0012 0013 0016 0011 0012 0013 0016 0011 0012
0023 0024 0025 0026 0027 0013 0016 0011 0028 0029 0025 0026 002A 0029 0025 0026 002A 0029 0025 0018 0002 0002 0002 0002 0002 0002 0002 002B 0001 0002 0002 0002
0004 0005 0006 0007 0018 0002 0002 0019 002C 0009 0006 0007 0008 0009 0006 0007 0008 0009 0006 0007 0008 0009 0006 0007 0008 0027 001C 0004 000B 0009 0006 0007
0004 000B 0009 0006 0007 0008 0009 0006 0007 0008 0009 002D 0017 0008 0027 001C 0007 0008 0027 001C 0007 0008 0009 0006 0007 002E 001D 002F 0030 0031 0009 0006
0004 000C 0008 0027 001C 0007 0008 0009 002D 0017 0008 0032 000D 0007 0032 0005 0006 0007 0032 0005 0006 0007 000E 000F 0006 0007 0008 0027 0014 0033 0008 0009
0004 0034 0016 0035 0005 0006 0007 0008 0032 0034 0016 001F 0005 0006 0004 001E 0012 0013 001F 000B 0009 0006 0032 001E 000F 0006 0007 002E 0022 001C 0007 0008
0036 0001 0002 0021 002C 0009 0006 0007 0037 0002 0002 0021 002C 0009 0037 0002 0002 0002 0021 0033 0008 0009 0037 001B 000B 0009 0006 0007 002E 001D 0006 0007
0004 000B 0009 0006 0007 0008 0009 0006 0038 0008 0009 0006 0007 0008 0009 0006 0007 0008 0009 0006 0007 0008 0009 0004 0039 0031 0009 0006 0010 0031 0009 0006
0004 000C 0008 0009 0006 0007 0008 0009 0006 0007 000E 000F 0006 0007 000E 000F 0006 0010 0011 000F 0006 0007 0008 0037 0019 0033 0008 0009 002E 0030 0031 0009
0004 000D 0007 000E 000F 0006 0010 0031 0009 0006 0032 001E 0012 0013 0035 000B 0009 003A 003B 002C 0009 0006 0007 0008 0009 0006 0007 0008 0027 0014 0033 0008
0004 0005 0006 0032 001E 0012 0035 000C 0008 0009 0037 0002 0002 0002 0021 0033 0008 0004 0034 0017 0008 0009 0006 0007 000E 0012 001C 0007 002E 0022 001C 0007
0004 000B 0009 0037 0002 0002 0021 001A 0007 0008 0009 0006 0007 0008 0009 0006 0007 0037 0019 001A 0007 0008 0009 0006 003A 003B 001D 0006 0007 002E 001D 0006
0004 000C 0008 0009 0006 0007 0008 0009 0006 0007 0008 0027 0013 0017 0008 0009 0006 0007 0008 0009 002D 0016 0031 0009 0004 0039 0031 0009 002D 0017 0008 0009
0004 000D 0007 0008 0009 0006 0007 000E 0012 001C 0007 003A 003B 001A 0007 0008 0009 0006 0007 0008 003A 003B 0033 0008 0037 0019 0033 0008 002E 003C 0017 0008
0004 0005 0006 0007 0008 0009 0006 003A 003B 001D 0006 0004 001E 000F 0006 0007 000E 0012 001C 0007 0004 003D 001C 0007 0008 0009 0006 0007 0008 002E 001A 0007
0004 000B 0009 0006 0007 0008 0009 0004 000C 0008 0009 0037 0019 002C 0009 0006 003A 003B 001D 0006 0037 0019 001D 002D 0016 0031 0009 0006 0010 0031 0009 0006
0004 000C 0008 0009 0006 0007 0008 0004 000D 0007 0008 0009 0006 0007 0008 0009 0004 0039 0031 0009 0006 0007 0008 003A 003B 0033 0008 0009 0032 000C 0008 0009
0004 000D 0007 0008 0009 0006 0007 0004 003D 001C 0007 0008 0027 0013 0017 0008 0037 0019 0033 0008 0009 0006 0007 0004 0005 0006 0007 0008 002F 003C 0017 0008
0004 0005 0006 0007 0008 0009 0006 0037 0019 001D 0006 0007 003A 003B 001A 0007 0008 0009 0006 0010 0011 000F 0006 002F 0015 0012 001C 0007 000E 0014 001A 0007
0004 000B 0009 0006 0007 0008 0009 0006 0007 0008 0009 0006 0004 000B 0009 0006 0007 0008 0009 003A 003B 002C 0009 0006 003A 003B 001D 0006 002E 0015 000F 0006
001F 0039 0011 0012 0013 0016 0011 0012 0013 0016 0011 0012 001F 0039 0011 0012 0013 0016 0011 001F 0034 0016 0011 0012 001F 0039 0011 0012 0013 0035 001E 0012
