ATARI GAUNTLET MOTION OBJECT 16X16 TILEMAP
SOURCE: level-058.png
GRID: 32 X 32
TILE_SIZE: 16 X 16
ATLAS_TILES: 1344
UNIQUE_PIXEL_TILES: 197
CONNECTED_OBJECT_GROUPS: 28

0000 0020 0021 0022 0023 0024 0000 0000 0000 0000 0000 0000 0000 0000 0000 0000 0000 0025 0026 0027 0000 0000 0000 0000 0000 0028 0029 002A 0000 0000 0000 0000
0000 0040 0041 0042 0043 0044 0000 0000 0000 0000 0000 0000 002C 0000 0000 0000 0000 0045 0046 0047 0000 0000 0000 0000 0000 0048 0049 004A 004B 0000 0000 0000
0000 0000 0000 0000 0000 0000 0000 0000 0000 0000 0000 0000 0000 0000 0000 0000 0000 0000 0000 0000 0000 0000 0000 0000 0000 0000 0000 0000 0000 0000 0000 0000
0000 0000 0000 0000 0000 0000 0000 0000 0000 0000 0000 0000 0000 0000 0000 0037 0038 0039 0000 0000 0000 0000 0000 0000 0000 0000 0000 0000 0000 0000 0000 0000
0000 0000 0000 0000 0000 0000 003C 0000 0000 0051 0052 0053 0000 0055 0056 0057 0058 0059 005A 005B 0000 0000 0200 0201 0202 0203 0204 0000 0205 0206 0207 0208
0000 0000 0000 0000 0000 0000 0000 0000 0000 0071 0072 0073 0000 0075 0076 0077 0078 0079 007A 007B 0000 0000 0220 0221 0222 0223 0224 0000 0000 0000 0000 0000
0209 0000 0000 0000 0000 0000 0000 0000 0000 0000 0092 0093 0094 0095 0096 0097 0000 0099 0000 0000 0000 0000 0000 0000 0000 0000 0000 0000 0000 0000 020C 020D
0229 022A 022B 0000 0000 0000 0000 00AF 00B0 00B1 00B2 00B3 00B4 0000 0000 00B7 0000 00B9 0000 020E 020F 0210 0000 0000 0000 0000 0211 0212 0213 0000 022C 022D
0249 024A 024B 0000 0000 0000 0000 0000 0000 0000 0000 0000 0000 0000 0000 00D7 0000 00D9 0000 0000 0000 0000 0000 0000 0000 0000 0231 0232 0233 0000 0000 0000
0269 026A 026B 0000 0000 0000 0000 0214 0215 0216 0217 0218 0219 0000 0000 00F7 0000 00F9 0000 021A 021B 021C 0000 0000 0000 0000 0251 0252 0253 0000 0000 021D
0000 0000 0000 0000 0000 0000 0000 0234 0235 0236 0237 0238 0239 0000 0000 0117 0118 0119 0000 023A 023B 023C 0000 0000 0000 0000 0271 0272 0273 0000 0000 0000
0000 0000 0000 0000 0000 0000 0000 0000 0000 0000 0000 0000 0000 0000 0000 0137 0000 0139 0000 0000 0000 0000 0000 0000 0000 0000 0000 0000 0000 0000 0000 0000
0000 0000 0000 0000 0000 0000 014E 014F 0150 0151 0000 0000 0154 0155 0156 0157 0000 0159 0000 0000 0000 0000 0289 028A 028B 0000 0000 0000 0000 0000 0000 0000
0000 0000 0000 0000 0000 0000 016E 016F 0170 0000 0000 0000 0000 0000 0000 0177 0000 0179 0000 02A6 02A7 02A8 02A9 02AA 02AB 02AC 02AD 02AE 02AF 0000 0000 0000
0000 0000 0000 0000 0000 018D 018E 018F 0190 0191 0192 0193 0194 0195 0196 0197 0000 0000 0000 0000 0000 0000 0000 0000 0000 0000 02CD 02CE 02CF 0000 0000 0000
0000 0000 0000 0000 0000 01AD 01AE 01AF 01B0 0000 0000 01B3 0000 0000 0000 0000 0000 02E4 0000 02E6 02E7 02E8 02E9 02EA 02EB 02EC 02ED 02EE 02EF 02F0 0000 0000
0000 0000 0000 0000 0000 01CD 01CE 01CF 01D0 01D1 01D2 01D3 01D4 01D5 01D6 01D7 0000 0304 0305 0000 0000 0000 0000 030A 0000 0000 030D 030E 030F 0310 0000 0000
0000 0000 0000 0000 0000 0000 01EE 01EF 01F0 0000 0000 0000 0000 0000 0000 0000 0000 0000 0000 0326 0327 0328 0329 032A 032B 032C 032D 032E 032F 0330 0000 0000
0291 0292 0293 0000 0000 0000 0000 0000 0000 0000 0000 0000 0000 0000 0000 0000 0343 0000 0345 0000 0000 0000 0000 0000 0000 0000 034D 034E 034F 0000 0000 0000
02B1 02B2 02B3 0000 0000 0000 0000 0000 0000 0000 0000 0000 0000 0360 0361 0362 0363 0000 0365 0000 0000 0000 0296 0297 0298 0000 0000 0000 0000 0000 0000 0000
02D1 0000 0000 0000 0000 029B 0000 0000 0000 0000 0000 0000 0000 0000 0000 0000 0383 0000 0385 0000 02B4 02B5 02B6 02B7 02B8 02B9 02BA 0000 0000 0000 029C 029D
02F1 0000 0000 0000 0000 0000 0000 0000 0000 0000 0482 0000 0000 0000 0000 0000 03A3 0000 03A5 0000 02D4 02D5 02D6 0000 0000 0000 0000 0000 0000 0000 02BC 02BD
0311 0000 0000 0000 0000 0000 0000 0000 04A0 04A1 04A2 04A3 0000 0000 0000 0000 03C3 03C4 03C5 0000 02F4 02F5 02F6 02F7 02F8 02F9 0000 0000 0000 0000 02DC 02DD
0000 0000 0000 0000 0000 0000 0000 0000 04C0 04C1 04C2 04C3 04C4 0000 0000 0000 03E3 0000 03E5 0000 0000 0000 0000 0317 0318 0319 0000 0000 0000 0000 0000 0000
0485 0486 0487 0000 0000 0000 0000 0000 0000 04E1 04E2 04E3 0000 0000 0000 0000 0403 0000 0405 0000 0000 0000 0000 0000 0338 0339 033A 0000 0488 0489 048A 0000
04A5 04A6 04A7 0000 0000 0000 0000 0000 0000 0000 0000 0503 0504 0000 0000 0000 0423 0424 0425 0426 0427 0428 0000 0000 0000 0000 0000 0000 04A8 04A9 04AA 0000
0000 0000 0000 0000 0000 0000 0000 0000 0000 0000 0522 0523 0524 0000 0000 0000 0443 0444 0445 0446 0447 0000 0000 0000 0000 0000 0000 0000 04C8 04C9 04CA 0000
048B 048C 048D 0000 0000 0000 0000 0000 0000 0000 0000 0000 0000 0000 0000 0000 0463 0464 0465 0000 0000 0000 0000 0000 0000 0000 0000 0000 0000 0000 0000 0000
04AB 04AC 04AD 0000 0000 0000 0000 0000 0000 0000 0000 0000 0000 0000 0000 0000 0000 0000 0000 0000 0000 0000 0000 0000 0000 0000 0000 0000 0000 0000 0000 0000
0000 04CC 04CD 04CE 0000 0000 0000 0000 0000 0000 0000 0000 0000 0000 0000 0000 0000 0000 0000 0000 0000 0000 0000 0000 0000 0000 0000 0000 0000 0000 0000 0000
0000 04EC 04ED 04EE 04EF 04F0 04F1 0000 0492 0493 0494 0000 0495 0496 0497 0000 0000 0000 0000 0000 0000 0000 0000 0000 0498 0499 049A 049B 0000 0000 0000 0000
0000 0000 050D 050E 050F 0510 0511 0000 04B2 04B3 04B4 0000 04B5 04B6 04B7 0000 0000 0000 0000 0000 0000 0000 049C 0000 04B8 04B9 04BA 04BB 0000 0000 0000 0000
