ATARI GAUNTLET MOTION OBJECT 16X16 TILEMAP
SOURCE: level-062.png
GRID: 32 X 32
TILE_SIZE: 16 X 16
ATLAS_TILES: 704
UNIQUE_PIXEL_TILES: 123
CONNECTED_OBJECT_GROUPS: 30

0000 0000 0000 0000 0000 0000 0000 0000 0000 0000 0000 0000 0000 0000 0021 0022 0023 0024 0025 0000 0000 0000 0000 0000 0000 0000 0000 0000 0000 0000 0000 0000
0000 0000 0000 0000 0000 0000 0000 0000 0000 0000 0000 0000 0000 0040 0041 0042 0043 0044 0045 0046 0000 0000 0000 0000 0000 0000 0000 0000 0000 0000 0000 0000
0000 0000 0000 0028 0000 0000 0000 0000 0000 0000 0000 0000 0000 0060 0061 0062 0063 0064 0065 0066 0000 0000 0000 0000 0000 0000 0000 0000 0000 002B 002C 0000
0000 0000 0047 0048 0049 0000 0000 0000 0000 0000 0000 0000 0000 0000 0000 0000 0000 0000 0000 0000 0000 0000 0000 0000 0000 0000 0000 0000 004A 004B 004C 0000
0000 0000 0000 0000 0069 0000 0000 0000 0000 0000 0000 0000 0000 0000 0000 0000 0000 0000 0000 0000 0000 0000 0000 0000 0000 0000 0000 0000 006A 0000 0000 0000
0000 0000 0000 0000 0000 0000 0000 0000 0000 0000 0000 0000 0000 0000 0000 0037 0000 0039 0000 0000 0000 0000 0000 0000 0000 0000 0000 0000 0000 008B 008C 008D
0000 0000 0000 0000 0000 0000 0000 0000 0000 0000 0000 0000 0000 0055 0056 0057 0058 0000 0000 0000 0000 0000 0000 0000 0000 0000 003B 0000 0000 00AB 00AC 00AD
0000 0000 0000 0000 0000 0000 006E 006F 0070 0000 0000 0000 0074 0075 0076 0077 0078 0000 0000 0000 0000 0000 0000 0000 0000 005A 0000 0000 0000 0000 0000 0000
0000 0000 0000 0000 003D 0000 008E 008F 0090 0091 0092 0093 0094 0095 0096 0000 0098 0000 0000 0000 0000 0000 0000 0000 0000 0000 0000 0000 0000 0000 0000 0000
0000 0000 0000 005C 0000 0000 0000 0000 0000 00B1 0000 0000 0000 0000 0000 0000 0000 0000 0000 0000 0000 0000 0000 00E4 00E5 0000 0000 0000 0000 0000 0000 0000
0000 0000 0000 0000 007D 0000 0000 0000 0000 0000 00D2 0000 0000 0000 0000 0000 0000 0000 0000 0000 0000 0000 0103 0104 0105 0000 0000 0000 0000 0000 0000 0000
0000 0000 0000 0000 0000 0000 0000 0000 0000 0000 0000 0000 0000 0000 0000 0000 0000 0000 0000 0000 0000 0000 0123 0000 0000 0126 0000 0000 0000 0000 0000 0000
00E8 0000 0000 0000 0000 0000 0000 0000 0000 0000 0000 0000 0000 0000 0000 0000 00EB 0000 0000 0140 0141 0142 0143 0144 0145 0000 0147 0000 0000 0000 00ED 00EE
0108 0000 0000 0000 0000 0000 0000 0000 0000 0000 0000 0000 0000 0000 0000 010A 0000 0000 0000 0160 0161 0162 0163 0164 0165 0000 0000 0000 0000 0000 010D 010E
0000 0000 0000 0000 00F2 0000 0000 0000 0000 0000 0000 0000 0000 0000 0000 012A 012B 012C 0000 0000 0000 0182 0000 0000 0000 0186 0000 0000 0000 0000 0000 0000
0000 010F 0110 0111 0000 0000 0000 0000 0000 00F5 0000 0000 0000 0000 0149 014A 014B 0000 0000 0000 01A1 0000 0000 0000 0000 0000 0000 0000 0000 0000 0000 0000
0000 012F 0130 0131 0132 0000 0000 0113 0114 0115 0000 0000 0000 0000 0000 016A 0000 016C 0000 0000 0000 0000 0000 0000 0000 0000 0000 0000 00F6 0000 0000 0000
0000 0000 0000 0000 0000 0000 0000 0000 0000 0000 0000 0000 0000 0000 0000 0000 0000 0000 0000 0000 0000 0000 0000 0000 00FC 00FD 00FE 0000 0116 0117 0118 0000
0000 0000 0000 0000 0000 0000 0000 00FF 0000 0000 0000 0000 0000 0000 0000 0000 0000 0000 0000 0000 0000 0000 0000 0000 011C 011D 011E 0000 0136 0000 0000 0000
0000 0000 0000 0000 0000 0000 0000 0000 0000 0000 0000 01C1 0000 0000 0000 0000 01C4 0000 0000 0000 0000 0000 013A 013B 013C 0000 013E 0000 0000 0157 0158 0159
0000 0000 0000 0000 0000 0000 0000 0000 0000 0000 01E0 01E1 01E2 0000 0000 01E3 0000 01E5 0000 0000 0000 0000 0000 0000 0000 015D 0000 0000 0000 0177 0178 0179
0000 0000 0000 0000 01C8 0000 0000 0000 0000 0000 0200 0201 0202 0000 0000 0000 0204 0000 0000 0000 0000 01C9 0000 0000 0000 0000 0000 0000 0000 0000 0000 0000
0000 0000 01E6 01E7 01E8 0000 0000 0000 0000 0000 0000 0000 0000 0000 0000 0000 0000 0000 0000 0000 0000 0000 0000 0000 0000 0000 0000 0000 0000 0000 0000 0000
0000 0000 0000 0000 0208 0000 0000 0000 01CA 0000 01CB 01CC 01CD 0000 0000 0000 0000 01CE 01CF 01D0 0000 0000 0000 0000 0000 0000 0000 0000 0000 0000 0000 0000
0000 0000 0000 0000 0000 0000 0000 0000 0000 0000 0000 0000 0000 0000 0000 0000 0000 01EE 01EF 01F0 01F1 01F2 0000 0000 0000 01D3 0000 0000 0000 0000 0000 0000
0000 01D6 01D7 01D8 0000 0000 0000 0000 0000 0000 0000 0000 0000 0000 0000 0000 0000 0000 0000 0210 0211 0212 0000 0000 0000 01F3 01F4 01F5 0000 0000 0000 0000
0000 01F6 01F7 01F8 0000 0000 0000 0000 0000 0000 0000 0000 0000 0000 0000 0000 01DB 0000 0000 0000 0000 0000 0000 0000 0000 0000 0000 0000 0000 0000 0000 0000
0000 0000 0000 0000 0219 021A 0000 0000 0000 0000 0000 0000 0000 0000 0000 0000 0000 0000 0000 0000 0000 0000 0000 0000 0000 0000 0000 0000 0000 0000 0000 0000
0000 0000 0000 0238 0239 023A 0000 01DC 0000 01DE 0000 0000 0000 0260 0000 0000 0000 0000 0000 0000 0000 0000 0262 0000 0264 0000 0000 0000 0265 0000 0000 0000
0000 0000 0000 0258 0000 0000 0000 0000 01FD 01FE 01FF 0000 0000 0000 0000 0000 0268 0000 0000 0000 0000 0281 0282 0283 0000 0000 0000 0000 0285 0286 0287 0000
0000 0000 0000 0000 0000 0000 0000 021C 021D 021E 021F 0000 0000 0000 0000 0000 0288 0289 0000 0000 0000 02A1 02A2 02A3 02A4 0000 0000 0000 0000 0000 0000 0000
0000 0000 0000 0000 0000 0000 0000 0000 0000 0000 0000 0000 0000 0000 0000 0000 0000 0000 0000 0000 0000 0000 0000 0000 0000 0000 0000 0000 0000 0000 0000 0000
