ATARI GAUNTLET MOTION OBJECT 16X16 TILEMAP
SOURCE: level-017.png
GRID: 32 X 32
TILE_SIZE: 16 X 16
ATLAS_TILES: 448
UNIQUE_PIXEL_TILES: 123
CONNECTED_OBJECT_GROUPS: 33

0000 0000 0000 0000 0000 0000 0000 0000 0000 0000 0000 0000 0000 0020 0021 0022 0000 0000 0000 0024 0025 0000 0000 0000 0000 0000 0000 0000 0000 0000 0000 0000
0028 0029 0000 0000 002A 002B 0000 0000 0000 002D 0000 0000 0000 0040 0041 0042 0000 0000 0043 0044 0045 0000 0047 0000 002E 002F 0030 0000 0000 0000 0000 0034
0000 0000 0000 0000 004A 004B 004C 0000 0000 0000 0000 0000 0000 0000 0000 0000 0000 0000 0000 0000 0000 0066 0000 0000 0000 0000 0000 0051 0052 0053 0000 0000
0000 0000 0000 0000 0000 0000 0000 0000 0000 0000 0000 0000 0000 0000 0000 0000 0000 0000 0000 0000 0000 0000 0000 0000 0000 0000 0000 0000 0000 0000 0000 0000
0000 0000 0036 0000 0000 0000 0000 0000 0000 0000 0000 0000 0000 0000 0000 0000 0000 0000 0039 003A 003B 0000 0000 0000 0000 0000 0000 0000 0000 0000 0000 0000
0000 0000 0056 0000 0000 0000 0000 0000 0000 0000 0000 0000 0000 0000 0000 0000 0000 0000 0059 005A 005B 0000 0000 0000 0000 0000 0000 0000 0000 0000 0000 0000
0000 0000 0076 0077 0078 0000 0000 0000 0000 0000 00A0 00A1 00A2 00A3 00A4 0000 0000 0000 0000 0000 0000 0000 0000 00A5 00A6 0000 0000 0000 0000 0000 0000 0000
0000 0095 0096 0097 0098 0000 0000 0000 0000 0000 00C0 00C1 00C2 00C3 00C4 0000 0000 0000 0000 0000 0000 0000 0000 00C5 00C6 00C7 0000 0000 0000 0000 0000 0000
0000 0000 0000 0000 0000 0000 0000 0000 0000 0000 0000 0000 0000 0000 0000 0000 0000 0000 0000 0000 0000 0000 0000 0000 0000 0000 0000 0000 0000 0000 0000 0000
0000 0000 0000 0000 0000 0000 0000 0000 0000 0000 0000 0000 0000 00A8 0000 0000 0000 0000 00AA 00AB 00AC 0000 0000 0000 0000 0000 0000 0000 0000 0000 0000 0000
0000 0000 0000 0000 0000 0000 0000 0000 0000 0000 0000 0000 0000 00C8 00C9 0000 0000 0000 0000 0000 0000 0000 0000 0000 0000 0000 0000 0000 0000 0000 0000 0000
0000 0000 0000 0000 0000 0000 0000 0000 0000 0000 0000 0000 0000 0000 0000 0000 0000 0000 0000 0000 0000 0000 0000 0000 0000 0000 00AD 00AE 00AF 00B0 00B1 00B2
00B3 0000 0000 0000 00B6 0000 0000 0000 0000 0000 0000 0000 0000 0000 0000 0000 0000 0000 0000 0000 0000 0000 0000 0000 0000 0000 00CD 00CE 00CF 00D0 00D1 00D2
00D3 00D4 0000 00D5 0000 0000 0000 00D9 00DA 00DB 0000 0000 0000 0000 0000 0000 0000 0000 00BC 00BD 00BE 0000 0000 0000 0000 0000 00ED 00EE 00EF 0000 0000 00F2
0000 0000 0000 00F5 00F6 00F7 00F8 00F9 00FA 00FB 0000 0000 0000 0000 0000 0000 0000 0000 0000 0000 0000 0000 0000 0000 0000 0000 0000 0000 0000 0000 0000 0000
0000 0000 0000 0000 0000 0000 0000 0000 0000 0000 0000 0000 0000 0000 0000 0000 0000 0000 0000 0000 0000 0000 0000 0000 0000 0000 0000 0000 0101 0000 0000 0000
0000 0000 0000 0000 0000 0000 0000 0000 0000 0000 0000 0000 0000 0000 0000 0000 0000 0000 0000 0000 0000 0000 0000 0000 0000 0000 0000 0120 0000 0000 0000 0000
0000 0000 0000 0000 0000 0102 0103 0104 0000 0000 0000 0000 0105 0106 0107 0000 0000 0000 0000 0000 0000 0000 0000 0000 0000 0000 0000 0000 0000 0000 0000 0000
0000 0000 0000 0000 0000 0122 0123 0124 0000 0000 0000 0000 0125 0126 0127 0000 0000 0108 0109 010A 0000 0000 0000 0000 0000 0000 0000 0000 0000 0000 0000 0000
0000 0000 0000 0000 0000 0000 0000 0000 0000 0000 0000 0000 0000 0000 0000 0000 0000 0128 0129 012A 0000 0000 0000 0000 0000 0000 0000 0000 0000 0000 0000 0000
0000 0000 0000 0000 0000 0000 0000 0000 0000 0000 0000 0000 0000 0000 0000 0000 0000 0000 0000 0000 0000 0000 0000 0000 0000 0000 0000 0000 0000 0000 0000 0000
0000 0000 0000 0000 0000 0000 0000 0000 0000 0000 0000 0000 0000 0000 0000 0000 0000 010B 010C 010D 0000 0000 0000 0000 0000 0000 0000 0000 010E 010F 0110 0000
0000 0000 0000 0111 0112 0113 0000 0000 0000 0000 0000 0000 0000 0000 0000 0000 0000 012B 012C 012D 0000 0000 0000 0000 0000 0000 0000 0000 012E 012F 0130 0000
0000 0000 0000 0000 0000 0000 0000 0000 0000 0000 0000 0000 0000 0114 0115 0116 0000 0000 0000 0000 0000 0000 0000 0000 011B 011C 011D 0000 0000 0000 0000 0000
0000 0140 0141 0142 0000 0000 0000 0000 0000 0000 0000 0000 0000 0000 0135 0136 0137 0000 0000 0000 0000 0138 0139 013A 013B 013C 013D 0000 0000 0143 0144 0145
0000 0000 0000 0000 0000 0000 0000 0000 0000 0000 0000 0000 0000 0000 0000 0000 0000 0000 0000 0000 0000 0000 0000 0000 0000 0000 0000 0000 0000 0163 0164 0165
0000 0000 0000 0000 0000 0000 0000 0000 0000 0000 0000 0000 0000 0000 0000 0000 0000 0000 0000 0000 0000 0000 0000 0000 0000 0000 0000 0000 0000 0183 0184 0185
0000 0000 0000 0146 0147 0148 0000 0000 0000 0000 0000 0000 0000 0000 0000 0000 0000 0000 0000 0000 0000 0000 0000 0000 0000 0000 0000 0000 0000 0000 0000 0000
0000 0000 0000 0166 0167 0168 0000 0000 0000 0000 0000 0000 0000 014A 014B 014C 0000 0000 0000 0000 0000 0000 0000 0000 0000 0000 0000 0000 0000 0000 014D 0000
0000 0000 0000 0000 0000 0000 0000 0000 0000 0000 0000 0000 0000 016A 016B 016C 0000 0000 0000 0000 0000 0000 0000 0000 0000 0000 0000 0000 0000 0000 0000 0000
0000 0000 0000 0000 0000 0000 0000 014E 014F 0000 0000 0000 0189 018A 018B 0000 0000 0000 0000 0000 0000 0000 0150 0151 0152 0000 0000 0000 0000 0000 0000 0000
0000 0000 0000 0000 0000 0000 0000 0000 0000 0000 0000 0000 01A9 01AA 01AB 0000 0000 0000 0000 0000 0000 0000 0170 0171 0172 0000 0000 0000 0000 0000 0000 0000
