ATARI GAUNTLET MOTION OBJECT 16X16 TILEMAP
SOURCE: level-073.png
GRID: 32 X 32
TILE_SIZE: 16 X 16
ATLAS_TILES: 832
UNIQUE_PIXEL_TILES: 124
CONNECTED_OBJECT_GROUPS: 33

0000 0000 0000 0000 0000 0000 0000 0000 0000 0000 0000 0000 0000 0000 0000 0000 0000 0000 0022 0000 0000 0000 0000 0000 0000 0000 0000 0000 0000 0000 0000 0000
0000 0000 0000 0000 0000 0000 0000 0000 0000 0000 0000 0000 0000 0000 0000 0000 0000 0000 0042 0000 0000 0000 0000 0000 0000 0000 0000 0000 0000 0000 0000 0000
0000 0000 0000 0025 0026 0027 0000 0000 0000 0000 0000 0000 0028 0000 0000 0000 0000 0000 0062 0000 0000 0000 0000 0000 0000 0000 0000 0000 0000 0000 0000 0000
0000 0000 0000 0045 0046 0047 0000 0000 0000 0000 0000 0000 0000 0000 0029 002A 002B 0000 0082 0083 0000 0000 0000 0000 0000 0000 0000 0000 0000 0000 0000 0000
0000 0000 0000 0000 0000 0000 0000 0000 0000 0000 0000 0000 0000 0000 0000 0000 0000 0000 00A2 00A3 00A4 0000 0000 0000 0000 0000 0000 0000 0000 0000 0000 0000
002C 0000 0000 0000 0000 0000 0000 0000 0000 0000 0000 0000 0000 0000 0000 0000 0000 0000 00C2 0000 0000 0000 0000 0000 0000 0000 0000 0000 0000 0000 002D 002E
004C 0000 0000 0000 0000 0000 0000 0000 0000 0000 0000 0000 0000 0000 0000 0000 0000 0000 00E2 0000 0000 002F 0030 0031 0000 0000 0000 0000 0000 0000 004D 004E
0000 0000 0000 0000 0000 0000 0000 0033 0000 0000 0000 0000 0000 0000 0000 0000 0000 0000 0102 0000 0000 004F 0050 0051 0000 0000 0000 0000 0000 0000 0000 0000
0000 0000 0000 0000 0000 0000 0052 0000 0000 0000 0000 0000 0000 0000 0000 0000 0000 0000 0122 0000 0000 0000 0000 0000 0000 0000 0000 0000 0000 0000 0000 0000
0000 0000 0000 0000 0000 0000 0000 0073 0074 0075 0000 0000 0000 0000 0000 0000 0140 0141 0000 0000 0000 0000 0000 0000 0000 0000 0000 0000 0000 0000 0000 0000
0000 0000 0000 0036 0037 0038 0000 0093 0094 0095 0000 0000 0000 0000 0000 0000 0160 0161 0162 0000 0000 0000 0000 0000 0000 0000 0000 0000 0000 003A 003B 0000
0000 0000 0000 0000 0000 0000 0000 0000 0000 0000 0000 0000 0000 0000 0000 0000 0000 0000 0000 0000 0000 0000 003D 003E 0000 0000 0000 0000 0059 005A 005B 0000
0180 0181 0182 0000 0000 0000 0000 0000 0184 0185 0000 0000 0000 0000 0000 0000 0000 0186 0187 0000 0000 005C 005D 005E 0000 0000 0000 0000 0000 0000 0000 0000
01A0 01A1 01A2 0000 0000 0000 0000 01A3 01A4 01A5 0000 0000 0000 0000 0000 0000 0000 0000 0000 0000 0000 007C 007D 007E 0000 0000 0000 0000 0000 0000 0000 0188
0000 0000 0000 0000 0000 0000 0000 0000 0000 0000 0000 0000 0000 0000 0000 0000 0000 0000 0000 0000 0000 0000 0000 0000 0000 0000 018A 018B 0000 0000 0000 0000
0000 0000 0000 0000 0000 0000 0000 0000 0000 0000 0000 0000 0000 0000 0000 018C 018D 0000 0000 018F 0000 0000 0000 0000 0000 01A9 01AA 01AB 0000 0000 0000 0000
0000 0000 0000 0000 0000 0190 0191 0192 0000 0000 0000 0000 0000 0000 0000 0000 01AD 01AE 0000 0000 0000 0000 0000 0000 0000 0000 0000 0000 0000 0000 0000 0000
0000 0193 0000 0000 0000 01B0 01B1 01B2 0000 0000 0000 0000 0000 0000 0000 0000 0000 0000 0000 0000 0000 0000 0000 0000 0000 0000 0000 0000 0000 0000 0000 0000
0000 0000 0000 0000 0000 01D0 01D1 0000 0000 0000 0195 0196 0000 0000 0000 0000 0000 0000 0000 0000 0000 0000 0000 0197 0198 0199 0000 0000 0000 0000 0000 0000
0000 0000 0000 0000 0000 0000 0000 0000 0000 01B4 01B5 01B6 0000 0000 0000 0000 0000 0000 0000 0000 0000 0000 0000 01B7 01B8 01B9 0000 0000 0000 0000 0000 0000
0000 0000 0000 0000 0000 0000 0000 0000 0000 0000 0000 0000 0000 0000 0000 0000 0000 0000 0000 0000 0000 0000 0000 0000 0000 0000 0000 0000 0000 0000 0000 0000
0000 0000 0000 019A 019B 019C 0000 0000 0000 0000 0000 0000 0000 01E1 01E2 0000 01E4 01E5 01E6 0000 0000 0000 0000 0000 0000 0000 0000 0000 0000 0000 0000 0000
0000 0000 0000 01BA 01BB 01BC 0000 0000 0000 0000 0000 0000 0200 0201 0202 0000 0204 0205 0206 0000 0000 0000 0000 0000 0000 0000 0000 0000 0000 0000 0000 0000
01E7 0000 0000 0000 0000 0000 0000 0000 0000 0000 0000 0000 0000 0000 0222 0223 0000 0000 0226 0000 0000 0000 0000 0000 0000 0000 0000 0000 0000 0000 01EA 01EB
0207 0000 0000 0000 0000 0000 0000 0000 0000 0000 0000 0000 0000 0000 0000 0000 0000 0000 0246 0000 0000 0000 0000 0000 01EC 01ED 01EE 0000 0000 0000 020A 020B
0000 0000 0000 01EF 01F0 01F1 0000 0000 0000 0000 0000 0000 0000 0000 0000 0000 0000 0000 0266 0000 0000 0000 01F2 0000 020C 020D 020E 0000 0228 0229 022A 0000
0000 0000 0000 020F 0210 0211 0000 0000 0000 0000 0000 0000 0000 0000 0000 0000 0000 0285 0286 0000 0000 0000 0000 0000 0000 0000 0000 0000 0248 0249 024A 0000
0000 0000 0000 022F 0230 0231 0000 01F3 01F4 01F5 0000 0000 0000 0000 0000 0000 0000 0000 02A6 0000 01F7 01F8 01F9 0000 0000 0000 0000 0000 0000 0000 0000 0000
0000 0000 0000 024F 0250 0251 0000 0213 0214 0215 0216 0000 0000 0000 0000 0000 0000 0000 02C6 0000 0217 0218 0219 0000 0000 0000 01FA 0000 0000 0000 0000 0000
0000 0000 0000 0000 0000 0000 0000 0000 0000 0000 0000 0000 0000 0000 0000 0000 0000 0000 02E6 0000 0000 0000 0000 0000 0000 0000 0000 0000 01FC 01FD 0000 0000
0000 0000 0000 0000 0000 0000 0000 0000 0000 0000 0000 0000 0000 0000 0000 0303 0304 0305 0306 0000 0000 0000 0000 0000 0000 0000 0000 021B 021C 021D 0000 0000
0000 0000 0000 0000 0000 0000 0000 0000 0000 0000 0000 0000 0000 0000 0000 0323 0324 0325 0326 0000 0000 0000 0000 0000 0000 0000 0000 0000 0000 0000 0000 0000
