ATARI GAUNTLET MOTION OBJECT 16X16 TILEMAP
SOURCE: level-032.png
GRID: 32 X 32
TILE_SIZE: 16 X 16
ATLAS_TILES: 1280
UNIQUE_PIXEL_TILES: 203
CONNECTED_OBJECT_GROUPS: 20

0020 0000 0000 0000 0000 0000 0000 0000 0000 0000 0000 0000 0000 0000 0000 0000 0023 0000 0000 0000 0000 0000 0000 0000 0000 0000 0000 0000 0000 0000 0025 0026
0040 0041 0042 0000 0000 0000 0027 0028 0029 0000 002A 0000 0000 0000 0000 0000 0043 0044 0000 0000 0000 0000 0071 0000 0000 0000 0000 0000 0000 0000 0045 0046
0000 0000 0000 0000 0000 0000 0000 0000 0000 0000 0000 0000 0000 0000 0000 0000 0000 0000 0000 0000 0000 0090 0091 0092 0000 0000 0000 0000 0000 0000 0000 0000
0000 007C 007D 0000 0000 0000 0000 0000 0000 0000 0000 0000 00A7 0000 0000 0000 0000 0000 00AD 0000 00AF 00B0 00B1 00B2 0000 0000 0440 0441 0442 0000 0000 0000
0000 009C 009D 009E 0000 0000 0000 0000 0000 0000 00C5 00C6 00C7 0000 00C9 0000 00CB 0000 00CD 0000 00CF 00D0 00D1 0000 0000 0000 0460 0461 0462 0000 0000 0000
00BB 00BC 00BD 0000 0000 0000 0000 0000 0000 0000 00E5 00E6 00E7 0000 00E9 0000 00EB 0000 00ED 0000 00EF 00F0 00F1 0000 0000 0000 0000 0000 0000 0000 0000 0000
00DB 00DC 00DD 0000 0000 0000 0000 0000 0103 0104 0105 0000 0107 0000 0109 0000 010B 0000 010D 0000 010F 0000 0000 0000 0000 0000 0000 0000 0000 0000 0000 0000
0000 0000 0000 0000 0000 0000 0000 0000 0123 0124 0125 0000 0127 0000 0129 0000 012B 0000 012D 0000 012F 0000 0000 0000 0000 0000 0000 0000 0000 0000 0000 0000
0000 0000 0000 0000 0000 0000 0000 0000 0000 0000 0000 0000 0147 0000 0149 0000 014B 0000 014D 0000 014F 0000 0000 0000 0000 0000 0000 0000 0000 0000 0000 0000
0000 0000 0000 0000 0000 0000 0000 0000 0000 0000 0000 0000 0167 0000 0169 0000 016B 0000 016D 0000 016F 0000 0000 0000 0173 0174 0000 0000 0000 0000 0000 0000
0443 0000 0000 0000 0000 0000 0000 0000 0000 0000 0000 0000 0187 0000 0189 0000 018B 0000 018D 0000 018F 0000 0000 0000 0193 0194 0195 0000 0000 0000 0444 0445
0463 0000 0000 0000 0446 0447 0448 0000 0000 0000 0000 0000 01A7 0000 01A9 0000 01AB 0000 01AD 0000 01AF 0000 01B1 01B2 01B3 01B4 01B5 0000 0000 0000 0464 0465
0000 0000 0000 0000 0466 0467 0468 0000 0000 0000 0000 0000 01C7 0000 01C9 0000 01CB 0000 01CD 0000 01CF 0000 01D1 01D2 01D3 01D4 01D5 0000 0000 0000 0000 0000
0000 0000 0000 0000 0000 0000 0000 0000 0000 0000 01E5 01E6 01E7 0000 01E9 0000 01EB 0000 01ED 0000 01EF 01F0 01F1 0000 0000 0000 0000 0000 0000 0000 0000 0000
0449 0000 0000 0000 0000 0000 0000 0000 0000 0000 0205 0206 0207 0000 0209 0000 020B 0000 020D 0000 020F 0210 0211 0000 0000 0000 0215 0216 0217 0000 0219 021A
0469 0000 0000 0000 0000 0000 0000 0000 0000 0000 0000 0000 0227 0000 0229 0000 022B 0000 022D 0000 022F 0000 0000 0000 0000 0000 0235 0236 0237 0000 0239 023A
0489 0000 0000 0000 0000 0000 0000 0000 0243 0000 0000 0000 0247 0248 0249 024A 024B 0000 0000 024E 024F 0250 0251 0252 0253 0254 0255 0256 0257 0258 0259 025A
04A9 0000 0000 0000 0000 0260 0261 0262 0263 0000 0000 0266 0267 0268 0269 026A 026B 026C 026D 026E 026F 0270 0271 0000 0000 0000 0275 0276 0277 0000 0279 027A
0000 0000 0000 0000 0000 0000 0000 0000 0283 0000 0000 0286 0000 0288 0000 028A 0000 028C 0000 028E 0000 0290 0291 0000 0000 0000 0295 0296 0297 0000 0000 0000
044A 044B 044C 0000 0000 0000 0000 0000 02A3 0000 0000 02A6 0000 02A8 02A9 02AA 0000 02AC 02AD 02AE 0000 02B0 02B1 02B2 02B3 02B4 0000 0000 0000 0000 0000 0000
046A 0000 0000 0000 0000 0000 0000 0000 02C3 0000 0000 02C6 0000 02C8 02C9 02CA 0000 02CC 02CD 02CE 0000 02D0 0000 0000 0000 0000 02D5 02D6 02D7 0000 044D 044E
048A 0000 0000 0000 0000 0000 0000 0000 02E3 0000 0000 02E6 0000 02E8 02E9 02EA 0000 02EC 02ED 02EE 0000 02F0 0000 0000 0000 0000 02F5 02F6 02F7 0000 046D 046E
0000 0000 0000 0000 0000 0000 0000 0302 0303 0304 0305 0306 0307 0308 0309 030A 0000 030C 030D 030E 0000 0310 0000 0000 0000 0000 0000 0000 0000 0000 0000 0000
0000 0000 0000 0000 0000 0000 0000 0000 0000 0000 0000 0326 0000 0328 0000 032A 0000 032C 0000 032E 0000 0330 0000 0000 0000 0000 044F 0450 0451 0000 0000 0000
0452 0000 0000 0000 0000 0000 0000 0000 0000 0000 0000 0346 0347 0348 0000 034A 034B 034C 0000 034E 034F 0350 0000 0000 0000 0000 046F 0470 0471 0000 0359 035A
0472 0000 0000 0000 0000 0000 0000 0000 0000 0000 0000 0366 0367 0368 0369 036A 036B 036C 036D 036E 036F 0370 0371 0000 0000 0000 0000 0000 0000 0000 0379 037A
0492 0493 0494 0495 0000 0000 0000 0000 0000 0000 0000 0386 0387 0388 0389 038A 038B 038C 038D 038E 038F 0390 0000 0392 0393 0394 0395 0000 0000 0000 0399 039A
04B2 04B3 04B4 04B5 0000 0000 0000 0000 0000 0000 0000 03A6 03A7 03A8 03A9 03AA 03AB 03AC 03AD 03AE 03AF 03B0 0000 0000 03B3 03B4 0000 03B6 03B7 03B8 03B9 03BA
0000 0000 0000 0000 0000 0000 0000 0000 0000 0000 0000 03C6 03C7 03C8 03C9 03CA 03CB 03CC 03CD 03CE 03CF 03D0 0000 0000 0000 03D4 0000 03D6 03D7 03D8 0000 0000
0000 0000 0000 0000 0000 0000 0000 0000 0000 0000 0000 03E6 03E7 03E8 03E9 03EA 03EB 03EC 03ED 03EE 03EF 03F0 0000 0000 0000 03F4 0000 0000 0000 0000 0000 0000
0456 0000 0457 0458 0459 0000 045A 045B 045C 0000 0000 0406 0407 0408 0409 040A 040B 040C 040D 040E 040F 0410 0000 0000 0000 0414 0000 04C0 04C1 0000 04C3 04C4
0476 0000 0477 0478 0479 0000 047A 047B 047C 0000 0000 0000 0000 0000 0000 042A 042B 042C 0000 042E 0000 0000 0000 0000 0000 0434 0000 04E0 04E1 04E2 04E3 04E4
