ATARI GAUNTLET MOTION OBJECT 16X16 TILEMAP
SOURCE: level-069.png
GRID: 32 X 32
TILE_SIZE: 16 X 16
ATLAS_TILES: 1248
UNIQUE_PIXEL_TILES: 189
CONNECTED_OBJECT_GROUPS: 28

0000 0000 0000 0000 0000 0000 0000 0000 0000 0000 0000 0000 0000 0000 0000 0022 0023 0024 0000 0000 0000 0000 0000 0000 0000 0028 0029 002A 0000 0000 002B 0000
0000 0000 0000 0000 0000 0000 0000 0000 0000 0000 0000 0000 0000 0040 0041 0042 0043 0044 0045 0046 0047 0000 0000 0000 0000 0048 0049 004A 0000 0000 004B 0000
0000 0000 0000 0000 0000 0000 0000 0000 0000 0000 0000 0000 0000 0060 0061 0062 0063 0064 0065 0066 0067 0000 0000 0000 0000 0000 0000 0000 0000 0000 006B 0000
0000 0000 0000 0000 0000 0000 0000 0000 0000 0000 0000 0000 0000 0000 0000 0082 0083 0084 0000 0000 0000 0000 0000 0000 0000 0000 0000 0000 0000 0000 008B 0000
0000 0000 0000 0000 0000 0000 0000 0000 0000 0000 0000 002C 0000 0000 0000 0000 0000 0000 0000 0000 0000 0000 0000 0000 0000 0000 0000 0000 0000 0000 00AB 0000
0000 0000 0000 0000 0000 0000 002D 002E 002F 0030 0000 0000 0000 0000 0000 0000 0000 0000 0000 0000 0031 0032 0000 0000 0000 0000 0000 0000 0000 0000 0000 0000
0000 0000 0000 0000 0000 0000 004D 004E 004F 0050 0000 0035 0000 0000 0000 0000 0000 0000 0000 0000 0051 0052 0053 0000 0000 0000 0000 0000 0000 0000 0000 0000
0000 0000 0000 0000 0000 0000 0000 0000 0000 0000 0000 0000 0000 0000 0000 0000 0000 0000 0000 0000 0000 0000 0000 0074 0000 0000 0000 0000 0000 0000 0000 0000
0000 0000 0000 0000 0000 0000 0000 0000 0000 0000 0000 0000 0000 0000 0000 0000 0000 0000 0000 0000 0000 0000 0000 0000 0000 0000 0000 0036 0037 0038 0000 0000
0000 0000 0000 0039 0000 003A 0000 003B 0000 0000 0000 0000 0000 0000 0000 00C1 00C2 00C3 00C4 0000 0000 0000 0000 0000 0000 0000 0000 0056 0057 0058 0000 0000
0000 0000 0000 0000 0000 0000 0000 0000 0000 0000 0000 0000 0000 0000 00E0 00E1 00E2 00E3 00E4 0000 0000 0000 0000 0000 0000 0000 0000 0000 0000 0000 0000 0000
0000 0000 0000 00C5 00C6 00C7 0000 0000 0000 0000 0000 0000 0000 0000 0000 0000 0000 0000 0000 0000 0000 0000 0000 0000 0000 0000 0000 0000 0000 0000 0000 0000
00C8 0000 0000 00E5 00E6 00E7 0000 0000 0000 0000 0000 0000 0000 0000 0000 0000 0000 0000 0000 0000 0000 0000 0000 0000 0000 0000 0000 0000 0000 0000 00CE 00CF
00E8 0000 0000 0000 0000 0000 0000 0000 0000 0000 0000 0000 0000 0000 0000 0000 0000 0000 0000 0000 0000 00D0 00D1 00D2 0000 0000 0000 0000 0000 00ED 00EE 00EF
0108 0000 0000 0000 0000 0000 01E6 01E7 0000 0000 0000 0000 0000 0000 0000 0000 0000 0000 0000 0000 0000 00F0 00F1 00F2 00F3 00F4 00F5 0000 0000 010D 010E 010F
0128 0000 0000 0000 0000 0205 0206 0207 0208 0000 0000 0000 0000 0000 0000 0000 0000 0000 0000 0000 0000 0000 0000 0000 0000 0000 0000 0000 0000 012D 012E 012F
0148 0000 0000 0000 0224 0225 0226 0227 0228 0000 0000 0000 0000 0000 01EE 01EF 01F0 0000 0000 0000 0000 0000 03E1 03E2 0000 0000 0000 0000 0000 014D 014E 014F
0000 0000 0000 0243 0244 0245 0246 0000 0000 0000 0000 0000 0000 020D 020E 020F 0210 0211 0000 0000 0000 0400 0401 0402 0000 0169 016A 016B 016C 016D 0000 0000
0260 0261 0262 0263 0264 0265 0266 0000 0000 0000 0000 0000 0000 022D 022E 022F 0230 0231 0000 0000 0000 0000 0000 0000 0000 0189 018A 018B 018C 018D 0000 0000
0280 0281 0282 0283 0000 0000 0000 0000 0000 0000 0000 0000 0000 0000 024E 024F 0250 0000 0000 0000 0000 0000 0000 0000 0000 01A9 01AA 01AB 01AC 01AD 0000 0000
02A0 02A1 02A2 0000 02A4 02A5 02A6 02A7 02A8 02A9 02AA 02AB 02AC 0000 0000 0000 0270 0271 0272 0000 0000 0275 0000 0000 0000 01C9 01CA 01CB 01CC 01CD 0000 0000
02C0 02C1 02C2 0000 0000 02C5 0000 0000 0000 0000 02CA 02CB 02CC 0000 0000 0000 0290 0291 0292 0000 0294 0295 0000 0000 0000 0000 0000 0000 0000 0000 0000 0000
0000 0000 0000 0000 0000 0000 0000 0000 0000 0000 0000 0000 0000 0000 0000 0000 0000 0000 0000 02B3 0000 02B5 02B6 02B7 02B8 02B9 02BA 02BB 02BC 02BD 0000 0000
0000 0000 0000 03E4 03E5 0000 0000 03E7 03E8 0000 0000 03EA 03EB 0000 0000 0000 0000 0000 0000 02D3 02D4 0000 0000 02D7 0000 02D9 02DA 02DB 02DC 02DD 0000 0000
03F6 0000 0403 0404 0405 0000 0406 0407 0408 0000 0409 040A 040B 040C 040D 040E 040F 0000 0000 0000 0000 0000 0000 0000 02F8 0000 02FA 02FB 02FC 0000 02FE 02FF
0416 0000 0000 0000 0000 0000 0000 0000 0000 0000 0000 0000 0000 0000 042D 042E 042F 0430 0431 0432 0000 0434 0435 0000 0318 0000 031A 031B 031C 031D 031E 031F
0436 0000 0000 0000 0000 0000 0000 0000 0000 0000 0000 0000 0000 0000 0000 0000 0000 0450 0451 0452 0453 0454 0455 0000 0338 0000 0000 0000 0000 033D 033E 033F
0456 0000 03F7 03F8 03F9 0000 03FA 03FB 03FC 0000 0000 0000 0000 0000 0000 0000 0000 0000 0000 0000 0473 0474 0475 0000 0358 0359 035A 035B 0000 035D 035E 035F
0000 0000 0417 0418 0419 0000 041A 041B 041C 0000 0000 0000 0000 0000 0000 0000 0000 0000 0000 0000 0000 0000 0000 0000 0378 0379 037A 037B 0000 0000 0000 0000
0000 0000 0000 0000 0000 0000 0000 0000 0000 0000 0000 0000 0000 0480 0481 0482 0000 0000 0000 0484 0000 0000 0000 0000 0000 0399 0000 039B 0000 0000 0000 0000
0000 0488 0000 0000 0000 0000 0000 0000 0000 0000 0000 0000 0000 04A0 04A1 04A2 04A3 0000 0000 0000 04A5 04A6 04A7 0000 0000 03B9 0000 0000 0000 0000 0000 0000
0000 04A8 0000 0000 0000 0000 0000 0000 0000 0000 0000 0000 0000 0000 04C1 04C2 04C3 0000 0000 0000 04C5 04C6 04C7 0000 03D8 03D9 0000 0000 0000 0000 0000 0000
