ATARI GAUNTLET PLAYFIELD 16X16 TILEMAP
SOURCE: level-085-playfield.png
GRID: 32 X 32
TILE_SIZE: 16 X 16
UNIQUE_TILES: 59

0000 0001 0002 0002 0002 0002 0002 0003 0001 0002 0002 0002 0002 0002 0002 0002 0002 0002 0002 0002 0002 0003 0001 0003 0001 0000 0001 0003 0001 0003 0001 0002
0004 0005 0006 0007 0008 0009 0006 0004 000A 000B 000C 000D 000E 000F 000C 000D 000E 000F 000C 0010 0008 0004 0011 0004 0012 0013 0014 0013 0015 0013 0016 0010
0017 000A 0009 0006 0018 0019 0009 0004 001A 001B 0001 0002 0002 0002 0002 0002 0002 0002 001C 0011 0007 0004 0005 001D 001E 0015 001F 0014 001F 0015 001F 0016
0020 001A 0008 0009 0021 001A 0008 0004 0011 0004 000A 0009 0022 000D 000E 000F 000C 0010 0004 0005 0006 0004 000A 0004 0023 001F 0015 001F 0014 001F 0015 0024
0017 0011 0007 0008 0004 0011 0007 0004 0005 0004 001A 0025 0024 0002 0002 0002 001C 0011 0004 000A 0009 0004 001A 001D 001E 0014 001F 0015 001F 0014 001F 0015
0020 0005 0006 0007 0004 0005 0006 0004 000A 0004 0011 0021 000A 0009 0006 0007 0004 0005 0004 001A 0008 0004 0011 0004 0012 001F 0014 001F 0015 001F 0014 0024
0017 000A 0009 0006 0004 000A 0009 0004 001A 0004 0005 0004 0026 000E 000F 000C 0017 000A 0004 0011 0007 0004 0005 001D 001E 0015 001F 0014 001F 0015 001F 0014
0020 001A 0008 0009 0004 001A 0008 0004 0011 0004 000A 0027 0002 0002 0002 0002 0020 001A 0004 0005 0006 0004 000A 0004 0023 001F 0015 001F 0014 001F 0015 0024
0017 0011 0007 0008 0004 0011 0007 0004 0005 0004 0026 000E 000F 000C 000D 000E 0017 0011 0004 000A 0009 0004 001A 001D 001E 0014 001F 0015 001F 0014 001F 0015
0020 0005 0006 0007 0004 0005 0006 0004 000A 0027 0002 0002 0002 0002 0002 0002 0028 0029 0004 001A 0008 0004 0011 0004 0012 001F 0014 001F 0015 001F 0014 0024
0017 000A 0009 0006 0004 000A 0009 0004 0026 000E 000F 000C 000D 000E 000F 000C 000D 000E 0017 0023 000D 0017 0005 001D 001E 0015 001F 0014 001F 0015 001F 0014
0020 001A 0008 0009 0004 001A 0008 0027 0002 0002 0002 0002 0002 0002 0002 0002 0002 0002 002A 0002 0003 002B 002C 0004 0023 001F 0015 001F 0014 001F 0015 0024
0017 0011 0007 0008 0004 0011 0007 0008 0009 0006 0007 0008 0009 0006 0007 0008 0009 0006 0007 0008 0004 0011 0007 001D 001E 0014 001F 0015 001F 0014 001F 0015
0020 0005 0006 0007 0004 002D 000C 000D 000E 000F 000C 000D 000E 000F 000C 000D 000E 000F 000C 000D 0017 0005 0006 0004 0012 001F 0014 001F 0015 001F 0014 0024
0017 000A 0009 0006 0027 0002 0002 0003 0001 0002 0002 0002 0003 0001 0002 0002 0002 0003 0001 0002 0020 000A 0009 001D 001E 0015 001F 0014 001F 0015 001F 0014
0020 001A 0008 0009 0006 0007 0008 0004 0011 0007 0008 0009 0004 001A 0008 0009 0006 0004 000A 0009 0004 001A 0008 0004 0023 001F 0015 001F 0014 001F 0015 0024
0017 0023 000D 000E 002E 0022 000D 0017 002D 000C 000D 000E 0017 0023 000D 000E 000F 0017 001A 0008 0004 0011 0007 0027 002F 0014 001F 0015 001F 0014 001F 0015
0000 0001 0002 002F 002C 0030 0002 002A 0002 0002 0002 0002 002A 0003 0001 0002 0002 0020 0011 0007 0004 0005 0006 0007 0008 0031 0032 0031 002C 0031 0032 0030
0017 000A 0009 0006 0007 0008 0009 0006 0007 0008 0009 0006 0007 0033 0034 0035 0007 0004 002D 000C 0017 0012 000F 000C 000D 000E 000F 000C 000D 000E 000F 000C
0020 001A 0008 0009 0006 0007 0008 0009 0006 0007 0008 0009 0006 0007 0031 0034 000C 0036 0002 0002 002A 0002 0002 0002 0002 0002 0002 0003 0001 0002 0002 0002
0004 0011 0007 0008 0009 0006 0007 0008 0009 0006 0007 0008 0009 0006 0018 0024 001C 0023 0010 0008 0009 0006 0007 0008 0009 0006 0007 0004 0005 0006 0018 0037
0004 0005 0006 0007 0008 0009 0006 0007 0008 0009 0006 0007 0008 0009 0021 0026 0036 001C 0023 0010 0008 0009 0006 0018 0019 0009 0006 0004 000A 0009 0021 001A
0004 000A 0009 0006 0007 0008 0009 0006 0007 0008 0009 0006 0007 0008 0027 002F 0038 0036 001C 0023 0010 0008 0009 0031 0038 0019 0009 0033 0039 0008 0004 0011
0004 001A 0008 0009 0006 0007 0008 0009 0006 0007 0008 0009 0006 0007 0008 0009 0031 0038 0036 001C 0011 0007 0008 0009 0021 001A 0008 0009 0006 0007 0004 0005
0017 0023 000D 000E 000F 000C 000D 000E 000F 000C 000D 000E 000F 000C 000D 000E 000F 003A 0026 0017 002D 000C 000D 000E 0017 0023 000D 000E 000F 000C 0017 0012
0000 0001 0002 0002 0002 0002 0002 0002 0002 0002 0002 0002 0002 0002 0002 0002 0002 002A 0002 002A 0002 0002 0002 0002 002A 0002 0002 0002 0002 0002 002A 0002
0004 000A 0009 0006 0007 0008 0009 0006 0007 0008 0009 0006 0007 0008 0009 0006 0007 0008 0009 0006 0007 0008 0009 0006 0007 0008 0009 0006 0007 0008 0009 0006
0017 001A 0008 000B 000C 000D 000E 000F 000C 000D 000E 000F 000C 000D 000E 000F 000C 000D 000E 000F 000C 000D 000E 000F 000C 000D 000E 000F 000C 000D 000E 000F
0020 0011 0007 0030 0002 0002 0002 0002 0002 0002 0002 0002 0002 0002 0002 0002 0002 0002 0002 0002 0002 0002 0002 0002 0002 0003 0001 0002 0002 0002 0002 0002
0004 0005 0006 0007 0008 0009 0006 0007 0008 0009 0006 0007 0008 0009 0006 0007 0008 0009 0006 0007 0008 0009 0006 0007 0008 0004 0011 0007 0008 0009 0006 0007
0004 000A 0009 0006 0007 0008 0009 0006 0007 0008 0009 0006 0007 0008 0009 0006 0007 0008 0009 0006 0007 0008 0009 0006 0007 0004 0005 0006 0007 0008 0009 0006
0017 0026 000E 000F 000C 000D 000E 000F 000C 000D 000E 000F 000C 000D 000E 000F 000C 000D 000E 000F 000C 000D 000E 000F 000C 0017 0012 000F 000C 000D 000E 000F
