ATARI GAUNTLET PLAYFIELD 16X16 TILEMAP
SOURCE: level-021-playfield.png
GRID: 32 X 32
TILE_SIZE: 16 X 16
UNIQUE_TILES: 58

0000 0001 0002 0002 0002 0002 0002 0002 0002 0002 0002 0002 0002 0002 0002 0002 0003 0002 0002 0002 0002 0002 0002 0002 0002 0002 0002 0002 0002 0002 0002 0002
0004 0005 0006 0007 0008 0009 0006 0007 0008 0009 0006 0007 0008 0009 0006 0007 0008 0009 0006 0007 0008 0009 0006 0007 0008 0009 0006 0007 0008 0009 0006 0007
0004 000A 0009 0006 0007 0008 0009 0006 0007 0008 0009 0006 0007 0008 0009 0006 0007 0008 0009 0006 0007 0008 0009 0006 0007 0008 0009 0006 0007 0008 0009 0006
000B 000C 000D 000E 000F 0010 0011 000E 000F 0010 0011 000E 000F 0010 0011 000E 000F 0010 0011 000E 000F 0010 0011 000E 000F 0010 0011 000E 000F 0010 0011 000E
0012 0013 0014 0002 0002 0002 0002 0002 0002 0002 0002 0002 0002 0015 0001 0002 0002 0002 0002 0002 0002 0002 0002 0002 0002 0002 0002 0002 0015 0001 0002 0002
0004 0005 0006 0007 0008 0009 0006 0007 0008 0009 0006 0007 0008 0004 0013 0007 0008 0009 0006 0007 0008 0009 0006 0007 0008 0009 0006 0007 0004 0005 0006 0007
0004 0016 000E 000F 0010 0011 000E 000F 0010 0011 000E 0017 0007 0004 0005 0006 0018 0019 001A 000F 0010 0019 0009 0006 0007 0008 0009 0006 0004 000A 0009 0006
001B 0001 0002 0002 0002 0002 0002 0002 0002 0002 001C 0005 0006 0004 000A 0009 001D 000C 001E 0001 001F 0020 0008 0009 0006 0007 0008 0009 0004 0021 0011 0022
0004 0013 0007 0008 0009 0006 0007 0008 0009 0006 0004 000A 0009 0004 000C 0008 0004 0013 0004 000A 0009 0006 0007 0008 0009 0006 0007 0008 0023 0002 001C 000A
0004 0005 0006 0007 0008 0009 0006 0007 0008 0009 0004 000C 0008 0004 0013 0007 0004 0005 0004 000C 0008 0009 0024 0025 000D 0022 0024 0025 000D 0022 0004 000C
0004 000A 0009 0006 0007 0008 0009 0006 0007 0008 0004 0013 0007 0004 0005 0006 0004 000A 0004 0013 0007 0008 0026 0027 0026 0028 0026 0027 001D 000A 0004 0013
0004 0029 0019 0009 0006 0007 0008 0009 0006 0018 000B 0005 0006 0004 000A 0009 0004 000C 0004 0005 0006 0007 0008 001A 0017 0007 0008 0009 002A 0020 0004 0005
001B 002B 0020 0008 0009 0006 0007 0008 0009 0014 0012 000A 0009 0004 000C 0008 0004 0013 0004 000A 0009 0006 0007 0026 002C 0006 0007 0008 0009 0006 0004 000A
0004 0005 0006 0018 0019 0009 0006 0018 0019 0009 0004 000C 0008 0004 0013 0007 0004 0005 0004 000C 0008 001A 0017 0007 0008 001A 0017 0007 0008 0009 002A 0020
0004 000A 0009 0026 0020 0008 0009 0026 0020 0008 0004 0013 0007 0004 0005 0006 0004 000A 0004 0013 0007 0026 002C 0006 0007 0026 002C 0006 0007 0008 001A 0017
0004 000C 0008 0009 0006 0007 0008 0009 0006 0007 0004 0005 0006 0004 000A 0009 0004 000C 0004 0005 0024 0025 0008 0009 0006 0007 000D 0022 0006 0007 0026 002C
0004 0013 0007 000D 0022 0024 0025 000D 0022 0006 0004 000A 0009 0004 000C 0008 0004 0013 0004 000A 0026 0027 0007 0008 0009 0006 0026 0028 001A 0017 0018 0019
0004 0005 0006 0026 0028 0026 0027 0026 0028 0009 0004 000C 0008 0004 0013 0007 0004 0005 0004 000C 0008 0009 0006 0007 0008 0009 0006 0007 0026 002C 001D 000C
000B 000A 0009 0006 0007 0008 0009 0006 0007 0008 0004 0013 0007 0004 0005 0006 0004 000A 0004 002D 0010 0011 000E 000F 0010 0011 000E 000F 0010 0011 000B 002D
0012 000C 0008 0009 0006 0007 0008 0009 0006 0007 0004 0005 0006 0004 000A 0009 0004 000C 0023 0002 0002 0002 0002 0002 0002 0002 0002 0002 0002 0002 0003 0002
0004 0013 0007 0008 0009 0006 0007 0008 0009 0006 0004 000A 0009 0004 000C 0008 0004 0013 0007 0008 0009 0006 0007 0008 0009 0006 0007 0008 001A 0017 0007 0008
0004 0005 0006 0007 0008 0009 0006 0007 0008 0009 0004 000C 0008 0004 0013 0018 000B 002E 000F 0025 000D 0022 0006 0007 0008 0009 0006 0007 001D 0005 0006 0007
0004 000A 0009 0006 0007 0008 0009 0006 0007 0008 002A 0027 0007 0004 0005 0014 0000 0001 001F 0027 0026 0028 0009 0006 0007 0008 0009 0006 002A 0028 0009 0006
0004 000C 0008 0009 0006 0007 0008 0009 0006 0007 0008 0009 0006 0004 000A 0009 0004 000C 0008 0009 0024 0025 0008 0009 0006 0007 0008 0009 0006 0007 0008 0009
0004 0013 0007 0008 0009 0006 0007 0008 0009 0006 0007 0008 001A 000B 000C 0008 0004 0013 0007 0008 0026 0027 0007 0008 0009 0006 0007 0008 0009 0006 0007 0008
0004 0005 0006 0007 0008 0009 0006 0007 0008 0009 0006 0007 002F 0030 0013 0007 0004 0005 0006 0007 0008 0009 0006 0007 0008 0009 0006 0007 0008 0009 0006 0007
0004 000A 0009 0006 0007 0008 0009 0006 0007 0008 0009 0024 0031 0032 0005 0006 0004 000A 0009 0006 0007 0008 0009 0006 0007 0008 0009 0006 0007 0008 0009 0006
0004 000C 0008 0009 0006 0007 0008 0009 0006 0007 000D 0033 0034 0032 000A 0009 0004 0029 0011 000E 000F 0010 0011 000E 0017 0007 0008 0009 0006 0007 0008 0009
0004 0013 0007 000D 000E 000F 0010 0011 000E 000F 0033 0034 0035 0032 000C 0008 001B 0001 0002 0002 0002 0002 0002 001F 002C 0006 0007 0008 0009 0006 0007 0008
0004 0005 0006 0014 0002 0002 0002 0002 0002 0002 0036 0037 0037 0038 0027 0007 0004 0005 0006 0007 0008 0009 0006 0007 0008 001A 0017 0007 0008 0009 0006 0007
0004 000A 0009 0006 0007 0008 0009 0006 0007 0008 0009 0006 0007 0008 0009 0006 0004 000A 0009 0006 0007 0008 0009 0006 0007 0026 002C 0006 0007 0008 0009 0006
000B 0029 0011 000E 000F 0010 0011 000E 000F 0010 0011 000E 000F 0010 0011 000E 000B 0029 0011 000E 000F 0010 0011 000E 000F 0010 0011 000E 000F 0010 0011 0039
