ATARI GAUNTLET MOTION OBJECT 16X16 TILEMAP
SOURCE: level-025.png
GRID: 32 X 32
TILE_SIZE: 16 X 16
ATLAS_TILES: 736
UNIQUE_PIXEL_TILES: 148
CONNECTED_OBJECT_GROUPS: 39

0000 0000 0000 0000 0000 0000 0000 0000 0000 0000 0000 0000 0000 0000 0000 0000 0000 0000 0020 0021 0000 0000 0000 0000 0000 0000 0000 0000 0000 0000 0000 0000
0000 0000 0000 0000 0000 0000 0000 0000 0000 0000 0000 0000 0026 0000 0000 0000 0000 0000 0040 0041 0042 0000 0000 0000 0000 0000 0000 0000 0000 0000 0000 0000
0000 0000 0000 0000 0000 0000 0000 0000 0000 0000 0044 0045 0046 0000 0000 0000 0000 0000 0000 0000 0000 0000 0000 0000 0000 0000 0000 0000 002C 002D 002E 0000
0000 0000 0000 0000 0000 0000 0000 0000 0000 0063 0000 0000 0000 0000 0000 0000 0000 0000 0000 0000 0000 0000 0000 0000 0000 0000 0000 004B 004C 004D 004E 004F
0000 0000 0000 0000 0000 0030 0000 0000 0000 0000 0084 0085 0086 0087 0088 0089 0000 0000 0000 0000 0000 0000 0000 0000 0000 0000 0000 006B 006C 0000 0000 0000
0031 0032 0000 0033 0000 0000 0000 0000 0000 0000 00A4 00A5 00A6 00A7 0000 0000 0000 0000 0000 0000 0000 0000 0000 0000 0000 0000 008A 008B 008C 008D 0000 0000
0051 0052 0000 0000 0000 0000 0000 0000 0000 0000 0000 0000 0000 0000 0000 0000 0035 0036 0000 0000 0000 0000 0000 0000 0037 0000 0000 0000 0000 0000 0000 0038
0000 0000 0000 0000 0000 0000 0000 0000 0000 0000 0000 0000 0000 0000 0000 0054 0055 0056 0000 0000 0039 003A 003B 0000 0057 0000 0000 0000 0000 0000 0000 0000
0000 0000 0000 0000 0000 0000 0000 0000 0000 0000 0000 0000 0000 0000 0000 0000 0000 0000 0000 0000 0000 0000 0000 0000 0077 0000 0000 0000 0000 0000 0000 0000
003C 0000 0000 0000 0000 0000 0000 0000 0000 0000 0000 0000 0000 0000 0000 0000 0000 0000 0000 0000 0000 0000 0000 0000 0000 0000 0000 0000 0000 003D 003E 003F
0000 0000 0000 0000 0000 0000 0000 0000 0000 0000 0000 0000 0000 0000 0000 00C0 00C1 00C2 0000 0000 0000 0000 0000 0000 0000 00C4 0000 0000 0000 0000 0000 0000
0000 0000 0000 0000 0000 0000 0000 0000 0000 0000 0000 0000 0000 0000 0000 00E0 00E1 00E2 00E3 0000 0000 0000 0000 0000 0000 0000 0000 0000 0000 0000 0000 0000
0000 0000 0000 0000 0000 0000 0000 0000 0000 0000 0000 0000 00C6 00C7 0000 0000 0000 0000 0000 0000 0000 0000 0000 00C8 00C9 00CA 0000 0000 0000 0000 0000 0000
0000 0000 0000 0000 0000 0000 0000 0000 0000 0000 0000 00E5 00E6 00E7 0000 0000 0000 00CB 0000 0000 0000 0000 0000 00E8 00E9 00EA 0000 0000 0000 0000 0000 0000
0000 0000 0000 0000 0000 0000 0000 0000 0000 00CE 0000 0000 0000 0000 0000 0000 0000 0000 0000 0000 0000 0000 0000 0108 0109 010A 0000 0000 0000 0000 0000 0000
0000 0000 0000 0000 0000 0000 0000 00EC 00ED 00EE 0000 0000 00CF 0000 0000 0000 00D0 0000 0000 0000 0000 0000 0000 0128 0129 012A 0000 0000 00D2 0000 0000 0000
00D3 00D4 00D5 0000 0000 0000 0000 0000 0000 0000 0000 0000 0000 0000 0000 0000 00F0 00F1 0000 0000 0000 0000 0000 0000 0000 0000 0000 0000 0000 0000 0000 0000
00F3 00F4 00F5 0000 0000 0000 0000 0000 0000 0000 0000 00DA 00DB 00DC 0000 0000 0000 0000 0000 0000 0000 0000 0000 0000 0000 0000 0000 0000 0000 0000 0000 00DD
0113 0114 0115 0116 0117 0118 0000 00DE 0000 0000 0000 00FA 00FB 0000 0000 0000 0000 0000 0000 0000 0000 0000 0000 0000 0000 0000 0000 0000 0000 0000 0000 00FD
0000 0000 0135 0136 0137 0138 0000 0000 0000 0000 0000 0000 0000 0000 0000 0000 0180 0181 0000 0000 0000 0000 0186 0000 0000 0000 0000 0000 0000 0000 0000 0000
0000 0000 0000 0000 0157 0158 0159 0000 0000 0000 0000 0000 0000 0000 0187 0000 0000 0000 01A2 01A3 01A4 01A5 01A6 0000 0000 0000 0000 0000 0188 0000 0000 0000
0000 0000 0000 0000 0177 0178 0179 0000 0000 0000 0000 0000 0000 0000 0000 0000 0000 0000 0000 0000 0000 0000 0000 0000 0000 0000 0000 0000 0000 0000 0000 0000
0000 0000 0000 0000 0000 0000 0000 0000 0000 0000 0000 0000 0000 0000 0000 0189 018A 0000 0000 0000 0000 0000 0000 0000 0000 0000 0000 018B 018C 018D 0000 0000
0000 0000 0000 0000 0000 0000 0000 0000 0000 0000 0000 0000 0000 0000 0000 0000 0000 0000 0000 0000 018E 018F 0190 0191 0192 0000 0000 0000 0000 0000 0000 0000
0196 0000 0000 0000 0000 0000 0000 0000 0000 0000 0000 0000 0000 0000 0000 0000 0000 0000 0000 0000 01AE 01AF 01B0 01B1 01B2 0000 0000 0000 0000 0000 0000 0000
01B6 01B7 0000 0000 0000 0000 0198 0000 0000 0000 0000 0000 0000 0000 0000 0000 0000 0000 0000 0000 0000 0000 0000 0000 0000 01D3 01D4 01D5 0000 0000 0000 0000
01D6 0000 0000 0000 0000 0000 01B8 0000 0000 0000 0000 0000 0000 0000 0000 0000 0000 0000 0000 0000 0000 0000 0000 019A 0000 01F3 01F4 01F5 0000 0000 0000 0000
0000 0000 0000 0000 0000 0000 01D8 0000 0000 0000 0000 0000 0000 0000 0000 0000 0000 0000 0000 0000 0000 0000 0000 0000 0000 0000 0000 0000 0000 0000 0000 0000
0000 019B 019C 019D 0000 0000 01F8 0000 0000 0000 0000 0000 0263 0264 0265 0000 0000 0000 0000 0000 0269 026A 026B 026C 026D 0000 0000 0000 0000 0000 0000 0000
0000 0000 0000 0000 0000 0000 0218 0000 0000 0000 0281 0282 0283 0284 0285 0000 0000 0000 0000 0288 0289 028A 028B 028C 028D 028E 0000 0000 0000 0000 0000 0000
026F 0000 0000 0000 0000 0000 0238 0000 0000 02A0 02A1 02A2 0000 0000 0000 02A6 02A7 0000 0000 02A8 02A9 0000 0000 02AC 02AD 02AE 0000 0000 0000 0000 0271 0272
028F 0290 0000 0000 0000 0000 0258 0259 0000 0000 0000 0000 02C3 02C4 02C5 02C6 02C7 0000 0000 0000 0000 0000 0000 0000 0000 0000 0000 0000 0000 0000 0291 0292
