ATARI GAUNTLET MOTION OBJECT 16X16 TILEMAP
SOURCE: level-021.png
GRID: 32 X 32
TILE_SIZE: 16 X 16
ATLAS_TILES: 768
UNIQUE_PIXEL_TILES: 179
CONNECTED_OBJECT_GROUPS: 20

0020 0021 0022 0023 0000 0000 0000 0000 0000 0000 0000 0000 0000 0000 0000 0000 0000 0000 0024 0025 0026 0000 0028 0029 002A 002B 002C 002D 0000 0000 0000 0000
0040 0041 0042 0043 0000 0032 0033 0034 0035 0000 0000 0000 0000 0000 003A 003B 003C 0000 0044 0045 0046 0047 0048 0049 004A 004B 004C 004D 0000 0000 003D 0000
0000 0000 0000 0000 0000 0052 0053 0054 0055 0000 0056 0057 0058 0059 005A 005B 005C 0000 0000 0000 0000 0067 0068 0069 006A 006B 006C 006D 0000 0000 005D 005E
0000 0000 0000 0000 0000 0000 0000 0000 0000 0000 0076 0077 0078 0079 0000 0000 0000 0000 0000 0000 0000 0087 0088 0089 008A 008B 008C 008D 008E 0000 0000 0000
0000 0000 0000 0000 0000 0000 0000 0000 0000 0000 0000 0097 0098 0099 009A 009B 009C 0000 0000 0000 00A6 0000 0000 0000 0000 0000 00AC 00AD 00AE 0000 0000 0000
0000 0000 0000 0000 0000 0000 0000 0000 0000 0000 0000 00B7 00B8 00B9 00BA 00BB 00BC 0000 0000 0000 00C6 0000 0000 0000 0000 0000 00CC 00CD 00CE 00CF 00D0 00D1
0000 0000 0000 0000 0000 0000 0000 0000 0000 0000 0000 0000 0000 0000 0000 0000 0000 0000 0000 0000 00E6 0000 0000 0000 0000 0000 0000 0000 0000 00EF 00F0 00F1
0140 0141 0000 0000 0000 0000 0000 0000 0000 0000 0000 0000 0000 0000 0000 0000 0000 0000 0104 0105 0106 0000 0000 0000 0000 0000 0000 0000 0000 0000 0000 0000
0160 0161 0162 0000 0000 0000 0000 0000 0000 0000 0000 0000 0000 0000 0000 0000 0000 0000 0124 0125 0126 0000 0000 0000 0000 0000 0000 0000 0000 0000 0000 0000
0180 0181 0182 0000 0000 0000 0000 0000 0147 0148 0149 0000 0000 0000 0000 0000 0000 0000 0000 0000 0000 0000 0000 0000 0000 0000 0000 0000 0000 0000 0000 0000
01A0 01A1 01A2 0000 0000 0000 0000 0000 0167 0168 0169 0000 0000 0000 0000 0000 0000 0000 0000 0000 0000 0000 0000 0000 0000 0000 0000 0000 0000 0000 0000 0000
0000 0000 01C2 01C3 01C4 0000 0185 0186 0187 0000 0000 0000 0000 0000 0000 0000 0000 0000 0000 014A 014B 014C 0000 0000 0000 0000 014D 014E 014F 0000 0000 0000
0000 0000 01E2 01E3 01E4 0000 01A5 01A6 01A7 01A8 01A9 0000 0000 0000 0000 0000 0000 0000 0000 016A 016B 016C 0000 0000 0000 0000 016D 016E 016F 0000 0000 0000
0000 0201 0000 0000 0000 0000 0000 0000 01C7 01C8 01C9 0000 0000 0000 0000 0000 0000 0000 0000 0000 0000 0000 0000 0000 0000 0000 0000 0000 0000 0000 0000 0000
0000 0000 0000 0000 0150 0151 0152 0000 0000 0000 0000 0000 0000 0000 0000 0000 0000 0000 0000 0000 0000 0000 0157 0158 0159 0000 0000 0000 0000 0000 0000 0000
0000 0000 0000 0000 0170 0171 0172 0000 0000 0000 0000 0000 0000 0000 0000 0000 0000 0000 0000 0000 0000 0000 0177 0178 0179 0000 0000 0000 0000 0000 0000 0000
0000 0000 0000 0000 0000 0000 0000 0000 0000 0000 0000 0000 0000 0000 0000 0000 0000 0000 0000 0000 0195 0196 0197 0000 0199 019A 019B 0000 0000 0000 0000 0000
015C 0000 0000 0000 0000 0000 0000 0000 0000 0000 0000 0000 0000 0000 0000 0000 0000 0000 01B3 01B4 01B5 01B6 01B7 0000 01B9 01BA 01BB 0000 0000 0000 0000 015F
017C 0000 0000 0000 0000 0000 0000 0000 0000 0000 0220 0221 0222 0223 0000 0000 0000 0000 01D3 01D4 01D5 0000 0000 0000 0000 0000 0000 0000 0000 0000 017E 017F
019C 0000 0000 0000 0000 0000 0000 0000 0000 0000 0240 0241 0242 0243 0000 0000 0000 0000 0000 0000 0000 0000 0000 0000 0000 0000 0000 0000 0000 0000 019E 019F
01BC 0000 0000 0000 0000 0000 0000 0000 0000 0000 0260 0261 0262 0263 0000 0000 0000 0000 0000 0000 0000 0000 0000 0000 0000 0000 0000 0000 0000 01BD 01BE 01BF
0000 0000 0000 0000 0000 0000 0000 0000 0000 0000 0280 0281 0282 0283 0000 0000 0000 0000 0000 0000 0000 0000 0000 0000 0000 0000 0000 0000 0000 01DD 01DE 01DF
0000 0000 0000 0000 0000 0000 0000 0000 0000 0000 02A0 02A1 02A2 02A3 0000 0000 0000 0000 0000 0000 0000 0000 0000 0000 0000 0000 0000 0000 0000 0000 0000 0000
0224 0000 0000 0000 0000 0000 0000 0000 0000 0000 02C0 02C1 02C2 02C3 0000 0000 0000 0226 0227 0228 0000 0000 0000 0000 0000 0000 0000 0000 022A 022B 022C 022D
0244 0000 0000 0000 0000 0000 0000 0000 0000 0000 0000 0000 0000 0000 0000 0000 0000 0246 0247 0248 0000 0000 0000 0000 0000 0000 0000 0249 024A 024B 024C 024D
0264 0000 0000 0000 0000 0000 0000 0000 0000 0000 0000 0000 0000 0000 0000 0000 0000 0266 0267 0268 0000 0000 0000 0000 0000 0000 0000 0000 026A 026B 026C 026D
0284 0000 0000 0000 0000 0000 0000 0000 0000 0000 0000 0000 0000 0000 0000 0000 0285 0286 0287 0000 0000 0000 0000 0000 0000 0000 0000 0289 028A 028B 028C 028D
0000 0000 0000 0000 0000 0000 0000 0000 0000 0000 0000 0000 0000 0000 0000 0000 02A5 02A6 02A7 0000 0000 0000 0000 0000 0000 0000 0000 0000 0000 0000 0000 0000
022E 022F 0230 0000 0000 0000 0000 0000 0000 0000 0000 0000 0000 0000 0000 0000 02C5 02C6 02C7 0000 0000 0000 0236 0237 0238 0239 023A 023B 023C 023D 023E 0000
024E 024F 0250 0251 0252 0253 0254 0000 0000 0000 0000 0000 0000 0000 0000 0000 02E5 02E6 02E7 0000 0000 0255 0256 0257 0258 0259 025A 025B 025C 025D 025E 0000
026E 026F 0270 0000 0272 0273 0274 0000 0000 0000 0000 0000 0000 0000 0000 0000 0000 0000 0000 0000 0000 0000 0276 0277 0278 0000 0000 0000 0000 0000 0000 0000
028E 028F 0290 0000 0000 0000 0000 0000 0000 0000 0000 0000 0000 0000 0000 0000 0000 023F 0000 0000 0000 0000 0000 0000 0000 0000 0000 0000 0000 0000 0000 0000
