ATARI GAUNTLET MOTION OBJECT 16X16 TILEMAP
SOURCE: level-060.png
GRID: 32 X 32
TILE_SIZE: 16 X 16
ATLAS_TILES: 800
UNIQUE_PIXEL_TILES: 143
CONNECTED_OBJECT_GROUPS: 23

0000 0000 0000 0000 0000 0000 0000 0000 0000 0000 0000 0000 0000 0000 0000 0000 0000 0000 0020 0021 0022 0000 0000 0000 0000 0000 0000 0000 0023 0024 0025 0000
0000 0000 0000 0000 0000 0000 0000 0000 0000 0000 0000 0000 0000 0000 0000 0000 0000 0000 0040 0041 0042 0000 0000 0000 0000 0000 0000 0000 0043 0044 0045 0000
0000 0000 0000 0000 0000 0000 0000 0000 0000 0000 0000 0000 0000 0000 0000 0000 0000 0000 0000 0000 0000 0000 0000 0000 0000 0000 0000 0000 0000 0000 0000 0000
0000 0000 0000 0000 0000 0000 0000 0000 0000 0000 0000 0000 0000 0000 0000 0027 0028 0029 0000 0000 0000 0000 0000 0000 0000 0000 0000 0000 0000 0000 0000 0000
0000 0000 0000 0000 0000 0000 0000 0000 0000 0000 0000 0000 0000 0000 0046 0047 0048 0049 0000 0000 0000 0000 002C 002D 002E 0000 0000 0000 0000 0000 0000 0000
002F 0030 0000 0000 0000 0000 0031 0032 0033 0000 0000 0000 0000 0000 0066 0067 0068 0000 0000 0000 0000 0000 004C 004D 004E 0000 0000 0000 0000 0000 0000 0035
004F 0050 0000 0000 0000 0000 0051 0052 0053 0054 0000 0000 0000 0000 0000 0000 0088 0089 008A 0000 0000 006B 006C 006D 0000 0000 0000 0000 0000 0000 0000 0055
0000 0000 0000 0000 0000 0000 0000 0072 0073 0074 0000 0000 0000 0000 0000 0000 00A8 00A9 00AA 0000 0000 008B 008C 008D 0000 0036 0037 0038 0000 0000 0000 0000
0000 0000 0000 0000 0000 0000 0000 0000 0000 0000 0000 0000 0000 0000 0000 0000 0000 0000 0000 0000 0000 0000 0000 0000 0000 0056 0057 0058 0059 0000 0000 0000
0000 0000 0000 0000 0000 0000 0000 0000 0000 0000 0000 0000 0000 0000 0000 0000 0000 0000 0000 0000 0000 0000 0000 0000 0000 0000 0077 0078 0079 0000 0000 0000
0000 0000 0000 0000 0000 0000 0000 0000 0000 0000 0000 0000 0000 0000 0000 0000 0000 0000 0000 0000 0000 0000 0000 0000 0000 0000 0000 0000 0000 0000 0000 0000
0000 0000 0000 0000 0000 0000 0000 0000 0000 0000 0000 0000 0000 0000 0000 0000 0000 0000 0000 0000 0000 0000 0000 0000 0000 0000 0000 0000 0000 0000 0000 0000
0000 003A 003B 0000 0000 0000 0000 0000 00C3 00C4 0000 0000 0000 0000 0000 0000 0000 0000 0000 0000 0000 0000 0000 0000 0000 0000 0000 0000 0000 0000 0000 0000
0000 0000 0000 0000 0000 0000 0000 00E2 00E3 00E4 0000 0000 0000 0000 0000 0000 0000 0000 0000 0000 0000 0000 0000 0000 0000 0000 0000 0000 0000 0000 0000 0000
00C5 00C6 00C7 00C8 0000 0000 0000 0000 0103 0104 0000 0000 0000 0000 0000 0000 0000 0000 0000 0000 0000 0000 0000 0000 0000 0000 0000 00CD 00CE 0000 00D0 00D1
00E5 00E6 00E7 00E8 0000 0000 0000 0122 0123 0124 0000 0000 0000 0000 0000 0000 0000 0000 0000 0000 0000 0000 0000 00E9 00EA 00EB 00EC 00ED 00EE 00EF 00F0 00F1
0000 0000 0000 0000 0000 0000 0141 0142 0000 0000 0000 0000 00D2 00D3 00D4 00D5 00D6 0000 0000 0000 0000 0000 0000 0109 010A 010B 010C 0000 0000 0000 0000 0000
0000 0000 0000 0000 0000 0160 0161 0162 0163 0000 0000 0000 0000 0000 0000 0000 0000 0000 0000 0000 0000 0000 0000 0000 012A 012B 012C 0000 012E 012F 0000 0000
00D7 00D8 0000 0000 0000 0000 0181 0182 0183 0000 0000 0000 0000 0000 0000 0000 0000 0000 0000 0000 0000 0000 0000 0000 0000 0000 0000 014D 014E 0000 0000 0000
00F7 00F8 0000 0000 0000 0000 0000 0000 0000 0000 0000 0000 0000 0000 00D9 00DA 00DB 0000 0000 0000 0000 0000 0000 0000 0000 0000 0000 0000 0000 0000 0000 00DC
0000 0000 0000 0000 0000 0000 0000 0000 0000 0000 0000 0000 0000 0000 00F9 00FA 00FB 0000 0000 0000 0000 0000 0000 0000 0000 0000 01A5 01A6 0000 0000 0000 0000
01AB 01AC 01AD 0000 0000 0000 0000 0000 0000 0000 0000 0000 0000 0000 0000 0000 0000 0000 0000 0000 0000 0000 0000 0000 0000 01C4 01C5 01C6 01C7 01C8 01C9 0000
01CB 01CC 01CD 01CE 01CF 01D0 01D1 01D2 0000 01B3 0000 0000 0000 0000 0000 0000 0000 0000 0000 0000 0000 01E0 01E1 01E2 01E3 01E4 01E5 01E6 01E7 01E8 01E9 01EA
0000 0000 0000 0000 0000 0000 0000 0000 0000 0000 01D4 01D5 01D6 01D7 0000 0000 0000 0000 0000 0000 0000 0200 0201 0202 0203 0204 0000 0000 0000 0208 0209 020A
0000 0000 0000 0000 0000 0000 0000 0000 0000 01F3 01F4 01F5 01F6 01F7 0000 0000 0000 0000 0000 0000 0000 0220 0221 0222 0000 0000 0000 0000 0000 0228 0229 022A
0000 0000 0000 0000 0000 0000 0000 0000 0000 0000 0000 0000 0000 0000 0000 0000 0000 01B8 0000 0000 0000 0240 0241 0242 0000 0000 0000 0000 0000 0000 0000 0000
0000 0000 0000 0000 0000 0000 0000 0000 0000 0000 0000 0000 0000 0000 0000 0000 0000 01D8 01D9 0000 0000 0000 0000 0000 0000 0260 0261 0262 0000 0000 0000 0000
0000 0000 0000 0000 0000 0000 0000 0000 0000 0000 0000 0000 0000 0000 0000 0000 0000 0000 0000 0000 0000 0000 0000 0000 0000 0280 0281 0282 0000 0284 0285 0286
0000 0000 0000 0000 0000 0000 0000 0000 0000 0000 0000 0000 0000 0000 0000 0000 0000 0000 0000 0000 0000 0000 0000 0000 0000 0000 0000 0000 02A3 02A4 02A5 02A6
0000 0000 0000 0000 0000 0000 0000 0000 0000 0000 0000 0000 0000 0000 0000 0000 0000 0000 0000 0000 0000 0000 0000 0000 0000 0000 0000 0000 02C3 02C4 02C5 0000
0000 0000 0000 0000 0267 0000 0000 0000 0000 0000 0000 0000 0000 0000 0000 0000 0000 0000 0000 0000 0000 026D 026E 026F 0000 0000 0000 02E2 02E3 02E4 0000 0000
0000 0000 0000 0000 0287 0000 0000 0000 0000 0000 0000 0000 0000 0000 0000 0000 0288 0289 028A 028B 028C 028D 028E 028F 0000 0000 0000 0302 0303 0304 0000 0000
