ATARI GAUNTLET PLAYFIELD 16X16 TILEMAP
SOURCE: level-049-playfield.png
GRID: 32 X 32
TILE_SIZE: 16 X 16
UNIQUE_TILES: 66

0000 0001 0002 0002 0002 0002 0002 0002 0002 0003 0002 0002 0002 0003 0002 0002 0002 0002 0002 0002 0003 0002 0000 0001 0002 0003 0002 0002 0002 0002 0002 0002
0004 0005 0006 0007 0008 0009 0006 0007 0008 0009 0006 0007 0008 0009 0006 0007 0008 0009 0006 0007 0008 0009 0004 000A 0008 0009 0006 0007 0008 0009 0006 0007
0004 000B 0009 0006 0007 0008 0009 0006 0007 0008 0009 0006 0007 0008 0009 0006 0007 0008 0009 0006 0007 0008 0004 000C 0007 0008 0009 0006 0007 0008 0009 0006
0004 000A 0008 0009 0006 0007 0008 0009 0006 0007 0008 0009 0006 0007 0008 0009 0006 0007 0008 0009 0006 0007 0004 0005 0006 0007 0008 0009 0006 0007 0008 0009
0004 000C 0007 0008 0009 0006 0007 0008 0009 0006 0007 0008 000D 000E 000F 0010 0011 000E 000F 0010 0011 000E 0012 000B 0009 0006 0007 0008 0009 0006 0007 0008
0004 0005 0006 0007 0008 0009 0006 0007 0008 0009 0006 0007 0013 0001 0002 0002 0002 0002 0002 0002 0002 0002 0014 000A 0008 0009 0006 0007 0008 0009 0006 0007
0004 000B 0009 0006 0007 0008 0009 0006 0007 0008 000D 000E 0012 000B 0009 0006 0007 0008 0009 0006 0007 0008 0004 0015 000F 0010 0011 0016 0007 0008 0009 0006
0004 000A 0008 0009 0006 0007 0008 0009 0006 0007 0013 0001 0014 000A 0008 0009 0006 0007 0008 0009 0006 0007 0017 0001 0002 0002 0018 0019 0006 0007 0008 0009
0004 000C 0007 0008 0009 0006 0007 0008 0009 0006 0004 001A 0012 000C 0007 0008 000D 000E 000F 0010 0011 000E 0012 000B 0009 0006 0007 0008 0009 0006 0007 0008
0004 0005 0006 0007 0008 0009 0006 001B 0010 001C 0017 0001 001D 0019 0006 0007 0013 0001 0002 0002 0002 0002 001D 001E 0008 0009 0006 0007 0008 0009 0006 0007
0004 001A 0011 0016 001B 001F 0009 0020 0021 000B 0004 000C 0007 0008 0009 0006 0004 000B 0009 0006 0007 0008 0009 0006 0007 0008 0009 0006 0007 0008 0009 0006
0017 0001 0018 0019 0022 0023 001F 0024 0025 000A 0004 0005 0006 0007 0026 0011 0012 000A 0008 0009 0006 0007 0008 000D 000E 000F 0010 001C 0006 0007 0008 0009
0004 000C 0007 0008 0027 0021 000A 0028 0029 000C 0004 000B 0009 0006 0013 0001 001D 002A 0007 0008 0009 0006 0007 0013 0001 0002 002B 000B 0009 0006 0007 0008
0004 0005 0006 001B 002C 0029 000C 001B 002D 0019 0004 000A 0008 0009 0004 000A 0008 0009 0006 0007 0008 0009 0006 0004 000B 0009 0004 000A 0008 0009 0006 0007
0004 000B 0009 002E 001E 002F 0019 002E 001E 0008 0004 000C 0007 0008 0004 000C 0007 0008 0009 0006 0007 0008 0009 0004 0023 0010 0012 000C 0007 0008 0009 0006
0004 000A 0026 001C 0006 0007 0008 0009 0006 0007 0004 0005 0006 0007 0004 0005 0006 0007 0008 0009 0006 0007 0008 0030 0002 0002 001D 0019 0006 0007 0008 0009
0004 0015 0031 0032 001C 0006 001B 001F 0009 0006 0004 000B 0009 0006 0004 000B 0009 0006 0007 0008 0009 0006 0007 0008 0009 0006 0007 0008 0009 0006 0007 0008
0017 0033 002A 002E 0034 000D 0031 001E 0008 0009 0004 000A 0008 0009 0004 000A 0008 0009 0006 0007 0008 0009 0006 0007 0008 0009 0006 0007 0008 0009 0006 0007
0012 000B 0009 0035 0036 002E 0037 0016 0007 0008 0004 000C 0007 0008 0004 000C 0007 0008 0009 0006 001B 0010 0011 000E 000F 0010 0011 000E 000F 0010 0011 000E
0014 000A 0008 002E 002A 0007 002E 0019 0035 0036 0004 0005 0006 0007 0004 0005 0006 0007 0008 0009 0013 0001 0002 0002 0002 0002 0002 0002 0002 0002 0002 0002
0004 000C 0007 0026 0011 0016 0007 0008 0022 000C 0004 000B 0009 0006 0004 000B 0009 0006 0007 0008 0004 000C 0007 0008 0009 0006 0007 0008 0009 0006 0007 0008
0004 0005 0006 0038 0018 0019 0006 001B 002D 0019 0004 000A 0008 0009 0039 000A 0008 0009 0006 0007 0039 0005 0006 0007 0008 0009 0006 0007 0008 0009 0006 0007
0012 000B 000D 0016 0007 0008 0009 0022 000A 0008 0004 000C 0007 0008 0004 0015 000F 0010 0011 000E 0012 000B 0009 0006 0007 0026 0011 000E 000F 0010 0011 000E
0014 000A 002E 0037 0016 0007 0026 0012 000C 0007 0004 0005 0006 0007 0030 0002 0002 0002 0002 0002 0014 000A 0008 0009 0006 0013 0001 0002 0002 0002 0002 0002
0004 000C 0007 002E 0037 000E 003A 0014 003B 0016 0004 000B 0009 0006 0007 0008 0009 0006 0007 0008 0004 000C 0007 0008 0009 0004 000A 0008 0009 0006 0007 0008
0004 0005 0006 001B 003A 0018 002A 0030 0018 0019 0004 000A 0008 0009 0006 0007 0008 0009 0006 0007 0004 0005 0006 0007 0008 0004 000C 0007 0008 0009 0006 0007
0004 000B 0009 002E 001E 0026 001C 0035 0036 0026 0012 0015 000F 0010 0011 000E 000F 0010 0011 000E 0012 001A 0011 000E 000F 0012 0005 0006 0007 0008 0009 0006
0004 0023 001F 0009 0006 002E 0032 0031 002A 0038 0003 0002 0002 0002 0002 0002 0002 0002 0002 0002 0003 0002 0002 0002 0002 0014 000B 0009 0006 0007 0008 0009
0017 0033 003C 0010 001C 0035 003D 000B 0009 0006 001B 001F 0009 0006 0007 0026 0011 000E 0036 0008 000D 0016 0007 0008 003E 0004 000A 0008 0009 0006 0007 0008
0004 0005 0038 0018 0034 0013 003F 001E 0008 0009 002E 003C 0010 0011 0016 0038 0040 0033 0041 0036 002E 0019 0006 0007 0008 0004 000C 0007 0008 0009 0006 0007
0004 000B 0009 0006 0007 002F 0019 0006 0007 0026 001C 0038 0002 002B 0005 0006 002F 0034 002E 002A 001B 001F 000D 0016 0007 0004 0005 0006 0007 0008 0009 0006
0012 0023 0010 0011 000E 000F 0010 0011 000E 003D 001A 0011 000E 0012 001A 0011 000E 000F 0010 0011 003D 0023 003D 003B 000E 0012 001A 0011 000E 000F 0010 0011
