ATARI GAUNTLET MOTION OBJECT 16X16 TILEMAP
SOURCE: level-046.png
GRID: 32 X 32
TILE_SIZE: 16 X 16
ATLAS_TILES: 832
UNIQUE_PIXEL_TILES: 162
CONNECTED_OBJECT_GROUPS: 32

0000 0000 0000 0000 0000 0000 0000 0000 0000 0000 0000 0000 0020 0021 0022 0000 0000 0000 0000 0023 0000 0000 0000 0000 0000 0000 0000 0000 0000 0000 0000 0000
0024 0025 0026 0000 0000 0000 0000 0000 0000 0000 0000 0000 0040 0041 0042 0000 0000 0000 0000 0043 0000 0000 0000 0000 0000 0000 0000 0000 0000 0000 0000 0027
0044 0045 0046 0000 0000 002A 002B 002C 0000 0000 0000 0000 0060 0061 0062 0000 0000 0000 0000 0063 0000 0000 0000 0000 0000 0000 0000 0000 0000 0000 0000 0047
0000 0000 0000 0000 0000 004A 004B 004C 0000 0000 0000 0000 0000 0000 0000 0000 0000 0000 0000 0000 0000 0000 002D 002E 002F 0030 0031 0032 0033 0000 0000 0000
0000 0000 0000 0068 0069 006A 0000 0000 0000 0000 0000 0000 0000 0036 0037 0038 0000 0039 003A 0000 0000 0000 0000 0000 0000 0050 0051 0052 0053 0054 0055 0000
0000 0000 0000 0088 0089 008A 0000 0000 0000 0000 0000 0000 0000 0056 0057 0058 0000 0059 005A 005B 005C 005D 005E 0000 0000 0000 0000 0000 0073 0074 0075 0000
0000 0000 0000 0000 0000 0000 0000 0000 0000 0000 0000 003F 0000 0000 0000 0000 0000 0000 0000 0000 007C 007D 007E 0000 0000 0000 0000 0092 0093 0094 0000 0000
0000 0000 0000 0000 0000 0000 0000 0000 0000 0000 0000 0000 0000 0000 0000 0000 0000 0000 0000 0000 0000 0000 0000 0000 0000 0000 00B1 00B2 00B3 0000 0000 0000
0120 0121 0122 0123 0000 0000 0000 0000 0000 0000 0000 0000 0000 0000 0000 0000 0000 0000 0000 0000 0000 0000 0000 0000 0000 0000 00D1 00D2 00D3 0000 0000 0000
0140 0141 0142 0143 0000 0000 0000 0000 0000 0000 0000 0000 0000 0000 0000 0000 0000 0000 0000 0000 0000 0000 0000 0000 0000 0000 00F1 00F2 00F3 0000 0000 0000
0160 0161 0162 0000 0000 0000 0000 0124 0125 0126 0127 0000 0000 0000 0000 0000 0128 0129 012A 012B 0000 0000 0000 0000 0000 0000 0111 0112 0113 0000 0000 0000
0180 0181 0182 0000 0000 0000 0000 0000 0000 0000 0000 0000 0000 0000 0000 0000 0148 0149 014A 014B 0000 0000 0000 0000 0000 0000 0000 0000 0000 0000 0000 0000
0000 0000 0000 0000 0000 0000 0000 0000 0000 0000 0000 0000 012C 0000 0000 0000 0000 0000 0000 0000 0000 012D 012E 012F 0000 0000 0000 0000 0000 0000 0000 0000
0000 0000 0000 0000 0000 0000 0000 0135 0136 0137 0138 0000 0000 0000 0000 0000 0000 0000 0000 0000 0000 014D 014E 014F 0150 0151 0152 0000 0000 0000 0000 0000
0000 0000 0000 0000 0000 0139 0000 0000 0000 0000 0000 0000 0000 0000 0000 0000 0000 0000 0000 0000 0000 0000 0000 016F 0170 0171 0172 0000 0000 0000 0000 0000
013A 0000 0000 0000 0000 0000 0000 0000 0000 0000 0000 0000 0000 0000 0000 0000 0000 0000 0000 0000 0000 0000 0000 018F 0190 0191 0192 0193 0194 0000 013B 013C
0000 0000 0000 0000 0000 0000 0000 0000 0000 0000 0000 0000 0000 0000 0000 0000 0000 0000 0000 0000 0000 0000 01AE 01AF 01B0 01B1 01B2 01B3 01B4 0000 0000 0000
0000 013D 013E 013F 0000 01E0 0000 01E1 01E2 01E3 0000 0000 0000 0000 0000 0000 0000 0000 0000 0000 0000 0000 0000 0000 0000 01D1 01D2 01D3 0000 0000 0000 0000
0000 015D 015E 015F 0000 0000 0000 0201 0202 0203 0204 0205 0206 0000 0000 0000 0000 0000 0000 0000 0000 0000 0000 0000 0000 0000 0000 0000 0000 0000 0000 0000
0000 0000 0000 0000 0000 0000 0000 0000 0000 0000 0224 0225 0226 0227 0000 0000 0000 0000 0000 0000 0000 0000 0000 0000 0000 0000 0000 0000 0000 0000 0000 0000
0000 01E8 01E9 01EA 0000 0000 0000 0000 0000 0000 0244 0245 0246 0000 0000 0000 0000 0000 01EB 01EC 01ED 0000 0000 01EE 01EF 01F0 0000 0000 0000 0000 0000 0000
0000 0000 0000 0000 0000 0000 0000 0000 0000 0000 0264 0265 0266 0000 0000 0000 0000 0000 020B 020C 020D 0000 0000 020E 020F 0210 0000 0000 0000 0000 0000 0000
0000 0000 0000 0000 01F5 01F6 01F7 0000 0282 0283 0284 0285 0000 0000 0000 0000 0000 0000 0000 0000 0000 0000 0000 0000 0000 0000 0000 0000 0000 0000 0000 0000
0000 0000 0000 0000 0215 0216 0217 0000 02A2 02A3 02A4 02A5 02A6 0000 0000 0000 0000 0000 0000 0000 0000 0000 0000 0000 0000 0000 0000 01F8 01F9 0000 0000 0000
0231 0232 0233 0234 0235 0236 0000 0000 0000 0000 0000 0000 0000 0000 0000 0000 0000 0000 0000 0000 0000 0000 0000 0000 0000 0000 0000 0000 0000 021A 021B 021C
0251 0252 0253 0000 0000 0000 0000 0000 0000 0000 0000 0000 0000 01FD 01FE 01FF 0000 0000 0000 0000 0000 0000 0000 0000 0000 0000 0000 0000 0000 0000 0000 0000
0271 0272 0273 0000 0000 0000 0000 0000 0000 0000 0000 0000 0000 021D 021E 021F 0000 0000 0000 0000 0000 0000 0000 0000 0000 0000 0000 0000 0000 0000 0000 0000
0000 0000 0000 0000 0000 0000 0000 0000 0000 0000 0000 0000 0000 0000 0000 0000 0000 0000 0000 0000 0000 0000 0000 0000 0000 0000 02C0 02C1 02C2 0000 0000 0000
02C3 0000 0000 0000 0000 0000 0000 0000 0000 0000 0000 0000 0000 0000 0000 0000 0000 0000 0000 0000 0000 0000 0000 0000 0000 0000 0000 0000 0000 0000 02CD 02CE
02E3 0000 02E5 02E6 0000 0000 0000 0000 0000 0000 0000 0000 0000 0000 0000 0000 0000 0000 0000 0000 0000 0000 0000 0000 0000 0000 0000 0000 0000 0000 02ED 02EE
0000 0304 0305 0306 0307 0308 0309 030A 030B 030C 0000 0000 0000 02CF 02D0 02D1 02D2 02D3 02D4 0000 0000 0000 0000 0000 0000 0000 0000 0000 0000 0000 0000 0000
0000 0324 0325 0326 0327 0328 0329 032A 032B 032C 0000 0000 0000 02EF 02F0 02F1 02F2 02F3 0000 0000 0000 0000 0000 0000 0000 0000 0000 0000 0000 0000 0000 02D5
