ATARI GAUNTLET MOTION OBJECT 16X16 TILEMAP
SOURCE: level-039.png
GRID: 32 X 32
TILE_SIZE: 16 X 16
ATLAS_TILES: 960
UNIQUE_PIXEL_TILES: 129
CONNECTED_OBJECT_GROUPS: 24

0000 0020 0000 0000 0000 0000 0000 0000 0000 0000 0000 0000 0000 0000 0000 0000 0000 0000 0000 0000 0000 0000 0023 0024 0000 0000 0000 0000 0000 0000 0000 0000
0000 0040 0041 0000 0000 0000 0000 0000 0000 0000 0000 0000 0000 0000 0000 0000 0000 0000 0000 0000 0000 0042 0043 0044 0000 0000 0000 0000 0000 0000 0000 0000
0000 0000 0000 0000 0000 0000 0025 0026 0027 0000 0000 0000 0000 0000 0000 0000 0028 0029 002A 0000 0000 0000 0000 0000 0000 0000 0000 0000 002C 002D 0000 0000
0000 0000 0000 0000 0000 0000 0045 0046 0047 0000 0000 0000 0000 0000 0000 0000 0048 0049 004A 0000 0000 0000 0000 0000 0000 0000 0000 004B 004C 004D 0000 0000
0000 0000 0000 0000 0000 0000 0000 0000 0000 0000 0000 0000 0000 0000 0000 0000 0000 0000 0000 0000 0000 0000 0000 002E 002F 0030 0000 0000 0000 0000 0000 0000
0000 0000 0000 0000 0000 0000 0000 0000 0000 0000 0000 0000 0000 00E8 00E9 00EA 0000 0000 0000 0000 0000 0000 0000 004E 004F 0050 0000 0000 0000 0000 0000 0000
0000 0000 00EF 00F0 00F1 0000 0000 0000 0000 0000 0000 0000 0000 0108 0109 010A 0000 0000 0000 0000 0000 0000 0000 0000 0000 0070 0071 0072 0000 0000 0000 0000
00F2 0000 010F 0110 0111 0000 0000 0000 0000 0000 0000 0000 0127 0128 0129 012A 012B 012C 0000 0000 0000 0000 0000 0000 0000 0090 0091 0092 0000 0000 00F3 00F4
0000 0000 0000 0000 0000 0000 0000 0000 0000 0000 0000 0146 0147 0148 0000 014A 014B 014C 0000 0000 0000 0000 0000 0000 0000 0000 00B1 00B2 0000 0000 0000 0000
0000 0000 0000 0000 0000 0000 0000 0000 0000 0000 0165 0166 0167 0000 0000 0000 0000 016C 016D 016E 0000 0000 0000 0000 0000 00D0 00D1 00D2 0000 0000 0000 0000
0000 0000 0000 0000 0000 0000 0000 0000 0000 0184 0185 0000 0000 0000 0000 0000 0000 018C 018D 018E 0000 0000 0000 0000 0000 0000 0000 0000 0000 0000 0000 0000
0000 0000 0000 0000 0000 0000 0000 0000 01A3 01A4 01A5 0000 0000 0000 0000 0000 0000 0000 0000 0000 0000 0000 0000 0000 0000 0000 0000 0000 0000 0000 0000 0000
0000 0000 0000 0000 0000 0000 0000 01C2 01C3 01C4 0000 0000 0000 0000 0000 0000 0000 0000 0000 022A 022B 022C 0000 0000 0000 0000 0000 0000 0000 0000 0000 0000
0000 0000 0000 0000 0000 01E0 01E1 01E2 01E3 0000 0000 0000 0000 0000 0000 0000 0000 0248 0249 024A 024B 024C 0000 0000 0000 0000 0000 0000 0000 0000 0000 0000
0000 0000 0000 0000 0000 0200 0201 0202 0000 0000 0000 0000 0000 0000 0000 0000 0000 0268 0269 026A 0000 026C 026D 0000 0000 0000 0000 0000 0000 0000 0000 0000
0000 0000 0000 0000 0000 0000 0000 0000 0000 0000 0000 0000 0000 0000 0000 0286 0287 0288 0000 0000 0000 0000 0000 0000 0000 0000 0000 0000 0000 0000 0000 0000
0000 0000 0000 022F 0230 0000 0000 0000 0000 0000 0000 0000 0000 0000 0000 02A6 02A7 02A8 02A9 02AA 02AB 0000 0000 0000 0000 0000 0000 0000 0000 0000 0000 0000
0231 0000 024E 024F 0250 0000 0000 0000 0000 02C0 02C1 02C2 02C3 02C4 02C5 02C6 0000 0000 02C9 02CA 02CB 0000 0000 0000 0000 0000 0000 0000 0000 0000 0232 0233
0251 0000 0000 0000 0000 0000 0000 0000 0000 02E0 02E1 02E2 02E3 02E4 02E5 02E6 02E7 02E8 02E9 0000 0000 0000 0000 0000 0000 0000 0000 0000 0000 0000 0252 0253
0000 0000 0000 0000 0000 0000 0000 0000 0000 0000 0000 0000 0303 0304 0305 0000 0307 0308 0309 0000 0000 0000 0000 0000 0000 0000 0000 0000 0000 0000 0000 0000
0000 0000 0000 0000 0000 0000 0000 0000 0000 0000 0000 0000 0323 0324 0325 0000 0000 0000 0000 0000 0000 0000 0000 0000 0000 0000 0000 0000 0000 0000 0000 0000
0234 0000 0000 0000 0000 0000 0000 0000 0000 0000 0000 0000 0000 0000 0345 0346 0000 0000 0000 0000 0000 0000 0000 0000 0000 0000 0000 0000 0237 0238 0239 023A
0254 0255 0000 0000 023B 023C 023D 023E 023F 0000 0000 0000 0000 0000 0000 0000 0000 0000 0000 0000 0000 0000 0000 0000 0000 0000 0000 0000 0257 0258 0259 025A
0274 0275 0276 0000 025B 025C 025D 025E 025F 0000 0000 0000 0000 0000 0000 0000 0000 0000 0000 0000 0000 0000 0000 0000 0000 0000 0000 0000 0000 0000 0000 0000
0000 0000 0000 0000 0000 0000 0000 0000 0000 0000 0000 0000 0000 0000 0000 0000 0000 0000 0000 0000 0000 0000 0000 0000 0000 0000 0000 0000 0000 0000 0000 0000
0000 0000 0000 0000 0000 0000 0000 0361 0362 0000 0000 0000 0000 0000 0000 0000 0000 0000 0000 0000 0000 0000 0000 0000 0000 0000 0000 0000 0000 0000 0000 0000
0000 0000 0000 0000 0000 0000 0380 0381 0382 0383 0000 0000 0000 0000 0000 0000 0000 0000 0000 0000 0000 0000 0000 0000 0000 0000 0000 0000 0000 0000 0000 0000
0000 0000 0000 0000 0000 0000 0000 03A1 03A2 03A3 0000 0000 0000 0000 0000 0000 0000 0000 0000 0000 0000 0000 0364 0365 0366 0000 0000 0000 0000 0000 0000 0000
0000 0000 0000 0000 0000 0000 0000 0000 0000 0000 0000 0000 0000 0000 0000 0000 0000 0000 0000 0000 0000 0000 0384 0385 0386 0000 0000 0000 0000 0000 0000 0000
0367 0368 0369 0000 0000 0000 0000 0000 0000 0000 0000 0000 0000 0000 0000 0000 0000 0000 0000 0000 0000 0000 0000 0000 0000 0000 0000 0000 0000 0000 0000 0000
0000 0000 0000 0000 0000 0000 0000 0000 0000 0000 0000 0000 0000 0000 0000 0000 0000 036A 036B 036C 0000 036D 036E 036F 0000 0000 0000 0000 0000 0000 0000 0000
0000 0000 0370 0371 0372 0000 0000 0000 0000 0000 0000 0000 0000 0000 0000 0000 0000 038A 038B 038C 0000 038D 038E 038F 0000 0000 0000 0000 0000 0000 0373 0000
