ATARI GAUNTLET MOTION OBJECT 16X16 TILEMAP
SOURCE: level-057.png
GRID: 32 X 32
TILE_SIZE: 16 X 16
ATLAS_TILES: 2144
UNIQUE_PIXEL_TILES: 128
CONNECTED_OBJECT_GROUPS: 25

0000 0000 0000 0020 0021 0022 0000 0000 002B 002C 002D 0000 0000 0000 0000 018F 0000 0191 0000 0000 0000 0000 0000 0000 0581 0582 0583 0000 0585 0586 0000 0000
0000 0000 0000 0040 0041 0042 0000 0000 004B 004C 004D 0000 0000 0000 0000 01AF 01B0 01B1 0000 0000 0000 058A 058B 0000 05A1 05A2 05A3 05A4 05A5 05A6 0000 0000
0000 0000 0000 0000 0000 0000 0000 0000 006B 0000 0000 0000 0000 0000 0000 01CF 0000 01D1 0000 0000 05A9 05AA 05AB 0000 05C1 0000 0000 0000 0000 0000 0000 0000
058C 058D 058E 0000 0000 0000 0000 0000 008B 0000 0000 0000 0000 0000 0000 01EF 0000 01F1 0000 0000 0000 0000 0000 0000 05E1 0000 0000 0000 0000 0000 0000 0590
05AC 05AD 05AE 0000 0000 0000 0000 0000 00AB 0000 0000 0000 0000 0000 0000 020F 0000 0211 0000 0000 0000 0000 0000 0000 0601 0000 0591 0592 0593 0000 05AF 05B0
05CC 0000 0000 0000 0000 0000 0000 0000 00CB 0000 0594 0595 0596 0000 0000 022F 0000 0231 0000 0000 0000 0000 0000 0000 0621 0000 0000 0000 0000 0000 05CF 05D0
0000 0000 0000 0000 0000 0000 0000 00EA 00EB 0000 0000 0000 0000 0000 0000 024F 0000 0251 0000 0000 0000 0000 0000 0000 0641 0000 0000 0000 0000 0000 0000 0000
0000 0000 0000 0000 0000 0000 0109 010A 010B 0000 0000 0000 0000 0000 0000 026F 0000 0271 0000 0000 0000 0000 0000 0000 0661 0000 0000 0000 0597 0598 0599 0000
0123 0124 0125 0126 0127 0128 0129 012A 012B 012C 0000 0000 0000 0000 0000 028F 0000 0291 0000 0000 0000 0000 0000 0000 0681 0000 0000 0000 0000 0000 0000 0000
0143 0000 0145 0146 0147 0000 0000 0000 0000 0000 0000 0000 0000 0000 0000 02AF 0000 02B1 0000 0000 0000 0000 0000 06A0 06A1 06A2 06A3 06A4 06A5 06A6 06A7 06A8
0000 0000 0000 0000 0167 0168 0169 0000 0000 0000 0000 0000 0000 0000 0000 02CF 0000 02D1 0000 0000 0000 0000 0000 0000 06C1 06C2 06C3 0000 0000 0000 0000 0000
059A 0000 0000 0000 0000 0000 0000 0000 0000 0000 0000 059B 0000 0000 0000 02EF 0000 02F1 0000 0000 0000 0000 0000 0000 0000 0000 0000 0000 0000 0000 059E 059F
0000 0000 0000 0000 0000 0000 0000 0000 0000 0000 0000 05BB 05BC 05BD 0000 030F 0000 0311 0000 0000 0000 06E0 0000 0000 0000 0000 0000 0000 0000 0000 0000 0000
0000 0000 0000 0000 0000 0000 0000 0000 0000 0000 0000 0000 0000 0000 0000 032F 0000 0331 0000 0000 0000 0000 0000 0000 0000 0000 0000 0000 0000 0000 0000 0000
0000 0000 0000 0000 0000 0000 0000 0000 0000 0000 0000 0000 0000 0000 0000 034F 0000 0351 0000 0000 0000 0000 0000 0000 0000 0000 0000 0000 0000 0000 0000 0000
0360 0361 0362 0363 0364 0365 0366 0367 0368 0369 036A 036B 036C 036D 036E 036F 0370 0371 0000 0000 0000 0000 0000 0000 0000 0000 0000 0000 0000 0000 0000 0000
0380 0381 0000 0000 0000 0000 0000 0000 0000 0000 0000 0000 0000 0000 0000 038F 0390 0391 0392 0393 0394 0395 0396 0397 0398 0399 039A 039B 039C 039D 039E 039F
03A0 03A1 03A2 03A3 03A4 03A5 03A6 03A7 03A8 03A9 03AA 03AB 03AC 03AD 03AE 03AF 03B0 03B1 0000 0000 0000 0000 0000 0000 0000 0000 0000 0000 0000 0000 0000 03BF
03C0 0000 0000 0000 0000 0000 0000 0000 0000 0000 0000 0000 0000 0000 0000 03CF 03D0 03D1 03D2 03D3 03D4 03D5 03D6 03D7 03D8 03D9 03DA 03DB 03DC 03DD 03DE 03DF
0000 0000 06E3 06E4 0000 0000 0000 0000 0000 0000 0000 0000 06E6 06E7 0000 03EF 0000 03F1 0000 0000 0000 0000 0000 0000 0000 0000 0000 0000 0000 0000 0000 0000
0000 0702 0703 0704 0000 0000 0000 0000 0000 0000 0000 0705 0706 0707 0000 040F 0000 0411 0000 0000 0000 0000 0000 0000 0000 0000 0000 0000 0000 0000 0000 0000
0721 0000 0000 0000 0000 0000 0000 0000 0000 0000 0000 0000 0000 0000 0000 042F 0000 0431 0000 0000 0000 0000 0000 06E8 06E9 06EA 0000 0000 06EB 06EC 06ED 06EE
0741 0000 0000 0000 0000 0000 0000 0000 0000 0000 0000 0000 0000 0000 0000 044F 0000 0451 0000 0000 06EF 0000 0000 0000 0000 0000 0000 0000 0000 0000 070D 070E
0000 0000 0000 0000 0000 0000 0000 06F0 06F1 06F2 0000 0000 0000 0000 0000 046F 0000 0471 0000 0000 0000 0000 0000 0000 0000 0000 0000 0000 0000 0000 0000 0000
0000 0000 0000 0000 0000 0000 0000 0710 0711 0712 0000 0000 0000 0000 0000 048F 0000 0491 0000 0000 0000 0000 0000 0000 06F5 0000 0000 0000 0000 0000 0000 0000
06FD 06FE 06FF 0000 0000 0000 0000 0000 0000 0000 0000 0000 0000 0000 0000 04AF 0000 04B1 04B2 04B3 04B4 0000 0000 0000 0715 0716 0717 0718 0719 071A 071B 071C
071D 071E 071F 0000 0000 0000 0000 0000 0000 0000 0000 0000 0000 0000 0000 04CF 0000 04D1 0000 0000 0000 0000 0000 0000 0735 0736 0737 0000 0000 0000 0000 0000
0000 0000 0000 0000 0000 0000 0000 0000 0000 0000 0000 0000 07E1 07E2 0000 04EF 0000 04F1 0000 0000 0000 0000 0000 0000 0755 0000 0000 0000 0000 0000 0000 0000
0000 0000 07E3 07E4 07E5 0000 0000 0000 0000 0000 0000 0800 0801 0802 0000 050F 0000 0511 0000 0000 0000 0000 0000 0000 0775 0000 0000 0000 0000 0000 0000 0000
0000 0000 0803 0804 0805 0000 0000 0000 0000 0000 0000 0000 0000 0000 0000 052F 0000 0531 0532 0533 0534 0000 0000 0000 0795 0000 0000 0000 0000 0000 0000 0000
0000 0000 0000 0000 0000 0826 0827 0828 0000 0000 0000 07E9 07EA 07EB 0000 054F 0000 0551 0000 0000 0000 0000 07B3 07B4 07B5 0000 0000 0000 0000 0000 0000 0000
0000 0000 0000 0000 0000 0846 0847 0848 0000 0000 0000 0809 080A 080B 0000 056F 0570 0571 0000 0000 0000 0000 07D3 07D4 07D5 0000 0000 0000 0000 0000 0000 0000
