ATARI GAUNTLET MOTION OBJECT 16X16 TILEMAP
SOURCE: level-085.png
GRID: 32 X 32
TILE_SIZE: 16 X 16
ATLAS_TILES: 992
UNIQUE_PIXEL_TILES: 170
CONNECTED_OBJECT_GROUPS: 24

0000 0000 0020 0021 0022 0000 0000 0000 0000 0000 0000 0000 0000 0000 0000 0000 0000 0000 0000 0023 0024 0025 0000 0000 0000 0000 0000 0000 0000 0000 002C 002D
002E 0000 0040 0041 0042 0000 0000 0000 0000 0000 0000 0000 0000 0000 0000 0000 0000 0000 0000 0043 0044 0045 0000 0000 0046 0047 0000 0000 0000 004B 004C 004D
0000 0000 0060 0061 0062 0000 0000 0000 002F 0000 0000 0000 0000 0000 0000 0000 0000 0000 0000 0000 0000 0000 0000 0000 0066 0067 0068 0000 006A 006B 006C 0000
0030 0000 0000 0000 0000 0000 0000 0000 0000 0000 0000 0000 0000 0000 0000 0000 0000 0000 0000 0000 0000 0000 0000 0000 0000 0087 0088 0089 008A 008B 0000 008D
0050 0000 0000 0000 0000 0000 0000 0000 0000 0000 0000 0000 0000 0000 0000 0000 0000 0000 0000 0000 0000 0000 0000 0000 00A6 00A7 00A8 00A9 00AA 00AB 00AC 00AD
0070 0000 0000 0000 0000 0000 0000 0000 0000 0000 0000 0000 0000 0000 0031 0032 0033 0000 0000 0000 0000 0000 0000 0000 00C6 00C7 00C8 00C9 00CA 00CB 0000 00CD
0090 0000 0000 0000 0000 0000 0000 0000 0000 0000 0000 0000 0000 0000 0051 0052 0053 0000 0000 0000 0000 0000 0000 0000 0000 0000 0000 0000 00EA 00EB 00EC 00ED
0000 0000 0000 0000 0000 0000 0000 0000 0000 0000 0000 0000 0000 0000 0000 0000 0000 0000 0000 0000 0000 0000 0000 0000 0000 0000 0000 0000 0000 010B 010C 010D
0000 0000 0000 0000 0000 0000 0000 0000 0000 0000 0000 0000 0000 0000 0000 0000 0000 0000 0000 0000 0000 0000 0000 0000 0000 0000 0000 0000 0000 0000 0000 0000
0000 0000 0000 0000 0000 0000 0000 0000 0034 0035 0036 0037 0038 0039 003A 003B 003C 003D 003E 0000 0000 0000 0000 0000 0126 0127 0000 0000 0000 0000 0000 0000
0000 0000 0128 0129 012A 0000 0000 0000 0054 0055 0056 0057 0058 0059 005A 005B 005C 005D 005E 0000 0000 0143 0144 0145 0000 0000 0000 0000 0000 0000 0000 0000
0000 0000 0148 0149 014A 0000 0000 0000 0000 0000 0000 0000 0000 0000 0000 0000 0000 0000 0000 0000 0000 0163 0164 0165 0000 0000 0000 0000 0000 0000 0000 0000
0000 0000 0000 0000 0000 0000 0000 0000 0000 0000 0000 0000 0000 0000 0000 0000 0000 0000 0180 0181 0182 0000 0000 0000 0000 0000 0000 0000 0000 0000 0000 0000
0000 0000 0000 0000 0000 0000 0000 0000 0000 0000 0000 0000 0000 0000 0000 0000 0000 0000 01A0 01A1 01A2 0000 0000 0000 012B 012C 0000 0000 0000 0000 0000 0000
0000 0000 0000 0000 0000 0000 0000 0000 0000 0000 012D 012E 012F 0000 0000 0000 0000 0000 0000 0000 0000 0000 0000 0000 0000 0000 0000 0000 0000 0000 0000 0000
0000 0000 0000 0000 0000 0000 0000 0000 0000 0000 014D 014E 014F 0000 0000 0000 0000 0000 0000 0000 0000 0000 0000 0000 0000 0000 0000 0000 0000 0130 0131 0132
0133 0000 0000 0000 0000 0000 0000 0000 0000 0000 0000 0000 0000 0000 0000 0000 0000 0000 0000 0000 0000 0000 0000 0134 0135 0136 0000 0000 0000 0000 0151 0152
0000 0000 0000 0000 0000 0000 0000 0000 0000 0000 0000 0000 0000 0000 0139 013A 013B 0000 0000 0000 0000 0000 0000 0154 0155 0156 0000 0000 0000 0000 0000 0000
0000 01E1 01E2 01E3 0000 01E5 01E6 01E7 0000 0000 0000 0000 0000 0000 0159 015A 015B 015C 0000 0000 0000 0000 0000 0174 0000 0000 0000 0000 0000 0000 0000 0000
0200 0201 0202 0203 0204 0205 0206 0207 0208 0209 020A 020B 020C 0000 0000 0000 0000 0000 0000 0000 0000 0000 0000 0000 0195 0196 0197 0198 0000 0000 01ED 0000
0220 0221 0222 0223 0224 0225 0226 0227 0228 0229 022A 022B 022C 0000 0000 0000 0000 0271 0000 0000 0000 0000 0000 0000 01B5 01B6 01B7 01B8 0000 0000 020D 0000
0000 0241 0242 0243 0000 0245 0246 0247 0000 0249 024A 024B 0000 0000 0000 028F 0290 0291 0000 0000 0000 0000 0000 0000 01D5 0000 0000 0000 0000 0000 0000 0000
0000 0000 0000 0000 0000 0000 0000 0000 0000 0000 0000 0000 0000 0000 0000 02AF 02B0 02B1 0000 0000 0000 0000 0000 0000 0000 0000 0000 0000 0000 0000 0000 0000
02C0 02C1 02C2 02C3 02C4 02C5 02C6 02C7 02C8 02C9 02CA 02CB 02CC 02CD 02CE 02CF 02D0 02D1 02D2 02D3 0000 0000 0274 0275 0276 0000 0000 0000 0000 0000 0000 0000
0000 0000 02E2 0000 02E4 0000 02E6 0000 02E8 0000 02EA 0000 02EC 0000 02EE 0000 02F0 02F1 02F2 02F3 0000 0000 0000 0000 0000 0000 0000 0000 0000 0000 0000 0000
0000 0000 0302 0303 0304 0000 0000 0000 0000 0000 0000 0000 0000 0000 0000 0000 0310 0311 0312 0000 0000 0000 0000 0000 0000 0000 0000 0000 0000 0000 0000 0000
0000 0321 0322 0323 0324 0000 0000 0000 0000 0000 0000 0000 0000 0000 0000 0000 0330 0331 0332 0000 0000 0000 0000 0000 0000 0000 0000 0000 0000 0000 0000 0000
0000 0000 0000 0000 0000 0000 0000 0000 0000 0000 0000 0000 0000 0000 0000 0000 0350 0351 0352 0000 0000 0000 0000 0000 0000 0000 0000 0000 0000 0000 0000 0000
0000 0000 0000 0000 0000 0000 0000 0000 0000 0000 0278 0279 0000 0000 0000 0000 0370 0371 0372 0000 0000 0000 0000 0000 0000 0000 0000 0000 0000 0000 0000 0000
0000 0000 0000 0000 0000 0000 0000 0000 0000 0297 0298 0299 029A 0000 0000 0000 0390 0391 0392 0000 0000 0000 0000 0000 0000 0000 027C 0000 0000 0000 0000 0000
0000 0000 0000 0000 0000 0000 0000 0000 0000 02B7 02B8 02B9 02BA 02BB 0000 0000 03B0 03B1 03B2 0000 0000 0000 0000 0000 0000 0000 0000 0000 0000 0000 0000 027D
027E 0000 0000 0000 0000 0000 0000 0000 0000 02D7 02D8 02D9 0000 0000 0000 0000 03D0 03D1 03D2 0000 0000 0000 0000 0000 0000 0000 0000 0000 0000 0000 0000 029D
