ATARI GAUNTLET MOTION OBJECT 16X16 TILEMAP
SOURCE: level-011.png
GRID: 32 X 32
TILE_SIZE: 16 X 16
ATLAS_TILES: 800
UNIQUE_PIXEL_TILES: 159
CONNECTED_OBJECT_GROUPS: 33

0000 0000 0000 0000 0000 0000 0000 0000 0000 0000 0000 0000 0020 0021 0022 0000 0000 0000 0000 0000 0000 0000 0000 0000 0000 0000 0000 0024 0025 0000 0000 0000
0000 0000 0000 0000 0000 0000 0000 0000 0029 0000 0000 0000 0040 0041 0042 0000 0000 0000 0000 0000 0000 002A 002B 002C 0000 0000 0043 0044 0045 0000 0000 0000
0000 0000 0000 0000 0000 0046 0047 0048 0000 0000 0000 0000 0000 0000 0000 0000 0000 0000 002E 0000 0000 004A 004B 004C 0000 0000 0000 0000 0000 0000 0000 0000
0000 0000 0000 0000 0000 0066 0067 0068 0000 0000 0000 0000 002F 0030 0031 0000 0000 004D 0000 0000 0000 006A 006B 006C 0000 0000 0000 0000 0000 0000 0000 0000
0000 0000 0000 0000 0000 0000 0000 0000 0000 0000 0000 0000 004F 0050 0051 0000 0000 0000 0000 0000 0000 0000 008B 0000 0000 0000 0000 0000 0000 0000 0000 0000
0000 0000 0000 0000 0000 0000 0000 0000 0000 0000 0000 0000 006F 0070 0071 0000 0000 0000 0000 0000 0000 0000 0000 0000 0000 0000 0000 0000 0000 0000 0000 0000
0034 0035 0036 0000 0000 0000 0000 0000 0000 0000 0000 0000 008F 0090 0091 0000 0000 0000 0000 0000 0000 0000 0000 0000 0000 0000 0000 0000 0000 0000 0000 0000
0054 0055 0056 0000 0000 0000 0000 0000 0000 0000 0000 0000 0000 0000 0000 00B2 00B3 0000 0000 0000 0000 0000 0000 0000 0000 0000 0000 0000 0000 0000 0000 0000
0000 0000 0000 0000 0000 0000 0000 0000 0000 0000 0037 0000 0000 0000 00D1 00D2 00D3 0000 0000 0000 0000 0000 0000 0000 0000 0000 0000 0000 0000 0000 0000 0000
0038 0000 0000 0000 0000 0000 0000 0000 0000 0000 0000 0000 0000 0000 0000 0000 0000 0000 0000 0000 0000 0000 0000 0039 0000 0000 0000 0000 0000 0000 0000 0000
0000 0000 0000 0000 0000 0000 0000 0000 0000 0000 0000 0000 0000 0000 0000 0000 0000 0000 003A 003B 003C 0000 0000 0000 0000 0000 0000 0000 0000 0000 0000 0000
0000 0000 0000 00E0 00E1 00E2 0000 0000 0000 0000 0000 0000 0000 0000 0000 0000 0000 0000 0000 0000 0000 0000 0000 0000 0000 0000 0000 00E5 00E6 00E7 0000 0000
0000 0000 0000 0100 0101 0102 0103 0104 0000 0000 0000 0000 0000 00E8 00E9 00EA 0000 0000 0000 0000 0000 0000 00EB 0000 0000 0000 0000 0000 0000 0000 0000 0000
0000 0000 0000 0000 0000 0000 0000 0000 0000 0000 0000 0000 0000 0000 0000 0000 0000 0000 0000 0000 0000 0000 0000 0000 0000 0000 0000 0000 0000 0000 0000 0000
0000 0000 0000 0000 0000 0000 0000 00EC 00ED 00EE 00EF 00F0 00F1 0000 0000 00F2 00F3 00F4 0000 0000 0000 0000 0000 0000 0000 0000 0000 0000 0000 0000 0000 0000
00F5 0000 0000 0000 0000 0000 0000 010C 010D 010E 010F 0110 0111 0000 0000 0000 0000 0000 0000 0000 0000 0000 0000 0000 00F7 00F8 00F9 0000 0000 0000 00FA 00FB
0115 0000 0000 0143 0144 0145 0000 0000 0000 0000 0000 0000 0000 0000 0000 0000 0000 0000 0000 0000 0000 0000 0000 0000 0117 0118 0119 0000 0000 0000 011A 011B
0000 0000 0000 0163 0164 0165 0000 0000 0000 0000 0000 0000 0000 0000 0000 0000 0000 0000 0000 0000 0000 0000 0000 0136 0137 0138 0000 0000 0000 0000 0000 0000
0180 0181 0182 0183 0184 0185 0000 0000 0000 0000 0000 0000 014B 014C 014D 014E 014F 0150 0151 0000 0000 0000 0000 0000 0000 0000 0000 0158 0159 015A 015B 015C
01A0 01A1 01A2 01A3 01A4 01A5 01A6 01A7 0000 0168 0169 016A 016B 016C 016D 0000 0000 0170 0000 0172 0173 0174 0000 0000 0175 0176 0177 0178 0179 017A 017B 017C
01C0 01C1 0000 0000 0000 0000 0000 0000 0000 0000 0000 0000 0000 0000 0000 0000 0000 0000 0000 0192 0193 0194 0000 0000 0195 0196 0197 0000 0000 0000 0000 019C
01E0 01E1 0000 0000 0000 0000 0000 0000 0000 0000 015D 0000 0000 0000 0000 0000 0000 0000 0000 0000 0000 0000 0000 0000 0000 0000 0000 0000 0000 0000 0000 01BC
0000 0000 0000 0203 0204 0205 0000 0000 0000 0000 0000 0000 0000 0000 0000 0000 0000 0000 0000 0000 0000 0000 0000 0000 0000 0000 0000 0208 0209 020A 0000 0000
0000 0000 0000 0223 0224 0225 0000 020B 0000 020C 020D 020E 0000 0000 0000 0000 0000 0000 0000 0000 0211 0212 0213 0214 0000 0000 0000 0228 0229 022A 0000 0000
0240 0241 0242 0243 0000 0000 0000 0000 0000 022C 022D 022E 022F 0230 0000 0000 0000 0000 0000 0000 0000 0000 0000 0000 0000 0000 0000 0000 0000 0000 0000 0000
0000 0000 0000 0263 0264 0265 0266 0267 0000 0000 024D 024E 024F 0250 0000 0000 0000 0000 0215 0216 0217 0000 0000 0000 0000 0000 0000 0000 0000 0000 0000 0000
0000 0000 0000 0000 0000 0285 0286 0287 0000 0000 0000 0000 0000 0000 0000 0000 0000 0000 0235 0236 0237 0000 0000 0000 0000 0000 0000 0000 0000 0000 0000 0000
0000 02A1 02A2 02A3 02A4 0000 0000 0000 0000 0000 0000 0000 0000 0000 0000 0000 0000 0000 0255 0000 0000 0000 0000 0000 0000 0000 0000 0000 0000 0000 0000 0000
0000 02C1 02C2 02C3 02C4 0000 0000 0000 0000 0000 0000 0000 0000 0000 0000 0000 0000 0000 0275 0000 0000 0000 0000 0000 0000 0000 0000 0000 0000 0000 0000 0000
0000 0000 0000 0000 0000 0000 0000 0000 0000 0000 0000 0000 0000 0000 0000 0000 0000 0000 0295 0000 0000 0000 0000 021B 021C 021D 0000 02E0 02E1 02E2 0000 0000
0000 0000 0000 0000 0000 0000 0000 0000 0000 0000 0000 0000 0000 0000 0000 02E3 0000 0000 02B5 0000 0238 0000 0000 023B 023C 023D 0000 0300 0301 0302 0000 0000
0000 0000 0000 0000 0000 0000 0000 0000 0000 0000 0000 0000 0000 0000 0000 0000 0000 0000 02D5 0000 0258 0259 025A 0000 0000 0000 0000 0000 0000 0000 0000 0000
