ATARI GAUNTLET MOTION OBJECT 16X16 TILEMAP
SOURCE: level-055.png
GRID: 32 X 32
TILE_SIZE: 16 X 16
ATLAS_TILES: 672
UNIQUE_PIXEL_TILES: 133
CONNECTED_OBJECT_GROUPS: 27

0020 0000 0000 0000 0000 0000 0000 0000 0000 0000 0000 0000 0021 0022 0023 0000 0000 0026 0027 0028 0029 002A 002B 002C 002D 002E 002F 0030 0000 0000 0031 0032
0040 0000 0000 0000 0000 0000 0000 0000 0000 0000 0000 0000 0041 0042 0043 0044 0045 0046 0047 0048 0049 004A 004B 004C 004D 004E 004F 0050 0000 0000 0051 0052
0000 0000 0000 0000 0000 0000 0000 0000 0000 0000 0000 0000 0000 0000 0000 0064 0065 0066 0000 0000 0000 0000 0000 0000 0000 0000 0000 0000 0000 0000 0000 0000
0000 0000 0000 0000 0000 0000 0000 0000 0000 0000 0000 0000 0000 0000 0000 0084 0085 0086 0000 0000 0000 0000 0000 0000 0000 0000 0000 0000 0000 0000 0000 0000
0000 0000 0000 0000 0000 0000 0000 0000 0000 0000 0000 0000 0000 0000 0000 00A4 00A5 0000 0000 0000 0000 0000 0000 0000 0000 0000 0000 0000 0000 0000 0000 0000
0000 0000 0000 0033 0034 0035 0000 0000 0000 0000 0000 0000 0000 0000 0000 0000 0000 0000 0000 0000 0000 0000 0000 0000 0000 0000 0000 0000 0000 0000 0000 0000
0000 0000 0000 0053 0054 0055 0000 0000 0000 0000 0000 0000 0000 0000 0000 003B 003C 003D 0000 0000 0000 0000 0000 0000 0000 0000 0000 0000 0000 0000 0000 0000
0000 0000 0000 0000 0000 0000 0076 0077 0078 0000 0000 0000 0000 0000 0000 0000 0000 0000 0000 0000 0000 0000 0000 0000 0000 0000 0000 0000 0000 0000 0000 0000
0000 0000 0000 0000 0000 0000 0096 0097 0098 0000 0000 0000 00E0 00E1 00E2 0000 0000 0000 0000 0000 0000 0000 00E5 00E6 00E7 0000 0000 0000 0000 00EA 00EB 0000
0000 0000 0000 0000 0000 0000 0000 0000 00B8 00B9 00BA 0000 0100 0101 0102 0000 0000 0000 00EC 00ED 00EE 0000 0105 0106 0107 0000 0000 0108 0109 010A 010B 0000
0000 0000 0000 0000 0000 0000 0000 0000 00D8 00D9 00DA 0000 0000 0000 0122 0123 0124 0000 0000 0000 0000 0000 0000 0000 0000 0000 0000 0000 0000 0000 0000 0000
0000 0000 0000 0000 0000 0000 0000 0000 0000 0000 0000 0000 0000 0000 0000 0000 0000 0000 0000 0000 00EF 00F0 00F1 00F2 00F3 00F4 0000 0000 0000 0000 0000 0000
0000 0000 0000 0000 0000 00F5 00F6 00F7 0000 0000 0000 00F8 00F9 00FA 0000 0000 0000 0000 0000 0000 010F 0110 0111 0112 0113 0114 0000 0000 0000 0000 0000 0000
0000 0000 0000 0000 0000 0115 0116 0117 0000 0000 0000 0118 0119 011A 0000 0000 0000 0000 0000 0000 0000 0000 0000 0000 0000 0000 0000 0000 0000 00FD 00FE 00FF
0000 0000 0000 0000 0000 0000 0000 0000 0000 0000 0000 0000 0000 013A 013B 013C 0000 0000 0000 0000 0000 0000 0160 0161 0162 0163 0164 0165 0000 011D 011E 011F
0000 0000 0000 0000 0000 0000 0000 0000 0000 0000 0000 0000 0000 015A 015B 015C 0000 0167 0000 0000 0000 0000 0180 0181 0182 0183 0184 0185 0000 0000 0000 0000
0000 0000 0000 0000 0000 0000 0000 0000 0000 0000 0000 0000 0000 0000 0000 0000 0000 0187 0188 0000 0000 0000 0000 0000 0000 0000 0000 01A5 01A6 0000 0000 0000
0000 0000 0000 0000 0000 0000 0000 0000 0000 0000 016D 016E 016F 0000 0000 0000 0000 0000 0000 01A9 01AA 01AB 0000 0000 0000 0000 01C4 01C5 01C6 0000 0000 0000
0000 0000 0000 0000 0000 0000 0000 0000 0000 018C 018D 018E 018F 0000 0000 0000 0000 0000 0000 01C9 01CA 01CB 0000 0000 0000 0000 0000 0000 0000 0000 0000 0000
0000 0000 0000 0000 0000 0000 0000 0000 0000 0000 0000 0000 0000 0000 0000 0000 0000 0000 0000 0000 0000 0000 0000 0000 0000 0000 0000 0000 0170 0171 0172 0000
0000 0000 0000 0000 0000 0000 0000 0000 0000 0000 0000 0000 0000 0174 0175 0176 0177 0178 0000 0000 0000 0000 0000 0000 0000 0000 0000 0000 0000 0000 0000 0000
0179 017A 0000 0000 0000 0000 0000 0000 0000 0000 0000 0000 0000 0194 0195 0196 0197 0198 0000 0000 0000 0000 0000 0000 0000 0000 0000 0000 0000 0000 0000 017D
0199 019A 0000 0000 0000 0000 0000 0000 0000 0000 0000 0000 01B3 01B4 01B5 0000 0000 0000 0000 01E0 01E1 01E2 01E3 01E4 01E5 0000 0000 0000 0000 019B 019C 019D
0000 0000 0000 0000 0000 0000 0000 0000 0000 0000 0000 0000 01D3 01D4 01D5 0000 0000 0000 0000 0200 0201 0202 0203 0204 0205 0000 0000 0000 0000 01BB 01BC 01BD
0000 0000 0000 0000 01E6 0000 0000 0000 0000 0000 0000 0000 0000 0000 0000 0000 0000 0000 0000 0000 0000 0000 0000 0000 0000 0000 0000 0000 0000 0000 0000 0000
0000 0000 0000 0000 0000 0000 0000 0000 0000 0000 0000 0000 0000 0000 0000 0000 01E7 01E8 01E9 0000 0000 0000 0000 0000 0000 0000 0000 0000 0000 0000 0000 0000
0000 0000 0000 0000 0000 0000 0000 0000 01EB 01EC 0000 0000 0000 0000 0000 0000 0207 0208 0209 0000 0000 0000 0000 0000 0000 0000 0000 0000 0000 0000 0000 0000
0000 0000 0000 0000 0000 0000 0000 020A 020B 020C 0000 0000 0000 0000 0000 0000 0000 0000 0000 0000 0000 0000 0000 0000 0000 0000 0000 0000 0000 0000 0000 0000
0000 0000 0000 0000 0000 0000 0000 0000 022B 022C 0000 0000 0000 01ED 01EE 01EF 0000 0000 0000 0000 0000 0000 0000 0000 0000 0000 0000 0000 0000 0000 0000 0000
0000 01F0 01F1 01F2 0000 0000 0000 024A 024B 024C 0000 0000 0000 020D 020E 020F 0000 0000 0000 0000 0000 0000 0000 0000 0000 0000 0000 0000 0000 0000 0000 0000
0000 0210 0211 0212 0000 0000 0000 026A 026B 026C 0000 0000 0000 0000 0000 0000 0000 0000 0000 0000 0000 0000 0000 0000 0000 0000 0000 0000 01F3 01F4 01F5 0000
0000 0230 0231 0232 0000 0000 0000 028A 028B 028C 0000 0000 0000 0000 0000 0000 0000 0000 0000 0000 0000 0000 0000 0000 0000 0000 0000 0000 0213 0214 0215 0000
