ATARI GAUNTLET PLAYFIELD 16X16 TILEMAP
SOURCE: level-060-playfield.png
GRID: 32 X 32
TILE_SIZE: 16 X 16
UNIQUE_TILES: 65

0000 0000 0001 0002 0000 0000 0000 0000 0001 0002 0000 0000 0000 0001 0002 0003 0000 0000 0000 0000 0000 0003 0000 0000 0000 0000 0001 0002 0000 0000 0000 0000
0004 0005 0006 0007 0004 0005 0008 0009 0006 000A 0008 0009 0004 0006 000B 0009 0004 0005 0008 0009 0004 000C 000D 000E 000F 0010 0011 0012 0004 0005 0008 0009
000E 000F 0013 0014 0015 000F 0010 0016 0011 0016 0010 0017 0015 0013 0018 0017 0015 000F 0010 0017 0015 0019 001A 001B 0000 001C 001A 000D 0009 0004 0005 0008
001B 0001 001D 0000 0000 0000 0000 001C 001E 001B 0000 0000 0000 001F 0002 0000 0000 0000 0000 0000 001C 0012 0020 0018 0017 0015 0021 000A 0008 0009 0022 0010
0023 0006 0007 0004 0005 0008 0009 0016 0020 0016 0009 0004 0005 0006 0007 0004 0005 0008 0009 0004 000C 000D 0024 0002 0000 0000 0025 0026 0010 0017 001B 001C
0004 0006 000B 0009 0004 0005 0008 0009 0006 0018 0017 0015 000F 0013 000B 0009 0004 000C 0017 0015 0019 0023 0006 0007 0004 0005 0008 0027 0000 001C 0028 0009
0015 0013 0018 0017 0015 000F 0010 0017 0029 0000 0000 0000 0000 0025 001A 0017 0015 001B 0000 001C 0012 0004 002A 001E 002B 0022 0010 000D 000E 000F 0010 0017
0000 0003 0000 0000 0000 0000 0000 001C 0028 0009 0004 0005 0008 0009 0027 0000 001C 002C 000F 0010 000D 0009 0022 0019 0028 0027 001C 001A 001B 0000 0000 0000
0005 0008 0009 0004 0005 0008 0009 0004 0005 0008 0009 0022 002D 0008 0009 0004 0005 0027 0000 001C 0023 0008 0020 002E 0005 0008 000E 0019 0023 0008 0009 0004
000F 0010 0017 0015 000F 0010 0017 0015 000F 0010 0017 0019 0026 0010 0017 002B 0004 0005 0008 0009 0004 0005 0006 0007 0004 000C 0019 0012 0004 000C 0017 0015
0000 0000 0000 0000 0000 0000 0000 0000 0000 0000 001C 0028 0027 0000 001C 001E 002B 0004 0005 0008 0009 0004 0006 000B 0009 0020 000A 0008 000E 001B 0000 0000
002F 002B 0022 002D 002F 002B 0022 002D 0008 0009 0004 0005 0008 0009 0004 0030 001E 0015 000F 0010 0017 0015 0011 0023 0008 0006 002E 0005 0020 0007 0022 002D
0019 001E 0019 0026 0019 001E 0019 0026 002D 0008 0009 0022 002D 002F 002B 0004 0027 0000 0000 0000 0000 001C 0012 0004 0005 0006 0007 0004 0006 0014 0019 0026
0026 0019 001E 0019 0026 0019 001E 0019 0026 0010 0017 0019 0026 0019 001E 002B 0004 0005 0008 0009 0004 0005 0008 0009 0004 0006 0014 0015 0031 0032 001E 0019
0019 0026 0019 001E 0019 0026 0019 001E 001B 0001 0032 001E 0019 0026 0019 001E 0015 0033 0005 0008 0009 0004 0005 0008 0009 0024 0002 0000 0025 0026 0019 001E
001E 0019 0026 0019 001E 0019 0026 0019 001E 0011 0026 0019 001E 0019 0026 001B 0034 0007 0004 0005 0008 000E 000F 0010 000D 0006 002E 0005 002F 0019 0026 0019
0019 001E 0019 0026 0019 001E 0019 0026 0019 001E 0019 0026 0019 0028 0030 0026 0013 0014 0015 000F 0010 001B 0000 001C 001A 0011 0012 0022 0019 001E 0019 0026
0026 0019 001E 0019 0026 0019 001E 0019 0026 0019 001E 0019 0035 0005 0008 0027 0003 0000 0000 0000 001C 001A 0017 0015 0019 0023 002F 0019 0026 0019 001E 0019
0019 0026 0019 001E 0019 0026 0019 001E 0019 0026 0019 001E 002B 0004 0005 0008 0009 0004 0005 0008 0009 0027 0000 001C 002C 000F 0019 001E 0019 0026 0019 001E
001E 0019 0026 0019 001E 0019 0026 0019 001E 0019 0026 0019 001E 0015 0033 0005 002F 002B 0004 0005 0008 0009 0004 0005 0027 0034 0036 0019 001E 0019 0026 0019
0019 001E 0019 0026 0019 001E 0019 0026 0019 001E 0019 0035 0027 001C 002C 000F 0021 0014 0015 000F 002D 0008 0009 0022 002D 0024 0032 0026 0019 001E 0019 0026
0026 0019 001E 0019 0026 0019 001E 0019 0026 0019 001E 002B 0004 0005 0027 0000 0003 0000 0000 001C 0026 0010 0017 0019 0026 0013 000B 0030 0026 0019 001E 0019
0021 0036 0021 0014 0021 0036 0021 0014 0021 0036 0021 0014 002B 0004 0005 0008 0009 0004 0005 0008 0027 0000 001C 001E 001B 0037 0018 0017 0021 0036 0021 0014
001D 0000 0003 0000 0003 0000 0003 0000 0003 0000 0003 0034 000B 0009 0004 0005 0008 0009 0004 0005 0008 0009 0004 0030 0028 0038 0000 0000 0003 0000 0003 0001
0023 0008 0009 0004 0005 0008 0009 0004 0005 0008 0009 0006 0018 0017 0015 000F 0010 0017 0015 000F 0010 0017 002B 0004 0005 0008 0009 0004 0005 0008 0009 002A
0004 0005 0008 0009 0004 0005 0008 0009 0004 0005 0008 0038 0000 0000 0000 0000 0000 0000 0000 0000 0000 0034 0014 0015 000F 0010 0017 0015 0033 0005 0008 0009
0015 000F 0010 0017 0015 000F 0010 0017 002B 0004 0005 0008 0009 0004 0005 0008 0009 0004 0005 0008 0009 0024 0002 0000 0000 0000 0000 0034 0039 000F 0010 0017
0002 0000 0000 0000 0000 0000 0000 0034 000B 0009 0004 0005 0008 0009 0004 0005 0008 0009 0004 0005 0008 0006 002E 0005 0008 0009 0004 0024 0002 0000 0000 0001
000A 0008 0009 0004 0005 0008 0009 0006 0018 0017 0015 000F 0010 0017 0015 000F 0010 0017 0015 000F 0010 0013 0007 0004 0005 0008 0009 0006 000A 0008 0009 0006
002E 0005 0008 0009 0004 0005 0008 0038 0000 0000 0000 0000 0000 0000 0000 003A 003B 003B 003B 003B 003B 003C 000B 0009 0004 0005 0008 0006 002E 0005 0008 0006
0012 0004 0005 0008 0009 0004 0005 0008 0009 0004 0005 0008 0009 0004 0005 003D 003E 003F 003F 003F 003F 0040 000A 0008 0009 0004 0005 002A 0012 0004 0005 002A
0017 0015 000F 0010 0017 0015 000F 0010 0017 0015 000F 0010 0017 0015 000F 0013 0014 0015 000F 0010 0017 0013 0036 0010 0017 0015 000F 0010 0017 0015 000F 0010
