ATARI GAUNTLET MOTION OBJECT 16X16 TILEMAP
SOURCE: level-047.png
GRID: 32 X 32
TILE_SIZE: 16 X 16
ATLAS_TILES: 1120
UNIQUE_PIXEL_TILES: 161
CONNECTED_OBJECT_GROUPS: 20

0000 0000 0000 0020 0000 0000 0000 0000 0000 0000 0000 0000 0000 0000 0000 0026 0027 0000 0000 0000 0029 002A 002B 0000 0000 0000 0000 0000 0000 0000 0000 0000
0000 0000 0000 0040 0000 0000 0000 0000 002F 0030 0031 0000 0000 0000 0000 0046 0047 0048 0000 0000 0049 004A 004B 0000 0000 0000 0000 0000 0032 0000 0000 0000
0000 0000 0000 0060 0000 0000 0000 0000 004F 0050 0051 0000 0000 0000 0000 0000 0000 0000 0000 0000 0000 0000 0000 0000 0000 0000 0000 0000 0000 0000 0000 0000
0000 0000 0000 0080 0000 006C 006D 006E 006F 0000 0000 0000 0000 0000 0000 0000 0000 0000 0000 0000 0000 0000 0000 0000 0000 0000 0000 0000 0000 0000 0000 0000
0000 0000 0000 00A0 0000 0000 008D 008E 008F 0000 0000 0000 0000 0000 0000 0000 0000 0000 0000 0000 0000 0000 0000 0000 0000 0000 0000 0000 0000 0000 0000 0000
0000 0000 0000 00C0 0000 0000 00AD 00AE 00AF 0000 0000 0000 0000 0000 0000 0000 0000 0000 0000 0000 0000 0000 0000 0000 0000 0000 0000 0000 0000 0000 0000 0000
0000 0000 0000 00E0 00E1 0000 0000 0000 0000 0000 0000 0000 0000 0000 0000 0000 0000 0000 0000 0033 0034 0035 0036 0000 0000 0000 0000 0000 0000 0000 0000 0000
0000 0000 0000 0100 0101 0102 0000 0037 0000 0000 0000 0000 0000 0000 0000 0000 0000 0000 0000 0053 0054 0055 0056 0000 0000 0000 0000 0000 0000 0000 0000 0000
0038 0039 0000 0120 0121 0122 0000 0000 0000 0000 0000 0000 0000 0000 0000 0000 0000 0000 0000 0000 0000 0000 0000 0000 0000 0000 0000 0000 0000 0000 0000 003A
0058 0059 0000 0140 0141 0142 0000 0000 0000 0000 0000 0000 0000 0000 0000 0000 0000 0000 0000 0000 0000 0000 0000 0000 0000 0000 0000 0000 0000 0000 0000 005A
0000 0000 0000 0000 0000 0162 0163 0164 0165 0000 0000 0000 0000 0000 0000 0000 0000 0000 0000 0000 0000 0000 0000 0000 0000 0000 0000 0000 0000 0000 0000 0000
0000 0000 0000 0000 0000 0000 0183 0184 0185 0000 0000 0000 0000 0000 0000 0000 0000 0000 0000 0000 0000 0000 0000 0000 0000 0000 0000 0000 0000 0000 0000 0000
0000 0000 0000 0000 0000 0000 01A3 01A4 01A5 0000 0000 0000 0000 0000 0000 0000 0000 0000 0000 0000 0000 0000 0000 0000 0000 0000 0000 0000 0000 0000 0000 0000
003B 003C 003D 003E 003F 0000 0000 0000 0000 0000 0000 0000 0000 0000 0000 0000 0000 0000 0000 0000 0000 0000 0000 0000 0000 0000 0000 0000 0000 0000 0000 0000
005B 005C 005D 0000 0000 0000 0000 0000 0000 0000 0000 0000 0000 0000 0000 0000 0000 0000 0000 0000 0000 0000 0000 0000 0000 0000 0000 0000 0000 0000 0000 0000
0000 0000 0000 0000 0000 0000 0000 0000 0000 0000 0000 0000 0000 0000 0000 0000 0000 0000 0000 0000 0000 0000 0000 0000 0000 0000 0000 0000 0000 0000 0000 0000
0000 0000 0000 0000 01C4 0000 0000 0000 0000 0000 0000 0000 0000 0000 0000 0000 0000 0000 0000 0000 0000 0000 0000 0000 0000 01D3 01D4 01D5 0000 0000 0000 0000
0000 0000 0000 0000 01E4 0000 0000 0000 0000 0000 0000 0000 0000 0000 0000 0000 0000 0000 0000 0000 0000 0000 0000 0000 0000 01F3 01F4 01F5 0000 0000 0000 0000
0000 0000 0000 0000 0204 0000 0000 0000 0000 0000 0000 0000 0000 0000 0000 0000 0000 0000 0000 0000 0000 0000 0000 0000 0000 0213 0214 0215 0000 0000 0000 0000
01DA 01DB 0000 0223 0000 0000 0000 0000 0000 0000 0000 0000 0000 0000 0000 0000 0000 0000 0000 0000 0000 0000 0000 0231 0232 0233 0000 0000 0000 0000 01DC 01DD
0000 0000 0000 0243 0000 0000 0000 0000 0000 0000 0000 024B 024C 024D 0000 0000 0000 0000 0000 0000 024E 024F 0250 0251 0252 0253 0000 0000 0000 0000 0000 0000
0000 0261 0262 0263 0000 0000 0000 0000 0000 0000 0000 026B 026C 026D 0000 0000 0000 0000 0000 0000 026E 026F 0270 0000 0000 0000 0000 0000 0000 0000 0000 0000
0280 0281 0282 0283 0284 0285 0286 0287 0288 0289 028A 0000 0000 0000 0000 0000 0000 0000 0000 0000 0000 0000 0000 0291 0000 0000 0000 0295 0296 0297 0298 0299
02A0 02A1 0000 0000 0000 0000 0000 0000 02A8 02A9 02AA 0000 0000 0000 0000 0000 0000 0000 0000 0000 0346 0000 0000 02B1 02B2 02B3 0000 02B5 02B6 02B7 0000 02B9
02C0 02C1 02C2 0000 0000 02C5 02C6 02C7 0000 0000 02CA 0000 0000 0000 0000 0000 0000 0000 0000 0000 0366 0367 0000 02D1 02D2 02D3 0000 02D5 02D6 0000 0000 02D9
02E0 0000 0000 0000 02E4 02E5 02E6 02E7 02E8 0000 0000 0000 0000 0000 0380 0381 0382 0383 0384 0000 0386 0387 0000 0000 02F2 02F3 02F4 02F5 02F6 02F7 02F8 02F9
0000 0000 0000 0000 0000 0000 0306 0307 0308 0309 030A 0000 0000 0000 03A0 03A1 03A2 03A3 03A4 03A5 03A6 03A7 03A8 0000 0312 0313 0314 0000 0000 0000 0000 0000
0349 034A 034B 034C 034D 0000 0000 0000 0328 0329 032A 0000 0000 0000 0000 0000 0000 03C3 03C4 03C5 0000 0000 0000 0000 0000 0000 0000 0000 0000 0000 0000 0000
0369 036A 036B 036C 036D 0000 0000 0000 0000 0000 0000 0000 0000 0000 0000 0000 03E2 03E3 03E4 03E5 0000 0000 0000 0000 0000 0000 0000 0000 0000 0000 0000 0000
0000 0000 0000 0000 0000 0000 0000 0000 034F 0350 0351 0352 0000 0000 0000 0000 0402 0403 0404 0405 0000 0000 0000 0000 0353 0000 0000 0000 0000 0000 0000 0000
0354 0000 0000 0000 0000 0000 0000 036E 0000 0000 0000 0000 0000 0000 0420 0421 0422 0000 0000 0425 0000 0000 0000 0000 0373 0000 0000 0000 0000 0000 0000 0000
0374 0375 0000 0000 0000 0000 0000 038E 0000 0000 0000 0000 0356 0000 0440 0441 0442 0000 0000 0445 0000 0000 0000 0000 0393 0000 0000 0000 0000 0000 0000 0000
