ATARI GAUNTLET MOTION OBJECT 16X16 TILEMAP
SOURCE: level-040.png
GRID: 32 X 32
TILE_SIZE: 16 X 16
ATLAS_TILES: 1056
UNIQUE_PIXEL_TILES: 223
CONNECTED_OBJECT_GROUPS: 21

0000 0000 0020 0021 0022 0000 0023 0024 0025 0000 0027 0028 0029 0000 0000 0000 0000 002B 0000 0000 002D 002E 002F 0000 0000 0000 0000 0000 0000 0000 0000 0000
0000 0000 0040 0041 0042 0000 0043 0044 0045 0046 0047 0048 0049 004A 0000 0000 0000 004B 004C 0000 004D 004E 004F 0000 0000 0000 0000 0000 0000 0000 0000 0030
0000 0000 0000 0000 0000 0000 0000 0000 0000 0066 0067 0068 0000 0000 0000 0000 0000 0000 0000 0000 0000 0000 0000 0000 0000 0000 0000 0000 0000 0000 0000 0000
0000 0031 0000 0000 0000 0000 0000 0000 0000 0000 0000 0000 0000 0000 0000 0000 0000 0000 0000 0000 0000 0000 0000 0000 0000 0000 0000 0000 0000 0000 0000 0000
0000 0000 0000 0000 0000 0000 0000 0000 0000 0000 0032 0000 0000 0000 0000 0000 0000 0000 0000 0000 0000 0000 0000 0000 0000 0000 0000 0000 0000 0033 0034 0035
0036 0000 0000 0000 0000 0000 0000 0000 0000 0000 0052 0000 0000 0000 0000 0000 0000 0000 0000 0000 0000 0000 00AA 00AB 00AC 0000 0000 0000 0000 0000 0054 0055
0056 0000 0000 0000 0000 0000 0000 0000 0000 0000 0072 0000 0000 0000 0000 0000 0000 0000 0000 0000 0000 0000 00CA 00CB 00CC 00CD 0000 0000 0000 0000 0074 0075
0076 0000 0000 0000 0000 0000 0000 0000 0000 0000 0000 0000 00E0 0000 0000 00E3 00E4 00E5 00E6 00E7 0000 0000 0000 0000 00EC 0000 0000 0000 0000 0093 0094 0095
0000 0000 0000 0000 0000 0000 0000 0000 0000 0000 0000 0000 0100 0000 0000 0000 0000 0105 0000 0000 0000 0000 0000 0000 010C 0000 0000 00AF 0000 0000 0000 0000
00B0 00B1 00B2 0000 0000 0000 0000 0000 0000 0000 0000 0000 0120 0121 0122 0123 0124 0125 0126 0127 0128 0129 012A 012B 0000 0000 00CE 0000 0000 0000 0000 0000
00D0 00D1 00D2 0000 0000 0000 0000 0000 0000 0000 0000 0000 0000 0000 0000 0000 0000 0000 0000 0000 0000 0000 0000 0000 014C 0000 00EE 0000 0000 0000 0000 0000
00F0 00F1 00F2 00F3 00F4 00F5 00F6 00F7 0000 00B8 0000 0160 0161 0162 0163 0164 0165 0166 0167 0168 0169 0000 0000 0000 0000 0000 0000 0000 0000 0000 016F 0170
0000 0111 0000 0000 0000 0000 0000 0000 0000 0000 0000 0180 0181 0182 0183 0184 0185 0186 0187 0188 0189 0000 0000 0000 0000 0171 0000 0000 0000 0000 018F 0000
0000 0000 0000 0000 0000 0000 0000 0000 0000 0000 0000 0000 0000 0000 0000 0000 0000 0000 0000 0000 0000 01AA 01AB 01AC 0000 0000 0000 0000 0000 0000 0000 0000
0000 0000 0000 0000 0000 0000 0000 0000 0000 0000 0000 0000 0000 0000 0000 01C4 01C5 01C6 01C7 01C8 01C9 01CA 01CB 01CC 01CD 01CE 0000 0000 0000 0000 0000 0000
0000 0000 0000 0000 0000 0000 0000 0000 0000 0000 0000 0000 0000 0000 01E3 01E4 01E5 0000 0000 0000 0000 0000 0000 0000 0000 0000 0000 0000 0000 0000 0000 0000
0000 0000 0000 0000 0000 0000 0000 0000 0000 0000 0000 0000 0000 0202 0203 0204 0000 0000 0000 0000 0000 0000 0000 0000 0000 0172 0173 0174 0175 0176 0000 0000
0000 0000 0000 0000 0000 0000 0000 0000 0000 0000 0000 0000 0000 0222 0000 0000 0225 0226 0227 0000 0000 0000 0000 0000 0000 0192 0193 0194 0000 0196 0000 0000
0000 0000 017B 017C 017D 017E 017F 0000 0000 0000 0000 0000 0000 0000 0243 0244 0245 0246 0247 0000 0000 0000 0000 0000 0000 0000 0000 0000 0000 01B6 0000 0000
0199 019A 019B 019C 019D 019E 019F 0000 0000 0000 0000 0000 0000 0262 0263 0264 0000 0000 0000 0000 0000 0000 0000 0000 0000 0000 0000 0000 0000 01D6 01D7 01D8
01B9 01BA 01BB 0000 0000 0000 0000 0000 0000 0000 0000 0000 0000 0000 0000 0000 0000 0000 0000 0000 0000 0000 0000 0000 0000 0000 0000 0000 0000 0000 01F7 01F8
01D9 01DA 01DB 01DC 01DD 0000 0000 0000 0000 0000 0000 0281 0282 0283 0284 0000 0000 0000 0288 0000 0000 0000 0000 0000 0000 0000 0000 0000 0000 0000 0217 0218
01F9 01FA 01FB 01FC 01FD 0000 0000 0000 0000 0000 02A0 02A1 02A2 02A3 02A4 0000 02A6 02A7 02A8 0000 02AA 02AB 02AC 02AD 02AE 0000 0000 0000 0000 0000 0237 0238
0219 0000 021B 021C 021D 0000 0000 0000 0000 0000 02C0 02C1 02C2 0000 0000 02C5 02C6 02C7 02C8 0000 02CA 02CB 02CC 02CD 02CE 02CF 0000 0000 0000 0000 0257 0258
0239 0000 023B 023C 023D 0000 0000 0000 0000 0000 0000 0000 0000 0000 0000 02E5 02E6 02E7 02E8 02E9 0000 0000 0000 0000 0000 02EF 02F0 02F1 0000 0000 0277 0278
0259 025A 025B 0000 0000 0000 0000 0000 0000 0000 0000 0000 0000 0303 0304 0000 0000 0307 0308 0309 0000 0000 0000 0000 0000 030F 0310 0311 0312 0000 0000 0000
0279 027A 027B 0000 0000 0000 0000 0000 0000 0000 0000 0000 0000 0000 0000 0000 0000 0000 0000 0000 0000 0000 0000 0000 0000 0000 0000 0000 0332 0333 0000 0000
0000 0000 0000 0000 0000 0000 0000 0000 0000 0000 0000 0000 0000 0000 038B 0000 0000 0000 0000 0000 0000 0000 0000 0000 0000 0000 0000 0351 0352 0353 0000 0000
0000 0000 0000 03A0 03A1 03A2 0000 0000 0000 0000 0000 0000 0000 0000 03AB 03AC 03AD 03AE 0000 03B0 03B1 03B2 0000 0000 0000 0000 0000 0000 0000 0373 0374 0000
0000 0000 0000 03C0 03C1 03C2 0000 0000 03C5 03C6 03C7 0000 0000 0000 03CB 03CC 03CD 03CE 03CF 03D0 03D1 03D2 0000 0000 0000 0000 0000 0000 0000 0000 0000 0000
0000 0000 0000 0000 0000 03E2 03E3 03E4 03E5 03E6 03E7 03E8 03E9 03EA 03EB 03EC 03ED 03EE 03EF 03F0 03F1 03F2 03F3 03F4 03F5 0000 0000 0000 0000 0000 0000 0000
0000 0396 0000 0000 0000 0402 0403 0404 0000 0406 0407 0408 0409 040A 040B 040C 040D 040E 040F 0410 0411 0412 0413 0414 0415 0000 0000 0000 0000 0000 0000 0000
