ATARI GAUNTLET PLAYFIELD 16X16 TILEMAP
SOURCE: level-032-playfield.png
GRID: 32 X 32
TILE_SIZE: 16 X 16
UNIQUE_TILES: 52

0000 0001 0002 0002 0002 0002 0002 0002 0002 0002 0002 0003 0001 0002 0002 0002 0002 0002 0002 0002 0002 0003 0001 0002 0002 0002 0002 0002 0002 0002 0002 0002
0004 0005 0006 0007 0008 0009 0006 0007 0008 0009 0006 0004 000A 0009 0006 0007 0008 0009 0006 0007 0008 0004 000B 0007 0008 0009 0006 0007 0008 0009 0006 0007
0004 000A 0009 0006 0007 0008 0009 0006 0007 0008 0009 0004 000C 0008 0009 0006 0007 0008 0009 0006 0007 0004 0005 0006 0007 0008 0009 0006 0007 0008 0009 0006
000D 000C 0008 0009 0006 0007 0008 0009 0006 0007 000E 000D 000B 0007 0008 0009 0006 0007 0008 0009 0006 0004 000F 0010 0006 0007 0008 0009 0006 0011 0012 0013
0014 0013 0015 0012 0016 0017 0007 0008 0009 0006 0018 0019 001A 0006 0007 0008 0009 0006 0007 0008 0009 001B 001C 000A 0009 0006 0007 0008 0009 001D 0002 0002
001E 0001 0002 0002 001F 001A 0006 0007 0008 0009 0004 000C 0008 0009 0006 0007 0008 0009 0006 0007 0008 0009 0004 000C 0008 0009 0006 0007 0008 0009 0006 0007
0004 000A 0009 0006 0007 0008 0009 0006 0007 0008 0004 000B 0007 0008 0009 0006 0007 0008 0009 0006 0007 0008 0004 000B 0007 0008 0009 0006 0007 0008 0009 0006
0004 000C 0008 0009 0006 0007 0008 0009 0006 0007 0004 0005 0006 0011 0020 0021 0017 0011 0020 0021 0017 0007 0004 0005 0006 0007 0008 0009 0006 0007 0008 0009
0004 000B 0007 0008 0009 0022 0007 0008 0009 0006 0004 000A 0009 0023 0024 0023 001A 0023 0024 0023 001A 0006 0004 000A 0009 0006 0007 0008 0009 0006 0007 0008
000D 0005 0006 0007 0008 0009 0006 0007 0008 0025 0004 000C 0008 0009 0006 0007 0008 0009 0006 0007 0008 0009 0004 000C 0008 0009 0026 0027 0008 0021 0028 0015
0014 000A 0009 0006 0007 0008 0009 0006 0007 0008 0004 000B 0007 0008 0009 0006 0007 0008 0009 0006 0007 0008 0004 0029 0015 0012 002A 000B 0007 001D 0002 0002
0004 000C 0008 0009 0022 0007 002B 0009 0006 0007 0004 0005 0006 0007 0008 0009 0006 0007 0008 0009 0006 0007 001E 0001 0002 0002 0014 002C 0028 0027 0008 0009
0004 000B 0007 0008 0009 0006 0007 0008 0009 0006 0004 000A 0009 0006 0007 0008 0009 0006 0007 0008 0009 0006 0004 000A 0009 0006 001B 0002 001F 002D 0007 0008
0004 0005 0022 0007 0008 0009 0006 0007 0008 0009 0004 000C 0008 0009 0006 0007 0008 0009 0006 0007 0008 0009 0004 000C 0008 0009 0006 0007 0008 0009 0006 0007
0004 000A 0009 0006 0007 0008 0009 0006 0007 0008 0004 0029 0027 000E 0010 0026 0027 000E 0010 0026 0027 000E 000D 000B 0007 0008 0009 0006 0007 0008 0009 0006
0004 000C 0008 0009 0006 0007 0008 0009 0006 0007 001E 002E 002D 0023 002F 0023 002D 0023 002F 0023 002D 001D 0014 0005 0006 0007 0008 0009 0006 0007 0008 0009
0004 000B 0007 0008 0009 0006 0007 0008 0009 0006 0004 000A 0009 0006 0007 0008 0009 0006 0007 0008 0009 0006 0004 000A 0009 0006 0007 0008 0009 0006 0007 0008
0004 0030 0006 0007 0008 0009 0006 0007 0008 0009 0004 000C 0008 0009 0006 0007 0008 0009 0006 0007 0008 0009 0031 0024 0008 0009 0006 0007 0008 0009 0006 0007
0004 000A 0009 0006 0007 0008 0009 0006 0007 0008 0004 000B 0007 0008 0009 0006 0007 0008 0009 0006 0007 0008 0009 0006 0007 0008 0009 0006 0007 0008 0009 0006
0004 000C 0008 0009 0022 0007 002B 0009 0006 0007 0004 0005 0006 0007 0008 0009 0006 0007 0008 0009 0006 0007 0008 0009 0006 0007 0008 0009 0006 0007 0008 0009
0004 000B 0032 0008 0009 0006 0007 0008 0009 0006 0031 002F 0009 0006 0007 0008 0009 0006 0007 0008 0009 0006 0007 0008 0009 0006 0007 0008 0009 0006 0007 0008
0004 0005 0006 0007 0008 0009 0006 0032 0008 0009 0006 0007 0008 0009 0006 0007 0008 0009 0006 0007 0008 0009 0006 0007 0008 0009 0006 0007 0008 0009 0006 0007
0004 000A 0009 0022 0007 0008 0009 0006 0007 0008 0009 0006 0007 0008 0021 0017 0007 0008 0021 0017 0007 0008 0009 0006 0007 0008 0009 0006 0007 0008 0009 0006
0004 000C 0008 0009 0006 0032 0008 0009 0006 0007 0008 0009 0006 0007 0023 001A 0006 0007 0023 001A 0006 0007 0008 0009 0006 0007 0008 0009 0006 0007 0008 0009
0004 000B 0007 0008 0009 0006 0007 0008 0009 0006 0007 0008 0009 0006 0007 0008 0009 0006 0007 0008 0009 0006 0007 0008 0009 0006 0007 0008 0009 0006 0007 0008
000D 0005 0006 0007 0008 0009 0006 0007 0008 0009 0006 0007 0008 0009 0006 0007 0008 0009 0006 0007 0008 0009 0026 0015 0020 0009 0006 0007 000E 0016 0028 0015
0014 000A 0009 0006 0007 0008 0009 0006 0007 0008 0009 0006 0007 0008 0009 0006 0007 0008 0009 0006 0007 0008 001D 001F 0024 0008 0009 0006 001D 0002 0002 0002
0004 000C 0008 0009 0006 0007 0008 0009 0006 0007 0008 0009 0006 0007 0008 0009 0006 0007 0008 0009 0006 0007 0008 0009 0006 0007 0008 0009 0006 0007 0008 0009
0004 000B 0007 0008 0009 0006 0007 0008 0009 0006 0007 0008 0009 0006 0007 0008 0009 0006 0007 0008 0009 0006 0007 0008 0009 0006 0007 0008 0009 0006 0007 0008
0004 0005 0006 0007 0008 0009 0006 0007 0008 0009 0006 0007 0008 0009 0006 0007 0008 0009 0006 0007 0008 0009 0006 0007 0008 0009 0006 0007 0008 0009 0006 0007
0004 000A 0009 0006 0007 0008 0009 0006 0007 0008 0009 0006 0007 0008 0009 0006 0007 0008 0009 0006 0007 0008 0009 0006 0007 0008 0009 0006 0007 0008 0009 0006
000D 0033 0012 0016 0028 0015 0012 0016 0028 0015 0012 0016 0028 0015 0012 0016 0028 0015 0012 0016 0028 0015 0012 0016 0028 0015 0012 0016 0028 0015 0012 0016
