ATARI GAUNTLET MOTION OBJECT 16X16 TILEMAP
SOURCE: level-003.png
GRID: 32 X 32
TILE_SIZE: 16 X 16
ATLAS_TILES: 384
UNIQUE_PIXEL_TILES: 83
CONNECTED_OBJECT_GROUPS: 39

0000 0020 0000 0000 0000 0000 0000 0000 0000 0000 0000 0000 0000 0000 0000 0000 0000 0000 0000 0000 0000 0000 0000 0000 0000 0000 0000 0000 0000 0000 0000 0000
0000 0040 0041 0000 0000 0000 0000 0000 0000 0000 0000 0000 0022 0023 0024 0000 0000 0000 0000 0000 0000 0000 0000 0025 0000 0000 0000 0000 0026 0027 0028 0029
0000 0000 0000 0000 0000 0000 0000 0000 0000 0000 0000 0000 0042 0043 0044 0000 002A 0000 0000 0000 0000 0000 0000 0000 0000 0000 0000 0000 0000 0000 0000 0000
0000 0000 0000 0000 0000 0000 0000 0000 0000 0000 0000 0000 0000 0000 0000 0000 0000 0000 0000 0000 0000 0000 0000 002B 0000 0000 0000 0000 0000 0000 0000 0000
0000 0000 0000 0000 0000 0000 0000 0000 0000 0000 0000 0000 0000 0000 0000 0000 0000 0000 0000 0000 0000 0000 0000 0000 0000 002C 002D 002E 0000 0000 0000 0000
0000 0000 0000 0000 0000 0000 0000 0000 0000 0000 0000 0000 0000 0000 0000 0000 0000 0000 0000 002F 0030 0031 0000 0000 0000 004C 004D 004E 0000 0000 0000 0000
0000 0000 0000 0000 0000 0000 0000 0000 0000 0000 0000 0000 0000 0000 0000 0000 0000 0000 0000 004F 0050 0051 0000 0000 0000 0000 0000 0000 0000 0000 0000 0000
0000 0000 0000 0000 0000 0000 0000 0000 0000 0000 0000 0000 0000 0000 0000 0000 0000 0000 0000 0000 0000 0000 0000 0000 0000 0032 0033 0034 0000 0000 0000 0000
0000 0000 0000 0000 0000 0000 0000 0000 0000 0000 0000 0000 0035 0036 0037 0000 0000 0000 0000 0000 0000 0000 0000 0000 0000 0052 0053 0054 0000 0000 0000 0000
0038 0000 0000 0000 0000 0000 0000 0000 0000 0000 0000 0000 0055 0056 0057 0000 0039 0000 0000 0000 0000 0000 0000 0000 0000 0000 0000 0000 0000 0000 003A 003B
0058 0000 0000 0000 0000 0000 0000 0000 0000 0000 0000 0000 0000 0000 0000 0000 0000 0000 0000 0000 0000 0000 0000 0000 0000 0000 0000 0000 0000 0000 005A 005B
0000 0000 0000 0000 0000 0000 0000 0000 0000 0000 0000 0000 0000 0000 0000 0000 0000 0000 003C 003D 003E 0000 003F 0000 0000 0000 0000 0000 0000 0000 0000 0000
0000 0000 0060 0061 0062 0000 0000 0063 0064 0065 0000 0000 0000 0000 0000 0000 0000 0000 005C 005D 005E 0000 0000 0000 0000 0000 0000 0066 0067 0068 0000 0000
0000 0000 0080 0081 0082 0000 0000 0083 0084 0085 0000 0000 0000 0000 0000 0000 0000 0000 0000 0000 0000 0000 0000 0000 0000 0000 0000 0086 0087 0088 0000 0000
0000 0000 0000 0000 0000 0000 0000 0000 0000 0000 0000 0000 0000 0000 0000 0000 0000 0000 0000 0000 0000 0000 0000 0000 0000 0000 0000 0000 00A7 0000 0000 0000
0000 0000 0000 0000 0000 0000 0000 0000 0000 0000 0000 0000 0000 0000 0000 0000 0000 0000 0000 0000 0000 0000 0000 0000 0000 0000 0000 0000 0000 0000 0000 0000
0000 0000 0000 0069 0000 0000 0000 0000 0000 006A 0000 0000 0000 0000 0000 0000 0000 0000 0000 0000 0000 006B 006C 006D 0000 0000 0000 0000 0000 0000 0000 0000
006E 0000 0000 0000 0000 0000 0000 0000 0000 0000 0000 0000 0000 0000 0000 0000 0000 0000 0000 0000 0000 008B 008C 008D 0000 0000 0000 0000 0000 0000 006F 0070
008E 0000 0000 0000 0000 0071 0072 0073 0000 0000 0000 0000 0076 0077 0078 0000 0079 0000 0000 0000 0000 0000 0000 0000 0000 0000 0000 0000 0000 0000 008F 0090
0000 0000 0000 0000 0000 0091 0092 0093 0000 0000 0000 0000 0096 0097 0098 0000 0000 0000 0000 0000 007A 007B 007C 0000 0000 0000 0000 0000 0000 0000 0000 0000
0000 0000 0000 0000 0000 0000 0000 0000 0000 0000 00B4 00B5 00B6 0000 0000 0000 0000 0000 0000 0000 009A 009B 009C 0000 0000 0000 0000 0000 0000 0000 0000 0000
0000 0000 0000 0000 0000 0000 0000 0000 0000 0000 00D4 00D5 00D6 0000 0000 0000 0000 0000 0000 0000 0000 0000 0000 0000 0000 0000 0000 0000 0000 0000 0000 0000
0000 0000 0000 0000 0000 0000 0000 0000 0000 0000 0000 0000 0000 0000 0000 0000 0000 0000 0000 0000 0000 0000 0000 0000 0000 0000 0000 0000 0000 007E 007F 0000
0000 0000 0000 0000 0000 0000 0000 0000 0000 0000 0000 0000 0000 0000 0000 0000 0000 0000 0000 0000 0000 0000 0000 0000 0000 0000 0000 0000 009D 009E 009F 0000
0000 0000 0000 0000 00E0 00E1 00E2 0000 0000 0000 0000 0000 0000 0000 0000 0000 0000 0000 0000 0000 0000 0000 00E3 0000 0000 0000 0000 0000 0000 0000 0000 0000
0000 0000 0000 0000 0100 0101 0102 0000 0000 0000 0000 0000 0000 0000 0000 0000 0000 0000 0000 0000 0000 0000 0000 0000 0000 0000 0000 0000 0000 0000 0000 0000
0000 0000 0000 0000 0000 0000 0000 0000 0000 0000 0000 0000 0000 0000 0000 00E7 0000 0000 0000 0000 0000 0000 0000 0000 0000 0000 0000 0000 0000 0000 0000 0000
00E8 0000 0000 0000 0000 0000 0000 0000 0000 0000 0000 0000 0104 0105 0106 0000 0000 0000 0000 0000 0000 0000 0000 0000 0000 0000 00E9 00EA 00EB 00EC 00ED 00EE
0000 0000 0000 0000 0000 0000 0000 0000 0000 0000 0000 0000 0124 0125 0126 0000 0000 0000 0000 0000 00EF 00F0 00F1 00F2 00F3 0000 0000 010A 0000 0000 0000 0000
00F4 00F5 00F6 0000 0000 0000 0000 0000 0000 0000 0000 0000 0000 0000 0000 0000 0000 0000 0000 0000 010F 0110 0111 0112 0113 0000 0000 012A 012B 012C 012D 012E
0000 0000 0000 0000 00F7 00F8 00F9 0000 0000 0000 0000 0000 0000 0000 0000 0000 00FA 00FB 00FC 0000 0000 0000 0000 0000 0000 0000 0000 014A 0000 014C 0000 0000
0000 00FD 0000 0000 0117 0118 0119 0000 0000 0000 00FE 0000 0000 0000 0000 0000 011A 011B 011C 0000 0000 0000 0000 0000 0000 0000 0000 016A 0000 016C 0000 0000
