ATARI GAUNTLET PLAYFIELD 16X16 TILEMAP
SOURCE: secret-room-01-playfield.png
GRID: 32 X 32
TILE_SIZE: 16 X 16
UNIQUE_TILES: 69

0000 0001 0002 0002 0002 0002 0002 0002 0002 0002 0002 0002 0002 0002 0002 0002 0002 0002 0003 0001 0002 0002 0002 0002 0003 0001 0002 0002 0002 0002 0002 0002
0004 0005 0006 0007 0008 0009 0006 0007 0008 0009 0006 0007 0008 0009 0006 0007 0008 0009 0004 000A 000B 000C 0006 000D 000E 000F 0010 0011 000B 000C 0010 0011
0004 0012 0009 0010 0011 0008 0009 0010 0013 0014 0015 0016 0013 0014 0015 0016 0011 0008 0004 0017 0018 0019 000C 001A 000A 000B 001B 0017 001A 0012 001A 0017
0004 000A 0008 001A 0017 0007 0008 001C 0002 0002 0002 0002 0002 0002 0002 001D 001E 0007 0004 0005 0006 0018 001F 0020 001E 001C 0021 0005 0004 000A 0004 0005
0004 0017 0007 0004 0005 0006 0007 0008 0009 0006 0007 0008 0009 0006 0007 0008 0009 0006 0004 0012 0009 0010 0013 0014 0015 0022 0004 0012 0004 0017 0004 0012
0004 0005 0006 0004 0012 0009 0010 0013 0014 0015 0016 0013 0014 0015 0016 0013 0023 0009 0004 000A 0008 001C 0002 0002 001D 000F 0004 000A 0020 000F 0020 0024
0025 0012 0009 0004 0026 0014 0027 0028 0001 0002 0002 0002 0002 0002 0002 0029 000A 0008 0004 0017 0007 000B 000C 0010 0013 0023 0020 002A 0013 0023 0009 0010
0021 000A 0008 002B 002C 002C 002D 002E 0017 0007 0008 0009 0006 0007 0008 0004 0017 0007 0004 0005 0006 0018 001F 002F 0030 0024 0008 001C 0029 000A 0008 001C
0025 0017 0007 0031 0032 0032 0032 0033 000F 0006 0007 0008 0009 0006 0007 0004 0005 0006 0004 0012 0009 0006 0007 0004 0034 0016 0013 0023 0004 0017 0007 000B
0021 0005 0006 0007 0008 0009 0006 0007 0008 0009 0006 0007 0008 0009 0006 0004 0012 0009 0004 000A 0008 0035 0022 0036 0002 0002 001D 0024 0004 0005 0006 001C
0004 0012 0009 0006 0007 0008 0009 0006 0007 0008 0009 0006 0007 0008 0009 0004 000A 0008 0004 0017 0007 0018 0037 0016 0013 0014 0015 0016 0025 0012 0009 0006
0004 000A 0008 0009 0006 0007 0008 0009 0006 0007 0008 0035 0022 0007 0008 0004 0017 0007 0004 0005 0006 0007 001C 0002 0002 0002 0002 0002 0021 000A 0008 0009
0004 0017 0007 0008 0009 0006 0007 0008 0009 0006 000D 0038 0037 0022 0007 0004 0005 0006 0004 0012 0009 0006 0007 0008 0009 0006 0007 0008 0004 0017 0007 0008
0025 0034 0016 0013 0014 0015 0016 0013 0014 0015 001B 0026 001B 0034 0016 0025 0012 0009 0004 0026 0014 0015 0016 0013 0014 0015 0016 0013 0025 0034 0016 0013
0000 0001 0002 0002 0002 0002 0002 0003 0001 0002 0039 0002 0039 0002 0002 003A 0024 0008 0036 0002 0002 0002 0002 0002 0002 0002 0002 0002 0000 0001 0002 0002
0004 000A 0008 0009 0006 0007 0008 0004 0017 0007 0008 0009 0006 0007 0008 0009 0006 0007 0008 0009 0006 0007 0008 0009 0006 0007 0008 0009 0004 000A 0008 0009
0004 0017 0007 0008 0035 0016 0013 0025 0034 0016 0013 0014 0015 0016 0013 0014 000C 0006 000D 0014 0015 0016 0013 0014 0015 0016 0013 0014 0025 0017 0007 0008
0004 0005 0006 0007 002F 0001 0002 0039 0002 0002 0003 0001 0002 0002 0002 0029 0012 0009 002F 0001 0002 0003 0001 0002 0002 0002 0002 0002 0021 0005 0006 0007
0004 0012 0009 0006 0004 0012 0035 0022 0007 0008 0004 0017 0007 003B 0009 0004 000A 0008 0004 0017 0007 0004 0005 0006 0007 000B 0015 0016 0025 0012 0009 0006
0004 000A 0008 0009 0004 000A 001A 0005 0010 0011 0004 0034 0016 0013 0014 0025 0017 0007 0004 0034 0016 000E 0019 000C 0010 003C 0002 0002 0021 000A 0008 0009
0025 0017 0007 0008 0004 0017 0004 0012 001A 0017 003D 0001 0002 0002 0002 0021 0005 0006 003D 0001 0029 0017 001A 0012 001A 0017 000D 0014 0025 0017 0007 000B
0021 0005 0006 0007 0004 0005 0004 000A 0004 0005 0004 000A 000B 0015 0022 0004 0012 0009 0004 000A 0004 0005 0004 000A 0004 0005 002F 0001 003E 000F 0006 003E
0004 0012 0009 0006 0004 0012 0004 0017 0004 0012 0004 0017 002F 0030 000F 0004 000A 0008 0004 0017 0004 0012 0004 0017 0004 0012 0004 003F 0013 0023 0009 0006
0004 000A 0008 0009 0004 000A 0004 0005 0004 000A 0004 0005 0004 000A 0008 0004 0017 0007 0004 0005 0004 000A 0004 0005 0004 000A 0036 0002 0029 0040 003B 0009
0004 0017 0007 0008 0004 0017 0004 0012 0004 0017 0004 0012 0004 003F 0011 0020 0037 0016 000E 001F 0004 0017 0004 0012 0020 001E 0007 0008 0004 0017 0007 0008
0004 0005 0006 0007 0004 0005 0004 000A 0004 0005 0020 0024 003D 0030 002A 0011 001C 001D 001E 0007 0004 0005 0020 0024 0008 0041 0006 0007 0004 0005 0006 0007
0004 0012 0009 0006 0004 0012 0004 003F 0025 0042 0015 0016 0025 0012 0018 002A 0013 0014 0015 0016 000E 001F 0009 0043 0007 0008 0041 0006 0004 0012 0009 0006
0004 000A 0008 0009 0004 000A 0036 0002 0039 0002 0002 0002 003A 0024 0008 001C 0002 0002 0002 001D 001E 0044 0008 0009 0043 0007 0008 0009 0004 000A 0008 0009
0004 0017 0007 0008 0004 003F 0013 0014 0015 0016 0013 0014 0015 0016 0013 0014 0015 0016 0013 0014 0015 0016 0013 0014 0015 0016 0013 0014 0025 0017 0007 0008
0004 0005 0006 0007 0036 0002 0002 0002 0002 0002 0002 0002 0002 0002 0002 0002 0002 0002 0002 0002 0002 0002 0002 0002 0002 0002 0002 0002 003A 000F 0006 0007
0004 0012 0009 0006 0007 0008 0009 0006 0007 0008 0009 0006 0007 0008 0009 0006 0007 0008 0009 0006 0007 0008 0009 0006 0007 0008 0009 0006 0007 0008 0009 0006
0025 0026 0014 0015 0016 0013 0014 0015 0016 0013 0014 0015 0016 0013 0014 0015 0016 0013 0014 0015 0016 0013 0014 0015 0016 0013 0014 0015 0016 0013 0014 0015
