ATARI GAUNTLET MOTION OBJECT 16X16 TILEMAP
SOURCE: secret-room-01.png
GRID: 32 X 32
TILE_SIZE: 16 X 16
ATLAS_TILES: 736
UNIQUE_PIXEL_TILES: 109
CONNECTED_OBJECT_GROUPS: 19

0000 0000 0000 0000 0000 0022 0000 0000 002A 002B 002C 002D 0000 0000 0000 0031 0000 0000 0000 0000 0000 0000 0000 0000 0000 0000 0000 0000 0000 0000 0000 0000
0000 0034 0000 0000 0000 0042 0000 0000 004A 004B 004C 004D 0000 0000 0000 0051 0000 0000 0000 0000 0000 0000 0000 0000 0000 0000 0000 0000 0000 0000 0000 0000
0000 0000 0000 0000 0000 0062 0000 0000 0000 0000 0000 006D 0000 0000 0000 0071 0000 0000 0000 0000 0000 0000 0000 0000 0000 0000 0000 0000 0000 0000 0000 0000
0000 0000 0000 0080 0081 0082 0083 0084 0000 0000 0000 008D 0000 0000 0000 0091 0092 0093 0000 0000 0000 0000 0000 0000 0000 0000 0000 0000 0000 0000 0000 0000
0000 0000 0000 0000 0000 0000 0000 00A4 0000 0000 0000 00AD 0000 0000 0000 00B1 0000 0000 0000 0000 0000 0000 0000 0000 0000 0000 0000 0000 0000 0000 0000 0000
0000 0000 0000 00C0 00C1 00C2 00C3 0000 0000 0000 0000 00CD 0000 0000 0000 00D1 0000 0000 0000 0000 0000 0000 0000 0000 0000 0000 0000 0000 0000 0000 0000 0000
0000 0000 0000 00E0 00E1 00E2 00E3 0000 0000 0000 0000 00ED 0000 00EF 0000 0000 0000 0000 0000 0000 0000 0000 0000 0000 0000 0000 0000 0000 0000 0000 0000 0000
0000 0000 0000 0000 0000 0000 0000 0000 0000 0000 0000 010D 0000 010F 0000 0000 0000 0000 0000 0000 0000 0000 0000 0000 0000 0000 0000 0000 0000 0000 0000 0000
0000 0000 0000 0125 0000 0127 0000 0129 0000 012B 012C 012D 012E 012F 0130 0000 0000 0000 0000 0000 0000 0000 0000 0000 0000 0000 0000 0000 0000 0000 0000 0000
0000 0000 0000 0145 0000 0147 0148 0149 0000 0000 0000 014D 014E 014F 0150 0000 0000 0000 0000 0000 0000 0000 0000 0000 0000 0000 0000 0000 0000 0000 0000 0000
0000 0000 0000 0165 0166 0167 0168 0169 0000 016B 016C 016D 016E 016F 0170 0000 0000 0000 0000 0000 0000 0000 0000 0000 0000 0000 0000 0000 0000 0000 0000 0000
0000 0000 0000 0185 0186 0187 0000 0189 018A 0000 0000 018D 0000 018F 0000 0000 0000 0000 0000 0000 0000 0000 0000 0000 0000 0000 0000 0000 0000 0000 0000 0000
0000 0000 0000 01A5 01A6 01A7 01A8 01A9 0000 0000 0000 0000 0000 01AF 01B0 0000 0000 0000 0036 0037 0038 0000 0000 0000 0000 0000 0000 0000 0000 0000 0000 0000
0000 0000 0000 01C5 0000 01C7 01C8 01C9 0000 0000 0000 0000 0000 01CF 0000 0000 0000 0000 0056 0057 0058 0000 0000 0000 0000 0000 0000 0000 0000 0000 0000 0000
0000 0000 0000 0000 0000 01E7 01E8 01E9 0000 0000 0000 0000 0000 0000 0000 0000 0000 0075 0000 0000 0000 0000 0000 0000 0000 0000 0000 0000 0000 0000 0000 0000
0000 0000 0000 0000 0000 0207 0208 0209 020A 020B 0000 0000 0039 003A 0000 0000 0000 0095 0096 0000 0000 003D 003E 0000 0000 0240 0241 0242 0000 0000 0000 0000
0000 0000 0000 0000 0000 0000 0000 0229 022A 022B 0000 0000 0059 005A 005B 0000 0000 0000 0000 0000 005C 005D 005E 0000 0000 0260 0261 0262 0000 0000 0000 0000
0000 0000 0000 0000 0000 0000 0000 0000 0000 0000 0000 0000 0000 0000 0000 0000 0000 0000 0000 0000 0000 0000 0000 0000 0000 0000 0000 0000 0000 0000 0000 0000
0000 0000 0000 0000 0000 0000 0000 0000 0000 0000 0000 0000 0000 0000 0000 0000 0000 0000 0000 0243 0244 0245 0000 0000 0000 0000 0000 0000 0000 0000 0000 0000
0000 0000 0000 0000 0000 0000 0000 0000 0000 0000 0000 0000 0000 0000 0000 0000 0000 0000 0000 0263 0264 0265 0000 0000 0000 0000 0000 0000 0000 0000 0000 0000
0000 0000 0000 0000 0000 0000 0000 0000 0000 0000 0000 0000 0000 0000 0000 0000 0000 0000 0000 0000 0000 0000 0000 0000 0000 0000 0000 0247 0248 0000 0000 0000
0000 0000 0000 0000 0000 0000 0000 0000 0000 0000 0000 0000 0000 0000 0000 0000 0000 0000 0000 0000 0000 0000 0000 0000 0000 0000 0266 0267 0000 0000 0000 0000
0000 0000 0000 0000 0000 0000 0000 0000 0000 0000 0000 0000 0000 0000 0000 0000 0000 0000 0000 0000 0000 0000 0000 0000 0000 0000 0286 0287 0288 0000 0000 0000
0000 0000 0000 0000 0000 0000 0000 0000 0000 0000 0000 0000 0000 0000 0000 024B 024C 0000 0000 0000 0000 0000 0000 0000 0000 0000 0000 0000 0000 0000 0000 0000
0000 0000 0000 0000 0000 0000 0000 0000 0000 0000 0000 0000 0000 0269 026A 026B 026C 026D 0000 0000 0000 0000 0000 0000 0000 0000 0000 0000 0000 0000 0000 0000
0000 024E 024F 0250 0000 0000 0251 0252 0000 0000 0000 0000 0000 0289 028A 028B 0000 0000 0000 0000 0000 0000 0000 0000 0000 0000 0000 0000 0000 0000 0000 0000
0000 026E 026F 0270 0000 0000 0271 0272 0273 0000 0000 0000 0000 0000 0000 0000 0000 0000 0000 0254 0255 0000 0000 0000 0000 0000 0000 0000 0000 0000 0000 0000
0000 0000 0000 0000 0000 0000 0000 0000 0000 0000 0000 0000 0000 0000 0000 0000 0000 0000 0000 0274 0275 0276 0000 0000 0000 0000 0000 0000 0000 0000 0000 0000
0000 0000 0000 0000 0000 0000 0000 0000 0000 0000 0000 0000 0000 0000 0000 0000 0000 0000 0000 0000 0000 0000 0000 0000 0000 0000 0000 0000 0000 0000 0000 0000
0257 0258 0259 025A 0000 0000 0000 0000 0000 0000 0000 0000 0000 0000 0000 0000 025B 025C 025D 0000 0000 0000 0000 0000 0000 02A0 02A1 02A2 0000 0000 02A3 02A4
0277 0278 0279 027A 0000 0000 0000 0000 0000 0000 02A5 0000 0000 0000 0000 0000 027B 027C 027D 0000 0000 0000 0000 0000 0000 02C0 02C1 02C2 0000 0000 02C3 02C4
0000 0000 0000 0000 0000 0000 0000 0000 0000 0000 0000 0000 0000 0000 0000 0000 0000 0000 0000 0000 0000 0000 0000 0000 0000 0000 0000 0000 0000 0000 0000 0000
