ATARI GAUNTLET MOTION OBJECT 16X16 TILEMAP
SOURCE: secret-room-02.png
GRID: 32 X 32
TILE_SIZE: 16 X 16
ATLAS_TILES: 768
UNIQUE_PIXEL_TILES: 93
CONNECTED_OBJECT_GROUPS: 15

0020 0000 0000 0000 0000 0000 0000 0000 0000 0000 0000 0000 0000 0000 0000 0000 0000 0021 0022 0023 0024 0025 0000 0000 0028 0029 002A 002B 002C 002D 002E 002F
0040 0000 0000 0000 0000 0000 0000 0000 0000 0000 0000 0000 0000 0000 0000 0000 0000 0041 0042 0043 0044 0045 0046 0047 0048 0049 004A 004B 004C 004D 004E 004F
0060 0000 0000 0000 0000 0000 0000 0000 0000 0000 0000 0000 0000 0000 0000 0000 0000 0000 0000 0000 0000 0000 0066 0067 0068 0069 006A 0000 0000 0000 006E 006F
0080 0000 0000 0000 0000 0000 0000 0000 0000 0000 0000 0000 0000 0000 0000 0000 0000 0000 0000 0000 0000 0085 0086 0087 0088 0089 008A 0000 0000 0000 008E 008F
00A0 0000 0000 0000 0000 0000 0000 0000 0000 0000 0000 0000 0000 0000 0000 0000 0000 0000 0000 0000 0000 00A5 00A6 00A7 00A8 00A9 0000 00AB 00AC 00AD 00AE 00AF
00C0 0000 0000 0000 0000 0000 0000 0000 0000 0000 0000 0000 0000 0000 0000 0000 0000 0000 0000 0000 0000 00C5 00C6 00C7 00C8 00C9 0000 00CB 00CC 00CD 00CE 00CF
0000 0000 0000 0000 0000 0000 0000 0000 0000 0000 0000 0000 0000 0000 0000 0000 0000 0000 0000 0000 0000 00E5 00E6 00E7 0000 0000 00EA 00EB 00EC 0000 0000 0000
0000 0000 0000 0000 0000 0000 0000 0000 0000 0000 0000 0000 0000 0000 0000 0000 0000 0000 0000 0000 0000 0000 0000 0000 0000 0000 010A 010B 010C 0000 0000 0000
0000 0000 0000 0000 0000 0000 0000 0000 0000 0000 0000 0000 0000 0000 0000 0000 0000 0000 0000 0000 0000 0000 0030 0031 0032 0000 0000 0000 0000 0000 0000 0000
0000 0000 0000 0000 0000 0000 0000 0000 0000 0000 0000 0000 0000 0000 0000 0000 0000 0000 0000 0000 0000 0000 0050 0051 0052 0000 0000 0000 0000 0000 0000 0000
0000 0000 0000 0000 0000 0000 0000 0000 0000 0000 0000 0000 0000 0000 0000 0000 0033 0034 0000 0000 0000 0000 0000 0000 0000 0000 0000 0000 0000 0000 0000 0000
0000 0000 0000 0000 0000 0000 0000 0000 0000 0000 0000 0000 0000 0000 0000 0000 0053 0054 0055 0000 0000 0000 0000 0000 0000 0000 0000 0000 0000 0000 0000 0000
0036 0037 0038 0000 0000 0000 0000 0000 0000 0000 0000 0000 0000 0000 0000 0000 0000 0000 0000 0000 0000 0000 0000 0000 0000 0000 0000 0000 0000 0000 003A 003B
0056 0057 0058 0059 0000 0000 0000 0000 0000 0000 0000 0000 0000 0000 0000 0000 0000 0000 0000 0000 0000 0000 0000 0000 0000 0000 0000 0000 0000 0000 005A 005B
0000 0000 0000 0000 0000 0000 0000 0000 003C 003D 003E 0000 0000 0000 0000 0000 0000 0000 0000 0000 0000 0000 0000 0000 0000 0000 0000 0000 0000 0000 0000 0000
003F 0000 0000 0000 0000 0000 0000 0000 005C 005D 005E 0000 0000 0000 0000 0000 0000 0120 0000 0000 0000 0000 0000 0000 0000 0000 0000 0000 0000 0000 0122 0123
005F 0000 0000 0000 0000 0000 0000 0000 0000 0000 0000 0000 0000 0000 0000 0000 0000 0140 0141 0000 0000 0000 0000 0000 0000 0000 0000 0000 0000 0000 0142 0143
0000 0000 0000 0000 0000 0000 0000 0000 0000 0000 0000 0000 0000 0000 0000 0000 0000 0000 0000 0000 0000 0000 0129 0000 012B 0000 012D 0000 0000 0000 0000 0000
0000 0000 0000 0000 0000 0000 0000 0000 0000 0000 0000 0000 0000 0000 0000 0000 0000 0000 0000 0000 0000 0148 0149 0000 014B 0000 014D 0000 0000 0000 0000 0134
0000 0000 0000 0000 0000 0000 0000 0000 0000 0000 0000 0000 0000 0000 0000 0000 0000 0000 0165 0166 0167 0000 0169 0000 016B 0000 016D 0000 0000 0000 0153 0000
0135 0000 0000 0000 0000 0000 0000 0000 0000 0000 0000 0000 0136 0137 0000 0000 0000 0184 0185 0186 0187 0188 0189 018A 018B 018C 0000 018E 0000 0000 0173 0174
0155 0000 0000 0000 0000 0000 0000 0000 0000 0000 0000 0000 0156 0157 0158 0000 0000 0000 0000 0000 0000 0000 01A9 0000 0000 0000 01AD 01AE 0000 0000 0193 0194
0175 0000 0000 0000 0000 0000 0000 0000 0000 0000 0000 0000 0000 0000 0000 0000 0000 0000 0000 01C6 01C7 01C8 01C9 01CA 01CB 01CC 01CD 0000 0000 0000 01B3 01B4
0000 0000 0000 0000 0000 0000 0000 0000 0000 0000 0000 0000 0000 0000 0000 0000 0000 0000 0000 0000 0000 0000 01E9 0000 01EB 0000 01ED 0000 0000 0000 0000 0000
0000 0000 0000 0000 0000 0000 0000 0000 0000 0000 0000 0000 0000 0000 0000 0000 0000 0000 0000 0206 0207 0208 0209 020A 020B 020C 0000 0000 0000 0000 0000 0000
0000 0000 0000 0000 0000 0000 0000 0000 0000 0000 0000 0000 0000 0000 0000 0000 0000 0000 0000 0000 0227 0000 0000 0000 0000 0000 0000 0000 0000 0000 0000 0000
0000 0000 0000 0000 0000 0000 0000 0000 0000 0000 0000 0000 0000 0000 0000 0000 0000 0000 0000 0246 0247 0248 0249 024A 024B 024C 024D 024E 024F 0250 0000 0000
0000 0000 0000 0000 0000 0000 0000 0000 0000 0000 0000 0000 0000 0000 0000 0000 0000 0000 0000 0000 0000 0268 0269 026A 0000 026C 026D 026E 0000 0000 0000 0000
0000 0000 0000 0000 0000 0000 0000 0000 0000 0000 0000 0000 0000 0000 0000 0000 0000 0000 0000 0286 0287 0288 0289 028A 028B 028C 028D 028E 028F 0290 0000 0000
0000 0000 0000 0000 0000 0000 0000 0000 0000 0000 0000 0000 0000 0000 0000 0000 0000 0000 0000 0000 0000 02A8 0000 02AA 0000 02AC 0000 02AE 0000 0000 0000 0000
0139 0000 0000 0000 0000 0000 0000 0000 0000 0000 0000 0000 0000 0000 0000 0000 0000 0000 0000 02C6 02C7 02C8 02C9 02CA 02CB 02CC 02CD 02CE 02CF 02D0 02D1 02D2
0000 0000 0000 0000 0000 0000 0000 0000 0000 0000 0000 0000 0000 0000 0000 0000 0000 0000 0000 02E6 02E7 02E8 0000 0000 0000 0000 0000 0000 0000 02F0 0000 0000
