ATARI GAUNTLET MOTION OBJECT 16X16 TILEMAP
SOURCE: treasure-room-05.png
GRID: 32 X 32
TILE_SIZE: 16 X 16
ATLAS_TILES: 1568
UNIQUE_PIXEL_TILES: 65
CONNECTED_OBJECT_GROUPS: 13

0000 0021 0022 0000 0024 0025 0026 0000 0000 0000 0000 002B 002C 0000 0000 0000 0000 0000 0000 0000 0000 0035 0036 0000 0000 0000 003A 003B 003C 0000 0000 0000
0040 0041 0042 0000 0044 0045 0046 0000 0000 0049 004A 004B 004C 0000 0000 004F 0050 0051 0000 0000 0054 0055 0056 0057 0000 0000 005A 005B 005C 0000 0000 0000
0000 0061 0062 0000 0000 0000 0066 0067 0068 0069 006A 006B 006C 006D 006E 006F 0070 0071 0000 0000 0000 0075 0076 0077 0078 0079 007A 0000 0000 0000 0000 0000
0080 0081 0082 0000 0000 0000 0086 0087 0088 0000 0000 0000 008C 008D 008E 0000 0000 0000 0000 0000 0000 0000 0000 0000 0098 0099 009A 0000 0000 0000 0000 003E
00A0 00A1 0000 0000 0000 0000 00A6 00A7 00A8 0000 0000 0000 00AC 00AD 00AE 0000 0000 0000 00B2 00B3 00B4 0000 0000 0000 00B8 00B9 00BA 0000 0000 0000 0000 005E
0000 0000 0000 00C3 00C4 00C5 00C6 00C7 00C8 00C9 00CA 00CB 00CC 00CD 00CE 0000 0000 0000 00D2 00D3 00D4 00D5 00D6 00D7 00D8 00D9 00DA 00DB 00DC 00DD 0000 0000
0000 0000 0000 00E3 00E4 00E5 0000 0000 0000 00E9 00EA 00EB 0000 0000 0000 0000 00F0 0000 0000 0000 0000 00F5 00F6 00F7 0000 0000 0000 00FB 00FC 00FD 0000 0000
0000 0000 0000 0103 0104 0105 0000 0000 0000 0109 010A 010B 0000 0000 0000 010F 0110 0111 0000 0000 0000 0115 0116 0117 0000 0000 0000 011B 011C 011D 0000 0000
0000 0000 0000 0123 0124 0125 0126 0127 0128 0129 012A 012B 012C 012D 012E 012F 0130 0131 0132 0133 0134 0135 0136 0137 0138 0139 013A 013B 013C 013D 0000 0000
02C0 02C1 0000 0000 0000 0000 0146 0147 0148 0000 0000 0000 014C 014D 014E 0000 0000 0000 0152 0153 0154 0000 0000 0000 0158 0159 015A 0000 0000 0000 0000 02DA
02E0 02E1 0000 0000 0000 0000 0166 0167 0168 0000 0000 0000 0000 0000 0000 0000 0000 0000 0172 0173 0174 0000 0000 0000 0178 0179 017A 0000 0000 0000 0000 02FA
0300 0301 0000 0000 0000 0000 0186 0187 0188 0189 018A 018B 0000 0000 0000 018F 0190 0191 0192 0193 0194 0195 0196 0197 0198 0199 019A 0000 0000 0000 0000 031A
0320 0321 0322 0323 0324 0000 0000 0000 0000 01A9 01AA 01AB 0000 0000 0000 01AF 01B0 01B1 0000 0000 0000 01B5 01B6 01B7 0000 0000 0000 0000 0337 0338 0339 033A
0000 0000 0342 0343 0344 0000 0000 0000 0000 01C9 01CA 01CB 0000 0000 0000 01CF 01D0 01D1 0000 0000 0000 01D5 01D6 01D7 0000 0000 0000 0000 0357 0358 0359 0000
0000 0000 0362 0363 0364 0000 0000 0000 0000 01E9 01EA 01EB 0000 0000 0000 01EF 01F0 01F1 01F2 01F3 01F4 01F5 01F6 01F7 0000 0000 0000 0000 0377 0378 0379 0000
0380 0381 0382 0383 0384 0385 0386 0387 0000 0000 0000 0000 0000 0000 0000 0000 0210 0000 0212 0213 0214 0000 0000 0000 0000 0394 0395 0396 0397 0398 0399 039A
03A0 03A1 0000 03A3 0000 03A5 03A6 03A7 0000 0000 0000 0000 022C 022D 022E 0000 0230 0231 0232 0233 0234 0000 0000 0000 0000 03B4 03B5 03B6 0000 03B8 0000 03BA
03C0 03C1 0000 03C3 03C4 03C5 03C6 03C7 0000 0000 0000 0000 024C 024D 024E 024F 0250 0251 0252 0253 0254 0000 0000 0000 0000 03D4 03D5 03D6 0000 03D8 03D9 03DA
03E0 03E1 03E2 03E3 03E4 03E5 03E6 03E7 03E8 03E9 03EA 0000 0000 0000 0000 026F 0270 0271 0000 0000 0000 0000 03F1 03F2 03F3 03F4 03F5 03F6 03F7 03F8 03F9 03FA
0000 0000 0402 0403 0404 0000 0000 0000 0408 0409 040A 0000 0000 0000 0000 028F 0290 0291 0000 0000 0000 0000 0411 0412 0413 0000 0000 0000 0417 0418 0419 0000
0000 0000 0422 0423 0424 0000 0000 0000 0428 0429 042A 0000 0000 0000 0000 02AF 02B0 02B1 0000 0000 0000 0000 0431 0432 0433 0000 0000 0000 0437 0438 0439 0000
0440 0441 0442 0443 0444 0445 0446 0447 0448 0449 044A 044B 044C 044D 0000 0000 0000 0000 0000 044E 044F 0450 0451 0452 0453 0454 0455 0456 0457 0458 0459 045A
0460 0461 0000 0000 0000 0465 0466 0467 0000 0000 0000 046B 046C 046D 0000 0000 0000 0000 0000 046E 046F 0470 0000 0000 0000 0474 0475 0476 0000 0000 0000 047A
0480 0481 0000 0000 0000 0485 0486 0487 0000 0000 0000 048B 048C 048D 0000 0000 0000 0000 0000 048E 048F 0490 0000 0000 0000 0494 0495 0496 0000 0000 0000 049A
04A0 04A1 04A2 04A3 04A4 04A5 04A6 04A7 04A8 04A9 04AA 04AB 04AC 04AD 0000 0000 0000 0000 0000 04AE 04AF 04B0 04B1 04B2 04B3 04B4 04B5 04B6 04B7 04B8 04B9 04BA
0000 0000 04C2 04C3 04C4 0000 0000 0000 04C8 04C9 04CA 0000 0000 0000 0000 0547 0548 0549 0000 0000 0000 0000 04D1 04D2 04D3 0000 0000 0000 04D7 04D8 04D9 0000
0000 0000 04E2 04E3 04E4 0000 0000 0000 04E8 04E9 04EA 0000 0000 0000 0000 0567 0568 0569 0000 0000 0000 0000 04F1 04F2 04F3 0000 0000 0000 0000 0000 0000 0000
0500 0501 0502 0503 0504 0505 0506 0507 0508 0509 050A 0000 0000 0000 0000 0000 0588 0589 0000 0000 0000 0000 0511 0512 0513 0514 0515 0516 0000 054D 0000 054E
0520 0521 0000 0000 0000 0525 0526 0527 0000 0000 0000 0000 05A4 05A5 05A6 05A7 05A8 05A9 05AA 05AB 05AC 0000 0000 0000 0000 0534 0535 0536 0000 0000 0000 056E
0000 0000 0000 0000 0000 0000 0000 0000 0000 0000 0000 0000 05C4 05C5 05C6 0000 0000 0000 05CA 05CB 05CC 0000 0000 0000 0000 0000 0000 0000 0000 0000 0000 0000
054F 0000 0000 0000 0000 0551 0000 0000 05E0 05E1 05E2 05E3 05E4 0000 0000 0000 0000 0000 0000 0000 0000 0000 0000 0554 0555 0556 0557 0000 0000 0000 0558 0559
056F 0000 0000 0000 0570 0571 0572 0000 0600 0601 0602 0603 0604 0000 0000 055A 0000 0000 0000 0000 0000 0000 0573 0574 0575 0576 0577 0000 0000 0000 0578 0579
