ATARI GAUNTLET MOTION OBJECT 16X16 TILEMAP
SOURCE: treasure-room-02.png
GRID: 32 X 32
TILE_SIZE: 16 X 16
ATLAS_TILES: 1152
UNIQUE_PIXEL_TILES: 63
CONNECTED_OBJECT_GROUPS: 10

0000 0000 0000 0000 0020 0021 0022 0000 0000 0000 0024 0025 0000 0026 0027 0028 0000 0029 002A 002B 0000 002C 002D 002E 0000 002F 0030 0031 0000 0000 0000 0000
0000 0000 0000 0000 0040 0041 0042 0000 0000 0043 0044 0045 0000 0046 0047 0048 0000 0049 004A 004B 0000 004C 004D 004E 0000 004F 0050 0051 0000 0000 0000 0000
0000 0000 0000 0000 0000 0000 0000 0000 0000 0000 0000 0000 0000 0000 0000 0000 0000 0000 0000 0000 0000 0000 0000 0000 0000 0000 0000 0000 0000 0000 0000 0000
0000 0000 0000 0000 0000 0000 0066 0067 0068 0000 0000 006B 006C 006D 0000 0000 0000 0000 0000 0073 0074 0075 0000 0077 0078 0079 0000 0000 0000 0000 0000 0000
0000 0000 0000 0000 0000 0000 0086 0087 0088 0000 0000 008B 008C 008D 0000 0000 0000 0000 0000 0093 0094 0095 0000 0097 0098 0099 0000 0000 0000 0000 0000 0000
00A0 00A1 00A2 0000 00A4 00A5 00A6 0000 00A8 00A9 00AA 0000 0000 00AD 00AE 00AF 0000 00B1 00B2 00B3 0000 00B5 00B6 00B7 0000 00B9 00BA 00BB 0000 0000 00BE 00BF
00C0 00C1 00C2 0000 00C4 00C5 00C6 0000 00C8 00C9 00CA 0000 0000 00CD 00CE 00CF 0000 00D1 00D2 00D3 0000 00D5 00D6 00D7 0000 00D9 00DA 00DB 0000 0000 00DE 00DF
0000 0000 00E2 00E3 00E4 0000 00E6 00E7 00E8 0000 0000 00EB 00EC 00ED 0000 00EF 00F0 00F1 0000 00F3 00F4 00F5 0000 00F7 00F8 00F9 0000 00FB 00FC 00FD 0000 0000
0000 0000 0102 0103 0104 0000 0106 0107 0108 0000 0000 010B 010C 010D 0000 010F 0110 0111 0000 0113 0114 0115 0000 0117 0118 0119 0000 011B 011C 011D 0000 0000
0120 0121 0122 0000 0124 0125 0126 0000 0000 0000 0000 0000 0000 012D 012E 012F 0000 0131 0132 0133 0000 0000 0000 0000 0000 0139 013A 013B 0000 0000 013E 013F
0140 0141 0142 0000 0144 0145 0146 0000 0000 0000 0000 0000 0000 014D 014E 014F 0000 0151 0152 0153 0000 0000 0000 0000 0000 0159 015A 015B 0000 0000 015E 015F
0000 0000 0162 0163 0164 0000 0166 0167 0168 0000 0000 016B 016C 016D 0000 016F 0170 0171 0000 0173 0174 0175 0000 0177 0178 0179 0000 0000 0000 017D 017E 0000
0000 0000 0182 0183 0184 0000 0186 0187 0188 0000 0000 018B 018C 018D 0000 018F 0190 0191 0000 0193 0194 0195 0000 0197 0198 0199 0000 0000 019C 019D 019E 0000
01A0 01A1 01A2 0000 01A4 01A5 01A6 0000 01A8 01A9 01AA 0000 0000 0000 0000 0000 0000 0000 0000 0000 0000 01B5 01B6 01B7 0000 01B9 01BA 01BB 0000 0000 0000 0000
01C0 01C1 01C2 0000 01C4 01C5 01C6 0000 01C8 01C9 01CA 0000 0000 0000 0000 0000 0000 0000 0000 0000 0000 01D5 01D6 01D7 0000 01D9 01DA 01DB 0000 0000 0000 0000
0000 0000 0000 0000 0000 0000 01E6 01E7 01E8 0000 0000 01EB 01EC 01ED 0000 0000 0300 0000 0000 01F3 01F4 01F5 0000 01F7 01F8 01F9 0000 0000 0000 0000 0000 0000
0000 0000 0000 0000 0000 0000 0206 0207 0208 0000 0000 020B 020C 020D 0000 0000 0320 0321 0000 0213 0214 0215 0000 0217 0218 0219 0000 0000 0000 0000 0000 0000
0220 0221 0222 0000 0224 0225 0226 0000 0000 0229 022A 022B 0000 0000 0000 0000 0000 0000 0000 0000 0000 0235 0236 0237 0000 0239 023A 023B 0000 0000 023E 023F
0240 0241 0242 0000 0244 0245 0246 0000 0000 0249 024A 024B 0000 0000 0000 0000 0000 0000 0000 0000 0000 0255 0256 0257 0000 0259 025A 025B 0000 0000 025E 025F
0000 0000 0262 0263 0264 0000 0266 0267 0268 0000 0000 026B 026C 026D 0000 0302 0303 0304 0000 0273 0274 0275 0000 0277 0278 0279 0000 0000 027C 027D 027E 0000
0000 0000 0282 0283 0284 0000 0286 0287 0288 0000 0000 028B 028C 028D 0000 0322 0323 0324 0000 0293 0294 0295 0000 0297 0298 0299 0000 0000 029C 029D 029E 0000
02A0 02A1 02A2 0000 0000 0000 0000 0000 0000 0000 0000 0000 0000 0000 0000 0000 0000 0000 0000 0000 0000 0000 0000 0000 0000 0000 0000 0000 0000 0000 0000 0000
02C0 02C1 02C2 0000 0344 0345 0346 0000 0000 0000 0000 0000 0000 034D 034E 034F 0000 0351 0352 0353 0000 0000 0000 0000 0000 0359 035A 035B 0000 0000 035E 035F
02E0 0000 0000 0000 0364 0365 0366 0000 0000 0000 0000 0000 0000 036D 036E 036F 0000 0371 0372 0373 0000 0000 0000 0000 0000 0379 037A 037B 0000 0000 037E 037F
0000 0000 0382 0383 0384 0000 0386 0387 0388 0000 0000 038B 038C 038D 0000 038F 0390 0391 0000 0393 0394 0395 0000 0397 0398 0399 0000 039B 039C 039D 0000 0000
0000 0000 03A2 03A3 03A4 0000 03A6 03A7 03A8 0000 0000 03AB 03AC 03AD 0000 03AF 03B0 03B1 0000 03B3 03B4 03B5 0000 03B7 03B8 03B9 0000 03BB 03BC 03BD 0000 0000
03C0 03C1 03C2 0000 03C4 03C5 03C6 0000 03C8 03C9 03CA 0000 0000 03CD 03CE 03CF 0000 03D1 03D2 03D3 0000 03D5 03D6 03D7 0000 03D9 03DA 03DB 0000 0000 03DE 03DF
03E0 03E1 03E2 0000 03E4 03E5 03E6 0000 03E8 03E9 03EA 0000 0000 03ED 03EE 03EF 0000 03F1 03F2 03F3 0000 03F5 03F6 03F7 0000 03F9 03FA 03FB 0000 0000 03FE 03FF
0000 0000 0000 0000 0000 0000 0406 0407 0408 0000 0000 040B 040C 040D 0000 0000 0000 0000 0000 0413 0414 0415 0000 0417 0418 0419 0000 0000 0000 0000 0000 0000
0000 0000 0000 0000 0000 0000 0426 0427 0428 0000 0000 042B 042C 042D 0000 0000 0000 0000 0000 0433 0434 0435 0000 0437 0438 0439 0000 0000 0000 0000 0000 0000
0000 0000 0000 0000 0444 0445 0446 0000 0000 0449 044A 044B 0000 044D 044E 044F 0000 0000 0452 0453 0000 0455 0456 0457 0000 0459 045A 045B 0000 0000 0000 0000
0000 0000 0000 0000 0464 0465 0466 0000 0000 0469 046A 046B 0000 046D 046E 046F 0000 0471 0472 0473 0000 0475 0476 0477 0000 0479 047A 047B 0000 0000 0000 0000
