ATARI GAUNTLET PLAYFIELD 16X16 TILEMAP
SOURCE: treasure-room-02-playfield.png
GRID: 32 X 32
TILE_SIZE: 16 X 16
UNIQUE_TILES: 22

0000 0001 0002 0002 0002 0002 0000 0001 0002 0002 0002 0002 0002 0000 0001 0002 0002 0002 0002 0000 0001 0002 0002 0002 0002 0000 0001 0002 0002 0002 0002 0002
0003 0004 0005 0006 0007 0008 0003 0009 0007 0008 0005 0006 0007 0003 000A 0006 0007 0008 0005 0003 0004 0008 0005 0006 0007 0003 000A 0006 0007 0008 0005 0004
0003 000B 0008 0005 0006 0007 0003 000A 0006 0007 0008 0005 0006 0003 000C 0005 0006 0007 0008 0003 0009 0007 0008 0005 0006 0003 000C 0005 0006 0007 0008 0005
0003 0009 0007 0008 0005 0006 0003 000C 0005 0006 0007 0008 0005 0003 000B 0008 0005 0006 0007 0003 000A 0006 0007 0008 0005 0003 000B 0008 0005 0006 0007 0008
0003 000A 0006 0007 0008 0005 0003 000B 0008 0005 0006 0007 0008 0003 0009 0007 0008 0005 0006 0003 000C 0005 0006 0007 0008 0003 0009 0007 0008 0005 0006 0007
0003 000C 0005 0006 0007 0008 0003 0009 0007 0008 0005 0006 0007 0003 000A 0006 0007 0008 0005 0003 000B 0008 0005 0006 0007 0003 000A 0006 0007 0008 0005 0006
000D 000E 000F 0010 0011 0012 000D 0013 0011 0012 000F 0010 0011 000D 0014 0010 0011 0012 000F 000D 0015 0012 000F 0010 0011 000D 0014 0010 0011 0012 000F 0010
0000 0001 0002 0002 0002 0002 0000 0001 0002 0002 0002 0002 0002 0000 0001 0002 0002 0002 0002 0000 0001 0002 0002 0002 0002 0000 0001 0002 0002 0002 0002 0002
0003 000A 0006 0007 0008 0005 0003 000B 0008 0005 0006 0007 0008 0003 0009 0007 0008 0005 0006 0003 000C 0005 0006 0007 0008 0003 0009 0007 0008 0005 0006 0007
0003 000C 0005 0006 0007 0008 0003 0009 0007 0008 0005 0006 0007 0003 000A 0006 0007 0008 0005 0003 000B 0008 0005 0006 0007 0003 000A 0006 0007 0008 0005 0006
0003 000B 0008 0005 0006 0007 0003 000A 0006 0007 0008 0005 0006 0003 000C 0005 0006 0007 0008 0003 0009 0007 0008 0005 0006 0003 000C 0005 0006 0007 0008 0005
0003 0009 0007 0008 0005 0006 0003 000C 0005 0006 0007 0008 0005 0003 000B 0008 0005 0006 0007 0003 000A 0006 0007 0008 0005 0003 000B 0008 0005 0006 0007 0008
000D 0004 0011 0012 000F 0010 000D 000E 000F 0010 0011 0012 000F 000D 0015 0012 000F 0010 0011 000D 0014 0010 0011 0012 000F 000D 0015 0012 000F 0010 0011 0012
0000 0001 0002 0002 0002 0002 0000 0001 0002 0002 0002 0002 0002 0000 0001 0002 0002 0002 0002 0000 0001 0002 0002 0002 0002 0000 0001 0002 0002 0002 0002 0002
0003 000B 0008 0005 0006 0007 0003 000A 0006 0007 0008 0005 0006 0003 000C 0005 0006 0007 0008 0003 0009 0007 0008 0005 0006 0003 000C 0005 0006 0007 0008 0004
0003 0009 0007 0008 0005 0006 0003 000C 0005 0006 0007 0008 0005 0003 000B 0008 0005 0006 0007 0003 000A 0006 0007 0008 0005 0003 000B 0008 0005 0006 0007 0008
0003 000A 0006 0007 0008 0005 0003 000B 0008 0005 0006 0007 0008 0003 0009 0007 0008 0005 0006 0003 000C 0005 0006 0007 0008 0003 0009 0007 0008 0005 0006 0007
0003 000C 0005 0006 0007 0008 0003 0009 0007 0008 0005 0006 0007 0003 000A 0006 0007 0008 0005 0003 000B 0008 0005 0006 0007 0003 000A 0006 0007 0008 0005 0006
000D 000E 000F 0010 0011 0012 000D 0013 0011 0012 000F 0010 0011 000D 0014 0010 0011 0012 000F 000D 0015 0012 000F 0010 0011 000D 0014 0010 0011 0012 000F 0010
0000 0001 0002 0002 0002 0002 0000 0001 0002 0002 0002 0002 0002 0000 0001 0002 0002 0002 0002 0000 0001 0002 0002 0002 0002 0000 0001 0002 0002 0002 0002 0002
0003 000A 0006 0007 0008 0005 0003 000B 0008 0005 0006 0007 0008 0003 0009 0007 0008 0005 0006 0003 000C 0005 0006 0007 0008 0003 0009 0007 0008 0005 0006 0007
0003 000C 0005 0006 0007 0008 0003 0009 0007 0008 0005 0006 0007 0003 000A 0006 0007 0008 0005 0003 000B 0008 0005 0006 0007 0003 000A 0006 0007 0008 0005 0006
0003 000B 0008 0005 0006 0007 0003 000A 0006 0007 0008 0005 0006 0003 000C 0005 0006 0007 0008 0003 0009 0007 0008 0005 0006 0003 000C 0005 0006 0007 0008 0005
0003 0009 0007 0008 0005 0006 0003 000C 0005 0006 0007 0008 0005 0003 000B 0008 0005 0006 0007 0003 000A 0006 0007 0008 0005 0003 000B 0008 0005 0006 0007 0008
0003 000A 0006 0007 0008 0005 0003 000B 0008 0005 0006 0007 0008 0003 0009 0007 0008 0005 0006 0003 000C 0005 0006 0007 0008 0003 0009 0007 0008 0005 0006 0007
000D 0014 0010 0011 0012 000F 000D 0015 0012 000F 0010 0011 0012 000D 0013 0011 0012 000F 0010 000D 000E 000F 0010 0011 0012 000D 0013 0011 0012 000F 0010 0011
0000 0001 0002 0002 0002 0002 0000 0001 0002 0002 0002 0002 0002 0000 0001 0002 0002 0002 0002 0000 0001 0002 0002 0002 0002 0000 0001 0002 0002 0002 0002 0002
0003 0009 0007 0008 0005 0006 0003 000C 0005 0006 0007 0008 0005 0003 000B 0008 0005 0006 0007 0003 000A 0006 0007 0008 0005 0003 000B 0008 0005 0006 0007 0008
0003 000A 0006 0007 0008 0005 0003 000B 0008 0005 0006 0007 0008 0003 0009 0007 0008 0005 0006 0003 000C 0005 0006 0007 0008 0003 0009 0007 0008 0005 0006 0007
0003 000C 0005 0006 0007 0008 0003 0009 0007 0008 0005 0006 0007 0003 000A 0006 0007 0008 0005 0003 000B 0008 0005 0006 0007 0003 000A 0006 0007 0008 0005 0006
0003 000B 0008 0005 0006 0007 0003 000A 0006 0007 0008 0005 0006 0003 000C 0005 0006 0007 0008 0003 0009 0007 0008 0005 0006 0003 000C 0005 0006 0007 0008 0005
000D 0004 0012 000F 0010 0011 000D 0004 0010 0011 0012 000F 0010 000D 000E 000F 0010 0011 0012 000D 0013 0011 0012 000F 0010 000D 000E 000F 0010 0011 0012 0004
