ATARI GAUNTLET PLAYFIELD 16X16 TILEMAP
SOURCE: treasure-room-10-playfield.png
GRID: 32 X 32
TILE_SIZE: 16 X 16
UNIQUE_TILES: 57

0000 0001 0002 0003 0002 0002 0003 0002 0004 0001 0004 0001 0002 0002 0003 0002 0000 0001 0002 0002 0002 0002 0002 0000 0001 0002 0002 0002 0002 0003 0002 0002
0005 0006 0007 0008 0009 000A 000B 000C 0005 000C 000D 000E 000F 000A 000B 000C 0005 0010 000B 0008 0009 000A 000C 0005 0011 0012 0007 0008 0009 000A 000B 000C
0013 0011 0014 0001 0002 0002 0002 0002 0013 0011 000D 0015 0014 0001 0002 0002 0003 0002 0002 0004 0001 0002 0002 0013 000E 0016 0014 0001 0002 0002 0002 0002
0005 000E 000D 0006 0007 0017 0016 0012 000D 000E 000D 0006 000D 000C 0009 000A 000B 0017 0016 000D 000C 0017 0016 000D 0015 0018 000D 0006 0007 0008 0009 000C
0013 0015 000D 0011 0019 001A 0008 0009 0005 0015 000D 0011 001B 0001 0002 0002 001C 0015 0018 001D 001C 001A 0008 0005 0010 000B 0005 0011 001E 0002 0004 0001
000D 0010 0005 000C 001F 0001 0002 0002 0013 0006 000D 000E 000D 0006 0020 0018 000D 0006 0020 0018 001B 0001 0002 0003 0004 0001 0013 000E 0016 0012 000D 000C
001B 0001 0003 0002 0021 0022 0012 0020 0023 0024 0025 0026 0025 0024 0027 0007 0025 0024 0027 0007 0025 0024 0027 0007 0025 0024 0025 0026 0008 0009 0005 0015
000D 000C 0016 0012 0020 0018 000F 0027 0007 0028 0024 0028 0026 0028 0024 0028 0026 0028 0024 0028 0026 0028 0024 0028 0026 0028 0024 0029 0002 0002 0021 002A
0005 001A 0008 0009 000A 000B 0028 0024 0028 0026 0028 0024 0028 0026 0028 0024 0028 0026 0028 0024 0028 0026 0028 0024 0028 0026 0028 0024 000A 000B 0008 0009
0000 0001 0002 0002 0002 002B 0026 0028 0024 0028 002C 002D 0022 002D 002C 002D 0022 002D 002C 002D 0022 002D 002C 002D 0024 0028 0026 0029 0002 0002 0002 0002
000D 0011 002E 000B 0008 0009 0028 0026 0028 0024 0027 0020 0018 0016 0012 0020 0018 0016 0012 0020 0018 0016 0012 0007 0028 0024 0028 0026 0008 0009 000A 002F
000D 000C 0030 0001 0002 002B 0024 0028 0026 0028 0022 0012 0020 0018 0016 0012 0020 0018 0016 0012 0020 0018 0016 002D 0026 0028 0024 0029 0002 0002 001C 0006
001B 0001 0021 0022 0012 0007 0028 0024 0028 0026 0017 0016 0012 0007 0008 0009 000A 000B 0008 0009 0027 0020 0018 000F 0028 0026 0028 0024 0027 0020 000D 0011
000D 0010 000B 0017 0016 002D 0026 0028 0024 0028 002C 0018 0016 0014 0001 0002 0002 0002 0002 001C 0011 0012 0020 002D 0024 0028 002C 002D 0022 0012 000D 000E
001F 0001 001C 001A 0008 0009 0028 0026 0028 0024 0027 0020 0018 000D 0006 0020 0018 0016 0012 000D 000E 0016 0012 0007 0028 0024 0027 0007 0017 0016 000D 000C
0013 000C 001B 0001 0002 002B 0024 0028 0026 0028 0022 0012 0020 000D 0011 0012 0020 0018 0016 000D 0015 0018 0016 002D 0026 0028 0024 0028 002C 0018 001D 0002
000D 0015 0023 0022 0012 0007 0028 0024 0028 0026 0017 0016 0012 000D 000E 0016 0012 0020 0018 000D 0006 0020 0018 000F 0028 0026 0028 0024 000A 000B 0008 0031
000D 0010 000B 0008 0009 0032 001A 0028 0024 0028 002C 0018 0016 000D 0015 0018 0016 0012 0020 000D 0011 0012 0020 002D 0022 002D 0026 0029 0002 0002 001C 000E
001B 0001 0004 0001 0002 0000 0033 0026 0028 0024 0027 0020 0018 000D 0010 000B 0008 0009 000A 0005 000E 0016 0012 0007 0017 000F 0028 0026 0008 0009 0005 0015
000D 000C 000D 0006 0020 0023 0024 0028 0026 0028 0022 0012 0020 001D 0002 0002 0002 0002 0002 0021 002C 0018 0016 002D 0026 0028 0024 0029 0002 0002 0013 0006
000D 0015 000D 0034 000A 000B 0028 0024 0028 0026 0017 0016 0012 0020 0018 0016 0012 0020 0018 0016 0012 0020 0018 000F 0028 0026 0028 0024 000A 000C 0005 0011
000D 0006 001D 0002 0002 002B 0026 0028 0024 0028 002C 0018 0016 0012 0020 0018 0016 0012 0020 0018 0016 0012 0020 002D 0024 0028 0026 0029 0002 0002 0021 0035
0005 0034 000A 000B 0008 0009 0028 0026 0028 0024 0027 0007 0017 000F 0027 0007 0017 000F 0027 0007 0017 000F 0027 0007 0028 0024 0028 0026 0008 0009 000A 000C
0000 0001 0002 0002 0002 002B 0024 0028 0026 0028 0024 0028 0026 0028 0024 0028 0026 0028 0024 0028 0026 0028 0024 0028 0026 0028 0024 0029 0002 0002 0002 0002
0005 000C 0018 000F 000A 000B 0028 0024 0028 0026 0028 0024 0028 0026 0028 0024 0028 0026 0028 0024 0028 0026 0028 0024 0028 0026 0028 0024 000A 000B 0008 0009
0013 0010 000B 0030 0001 002B 0026 0028 0022 002D 002C 0019 0011 002D 0026 0028 0024 0028 0026 0028 0022 002D 0026 0028 0024 0028 002C 0014 0001 0002 0004 0001
001B 0001 0002 0013 000E 0016 0019 001A 0008 0009 000A 0005 000E 0016 0019 0015 0019 0011 0019 0015 0018 000F 0032 0015 0019 0034 0027 000D 000E 000C 000D 0015
000D 000E 0016 000D 0015 0018 001D 0002 0002 0002 0002 0021 002C 0018 000D 0006 000D 000E 000D 0010 000B 0030 0036 0037 001F 0033 0024 0005 0015 0018 000D 0006
000D 0015 0018 000D 0006 0020 0038 0009 000A 000B 0008 0009 0027 0020 000D 0011 000D 0015 001D 0002 0002 0021 000C 0014 0036 000C 001E 0013 0006 0020 000D 0011
000D 0006 0020 000D 0011 0012 0014 0001 0002 0002 0002 001C 0011 0012 000D 000E 000D 0010 000B 0008 0009 000A 000B 0005 0011 002E 000B 0005 0011 002E 0005 000E
000D 0011 0012 000D 000E 0016 000D 0015 0018 0016 0012 0023 0035 0016 000D 0015 001B 0001 0002 0002 0002 0002 0002 0013 000E 001E 0002 0021 0035 0014 0036 002C
0005 000C 0009 0005 000C 0008 0005 000C 000B 0008 0009 000A 000B 0008 0005 000C 0005 000C 0009 000A 000B 0008 0009 0005 001A 0008 0009 000A 000B 0005 000C 000A
