ATARI GAUNTLET MOTION OBJECT 16X16 TILEMAP
SOURCE: treasure-room-04.png
GRID: 32 X 32
TILE_SIZE: 16 X 16
ATLAS_TILES: 800
UNIQUE_PIXEL_TILES: 63
CONNECTED_OBJECT_GROUPS: 22

0020 0021 0022 0000 0000 0000 0000 0000 0000 0000 0029 002A 002B 0000 0000 0000 0000 0000 0000 0000 0000 0000 0000 002E 002F 0030 0000 0031 0032 0033 0034 0035
0040 0041 0042 0000 0000 0000 0000 0000 0000 0000 0049 004A 004B 0000 0000 0000 0000 0000 0000 0000 0000 004C 004D 004E 004F 0050 0000 0051 0052 0053 0054 0055
0000 0000 0000 0000 0000 0064 0065 0066 0067 0068 0069 0000 0000 0000 0000 0000 0000 0000 0000 0000 0000 006C 006D 006E 0000 0000 0000 0000 0000 0000 0000 0000
0000 0000 0000 0000 0083 0084 0085 0086 0087 0088 0089 0000 0000 0038 0039 003A 0000 0000 0000 0000 0000 008C 008D 008E 0000 0000 0000 0000 0000 0000 0000 0000
0000 0000 0000 0000 00A3 00A4 00A5 0000 0000 0000 0000 0000 0000 0058 0059 005A 0000 0000 0000 0000 0000 00AC 00AD 00AE 0000 0000 0000 0000 0000 0000 0000 0000
0000 0000 0000 0000 0000 0000 0000 0000 0000 0000 0000 0076 0077 0078 0000 0000 0000 0000 0000 0000 0000 0000 0000 0000 0000 0000 0000 0000 0000 0000 0000 0000
0000 0000 0000 0000 0000 0000 0000 0000 0000 0000 0000 0096 0097 0098 0000 0000 0000 0000 0000 0000 0000 0000 0000 0000 0000 0000 0000 0000 0000 0000 0000 0000
0000 0000 0000 0000 0000 003B 003C 003D 0000 0000 0000 0000 0000 0000 0000 0000 0000 0000 0000 0000 0000 0000 0000 0000 0000 0000 0000 0000 0000 0000 0000 0000
0000 0000 0000 0000 0000 005B 005C 005D 0000 0000 0000 0000 0000 0000 00C0 00C1 00C2 0000 0000 0000 0000 0000 0000 0000 0000 0000 0000 0000 0000 0000 0000 0000
00C3 0000 0000 0000 0000 0000 0000 0000 0000 0000 0000 0000 0000 0000 00E0 00E1 00E2 0000 0000 0000 00C8 00C9 00CA 0000 00CB 00CC 00CD 0000 0000 0000 00D1 00D2
00E3 00E4 0000 0000 0000 0000 0000 0000 0000 0000 0000 0000 0000 0000 0000 0000 0000 0000 00E6 00E7 00E8 00E9 00EA 0000 00EB 00EC 00ED 0000 0000 0000 00F1 00F2
0000 0104 0105 0000 0000 00D3 00D4 00D5 0000 0000 0000 0000 0000 0000 0000 0000 0000 0000 0106 0107 0108 0109 010A 0000 010B 010C 010D 010E 010F 0110 0111 0112
0000 0000 0000 0000 0000 00F3 00F4 00F5 0000 0000 0000 0000 0000 0000 0000 0000 0000 0000 0000 0000 0128 0129 012A 0000 012B 012C 012D 012E 012F 0130 0131 0132
0000 0000 0000 0000 0000 0000 0000 0000 0000 0000 0000 0000 0000 0000 00D6 00D7 00D8 0000 0000 0000 0000 0000 0000 0000 0000 0000 0000 0000 0000 0000 0000 0000
0000 0000 0000 0143 0144 0145 0000 0000 0148 0149 014A 0000 0000 0000 00F6 00F7 00F8 0000 0000 0000 0000 0000 0000 0000 0000 0000 0000 0000 0000 0000 0000 0000
0000 0000 0000 0163 0164 0165 0000 0000 0168 0169 016A 0000 0000 0000 0000 0000 0000 0000 0000 0000 0000 0000 0000 0000 0000 0000 0000 0000 0000 0000 0000 0000
0000 0000 0000 0000 0184 0185 0186 0187 0188 0189 018A 018B 0000 0000 0000 0000 0000 0000 0000 0000 0000 0000 0000 0000 0000 0000 0000 0000 0000 0000 0000 0000
0000 01A1 01A2 01A3 01A4 01A5 01A6 01A7 01A8 01A9 01AA 01AB 0000 0000 0000 0000 0000 0000 0000 0000 0000 0000 0000 0000 0000 0000 0000 0000 0000 0000 0000 0000
0000 01C1 01C2 01C3 0000 0000 0000 0000 0000 0000 0000 0000 0000 0000 0000 014E 014F 0150 0151 0152 0153 0000 0000 0156 0157 0158 0000 0000 0000 0000 0000 0000
01E0 01E1 01E2 0000 0000 0000 0000 0000 0000 0000 0000 0000 0000 0000 0000 016E 016F 0170 0171 0172 0173 0174 0175 0176 0177 0178 0000 0000 0000 0000 0000 0000
0200 0201 0202 0000 0000 0000 0000 0000 0000 0000 0000 0000 0000 018C 018D 018E 0000 0190 0191 0192 0193 0194 0195 0000 0000 0000 0000 0000 0000 0000 0000 0000
0000 0000 0000 0000 0000 0000 0000 0000 0000 0000 0000 0000 0000 01AC 01AD 01AE 0000 01B0 01B1 01B2 0000 0000 0000 0000 0000 0000 0000 0000 0000 0000 0000 0000
0000 0000 0000 0000 0000 0000 0000 0000 0000 0000 0000 0000 0000 0000 0000 0000 0000 0000 0000 0000 0000 0000 0000 0000 0000 0000 0000 0000 0000 0227 0228 0229
0000 0000 0000 0000 0000 0000 0000 0000 0000 0000 0000 0000 0000 0000 0000 0000 0000 0000 0000 0000 0000 0000 0000 0000 0000 0000 0244 0245 0246 0247 0248 0249
022A 0000 0000 0000 0000 0000 0000 022B 022C 022D 0000 0000 0000 022E 022F 0230 0000 0000 0000 0000 0000 0000 0000 0000 0262 0263 0264 0265 0266 0000 0268 0269
024A 0000 0000 0000 0000 0000 0000 024B 024C 024D 0000 0000 0000 024E 024F 0250 0000 0000 0000 0000 0000 0000 0000 0000 0282 0283 0284 0000 0000 0000 0288 0289
0000 0000 0000 0000 0000 0000 0000 0000 0000 0000 0000 0000 0000 0000 0000 0000 0000 0000 0000 0000 0000 0000 02A0 02A1 02A2 0000 0000 0000 0000 0000 0000 0000
0231 0232 0233 0000 0000 0000 0000 0000 0000 0000 0235 0236 0237 0000 0000 0000 0000 0000 0000 0000 0000 0000 02C0 02C1 02C2 0000 0000 0000 0000 0000 0000 0000
0251 0252 0253 0000 0000 0000 0000 0000 0000 0000 0255 0256 0257 0000 0000 0000 0000 0000 0000 0000 0000 0000 0000 0000 0000 0000 0000 0000 0000 0000 0000 0000
0000 0000 0000 0000 0000 0000 0000 0000 0000 0000 0000 0276 0277 0278 0000 0000 0000 0000 0000 0000 0000 0000 0000 0000 0000 0000 0000 0000 0000 0000 0000 0000
0000 0000 0239 023A 023B 0000 0000 0000 0000 0294 0295 0296 0297 0298 0000 0000 0000 0000 0000 0000 0000 02E0 02E1 02E2 02E3 02E4 02E5 02E6 02E7 02E8 02E9 02EA
0000 0000 0259 025A 025B 0000 0000 0000 0000 02B4 02B5 02B6 0000 0000 0000 0000 0000 0000 0000 0000 0000 0300 0301 0302 0303 0304 0305 0306 0307 0308 0309 030A
