ATARI GAUNTLET MOTION OBJECT 16X16 TILEMAP
SOURCE: treasure-room-10.png
GRID: 32 X 32
TILE_SIZE: 16 X 16
ATLAS_TILES: 1184
UNIQUE_PIXEL_TILES: 137
CONNECTED_OBJECT_GROUPS: 5

0020 0021 0022 0000 0000 0000 0000 0000 0000 0000 0023 0024 0025 0000 0000 0000 0070 0071 0072 0000 0000 0000 0000 0077 0078 0079 0000 0000 0000 0000 0000 0000
0040 0041 0042 0000 0000 0000 0000 0000 0000 0000 0043 0044 0045 0000 0000 0000 0090 0091 0092 0000 0000 0000 0000 0097 0098 0099 0000 0000 0000 0000 0000 0000
0000 0000 0000 0000 0000 0000 00A6 00A7 00A8 0000 0000 0000 0000 0000 0000 0000 0000 00B1 00B2 00B3 0000 0000 0000 0000 0000 0000 00BA 00BB 00BC 0000 0000 0000
0000 0000 0000 00C3 00C4 00C5 00C6 00C7 00C8 00C9 00CA 0000 0000 0000 0000 0000 0000 00D1 00D2 00D3 00D4 00D5 00D6 0000 00D8 00D9 00DA 00DB 00DC 0000 0000 0000
00E0 00E1 00E2 0000 00E4 00E5 00E6 0000 00E8 00E9 00EA 0000 00EC 00ED 00EE 00EF 00F0 0000 00F2 00F3 00F4 00F5 00F6 0000 00F8 00F9 00FA 0000 0000 00FD 00FE 0000
0100 0101 0102 0000 0104 0105 0106 0000 0000 0000 0000 0000 010C 010D 010E 010F 0110 0000 0112 0113 0114 0115 0116 0000 0118 0119 011A 0000 011C 011D 011E 0000
0000 0000 0000 0000 0124 0125 0126 0000 0000 0129 012A 012B 0000 0000 0000 012F 0130 0131 0000 0133 0134 0135 0136 0137 0138 0139 013A 013B 0000 0000 0000 0000
0140 0141 0142 0000 0000 0000 0146 0147 0148 0149 014A 014B 014C 014D 014E 014F 0150 0151 0000 0153 0154 0155 0000 0157 0158 0159 015A 015B 0000 0000 015E 015F
0160 0161 0162 0000 0000 0165 0166 0167 0168 0169 016A 016B 016C 016D 016E 0000 0000 0171 0172 0173 0000 0175 0176 0177 0000 0179 017A 017B 0000 0000 017E 017F
0180 0181 0182 0000 0000 0185 0186 0187 0188 0189 018A 018B 0000 0000 0000 0000 0000 0191 0192 0193 0000 0195 0196 0197 0198 0199 019A 019B 0000 0000 019E 019F
01A0 01A1 01A2 0000 0000 0000 0000 0000 01A8 01A9 01AA 0000 0000 0000 0000 0000 0000 0000 0000 0000 0000 0000 01B6 01B7 01B8 01B9 01BA 01BB 0000 0000 01BE 01BF
0000 0000 01C2 01C3 01C4 0000 01C6 01C7 01C8 0000 0000 0000 0000 0000 0000 0000 0000 0000 0000 0000 0000 0000 01D6 01D7 01D8 01D9 01DA 01DB 01DC 01DD 01DE 0000
0000 01E1 01E2 01E3 01E4 01E5 01E6 01E7 01E8 0000 0000 0000 0000 0000 0000 0000 0000 0000 0000 0000 0000 0000 01F6 01F7 01F8 01F9 01FA 01FB 01FC 01FD 01FE 0000
0200 0201 0202 0203 0204 0205 0206 0207 0208 0209 020A 0000 0000 0000 0000 0000 0000 0000 0000 0000 0000 0000 0000 0000 0000 0219 021A 021B 021C 0000 0000 0000
0000 0000 0222 0223 0224 0225 0226 0227 0228 0229 022A 0000 0000 0000 0000 0000 0000 0000 0000 0000 0000 0000 0000 0000 0000 0239 023A 023B 023C 0000 0000 0000
0240 0000 0242 0243 0244 0245 0246 0247 0248 0249 0000 0000 0000 0000 0000 0000 0460 0000 0000 0000 0000 0000 0256 0257 0258 0259 025A 025B 0000 0000 0462 0463
0260 0261 0262 0263 0264 0265 0266 0267 0000 0000 0000 0000 0000 0000 0000 0000 0480 0481 0000 0000 0000 0000 0276 0277 0278 0279 027A 027B 0000 0000 0482 0483
0280 0281 0282 0000 0000 0285 0286 0287 0288 0289 028A 0000 0000 0000 0000 0000 0000 0000 0000 0000 0000 0000 0000 0000 0000 0299 029A 029B 0000 0000 0000 0000
0000 0000 02A2 02A3 02A4 02A5 02A6 02A7 02A8 02A9 02AA 0000 0000 0000 0000 0000 0000 0000 0000 0000 0000 0000 0000 02B7 02B8 02B9 02BA 02BB 0000 02BD 0000 0000
0000 0000 02C2 02C3 02C4 02C5 02C6 02C7 0000 0000 0000 0000 0000 0000 0000 0000 0000 0000 0000 0000 0000 0000 0000 02D7 02D8 02D9 02DA 02DB 02DC 02DD 0000 0000
0000 0000 02E2 02E3 02E4 02E5 02E6 02E7 02E8 02E9 0000 0000 0000 0000 0000 0000 0000 0000 0000 0000 0000 0000 0000 02F7 02F8 02F9 02FA 02FB 02FC 02FD 0000 0000
0300 0301 0302 0000 0000 0305 0306 0307 0308 0309 030A 0000 0000 0000 0000 0000 0000 0000 0000 0000 0000 0000 0000 0317 0318 0319 031A 031B 0000 0000 0000 0000
0320 0321 0322 0000 0000 0325 0326 0327 0328 0329 032A 032B 032C 032D 0000 032F 0330 0331 0332 0333 0000 0000 0000 0337 0338 0339 033A 033B 0000 0000 0000 0000
0340 0000 0000 0000 0000 0345 0346 0347 0348 0349 034A 034B 034C 034D 034E 034F 0350 0351 0352 0353 0354 0355 0356 0357 0358 0359 035A 035B 0000 0000 035E 035F
0360 0361 0362 0000 0000 0365 0366 0367 0368 0369 036A 036B 036C 036D 036E 036F 0370 0371 0372 0373 0374 0375 0376 0377 0378 0379 0000 0000 0000 0000 037E 037F
0380 0381 0382 0000 0384 0385 0386 0387 0388 0389 038A 038B 038C 038D 038E 038F 0390 0391 0392 0393 0394 0395 0396 0397 0398 0399 039A 039B 039C 039D 0000 0000
0000 03A1 03A2 03A3 03A4 03A5 03A6 03A7 03A8 03A9 03AA 03AB 03AC 03AD 03AE 0000 0000 0000 03B2 03B3 03B4 03B5 03B6 03B7 03B8 03B9 03BA 03BB 03BC 03BD 0000 0000
0000 03C1 03C2 03C3 0000 03C5 03C6 03C7 0000 0000 03CA 03CB 03CC 0000 0000 0000 0000 0000 03D2 03D3 03D4 0000 03D6 03D7 03D8 03D9 03DA 03DB 0000 0000 0000 0000
0000 0000 0000 0000 0000 03E5 03E6 03E7 0000 0000 03EA 03EB 03EC 0000 0000 0000 03F0 03F1 03F2 0000 0000 03F5 03F6 03F7 0000 03F9 03FA 03FB 0000 0000 0000 0000
0000 0000 0000 0000 0000 0000 0406 0407 0408 0409 040A 040B 0000 0000 040E 040F 0410 0411 0412 0000 0000 0415 0416 0417 0000 0419 041A 041B 041C 041D 0000 0000
0420 0421 0422 0423 0424 0425 0426 0427 0428 0429 042A 042B 042C 042D 042E 042F 0430 0000 0000 0000 0000 0435 0436 0437 0438 0439 0000 043B 043C 043D 043E 043F
0440 0441 0442 0443 0444 0445 0446 0000 0000 0000 0000 0000 044C 044D 044E 0000 0000 0000 0000 0000 0000 0455 0456 0457 0458 0459 0000 0000 0000 0000 045E 045F
