ATARI GAUNTLET MOTION OBJECT 16X16 TILEMAP
SOURCE: treasure-room-06.png
GRID: 32 X 32
TILE_SIZE: 16 X 16
ATLAS_TILES: 1408
UNIQUE_PIXEL_TILES: 142
CONNECTED_OBJECT_GROUPS: 8

0000 0000 0000 0000 0000 0000 0022 0023 0024 0000 0000 0000 0000 0000 0000 0000 002C 002D 002E 0000 0000 0031 0032 0033 0000 0000 0000 0000 0000 0039 003A 0000
0000 0000 0000 0000 0000 0000 0042 0043 0044 0045 0046 0000 0000 0000 0000 0000 004C 004D 004E 004F 0050 0051 0052 0053 0054 0055 0056 0000 0058 0059 005A 0000
003C 0000 0000 0000 0060 0061 0062 0000 0064 0065 0066 0067 0000 0000 0000 006B 006C 006D 0000 006F 0070 0071 0000 0073 0074 0075 0076 0077 0000 0000 007A 007B
005C 005D 0000 0000 0080 0081 0082 0000 0084 0085 0086 0087 0088 0089 008A 008B 008C 008D 008E 008F 0090 0000 0000 0093 0094 0095 0096 0097 0000 0000 009A 009B
0000 0000 0000 0000 0000 0000 0000 0000 00A4 00A5 00A6 00A7 00A8 00A9 00AA 00AB 00AC 00AD 00AE 00AF 00B0 0000 0000 0000 0000 0000 0000 0000 0000 0000 0000 0000
0000 0000 0000 0000 0000 0000 0000 0000 0000 0000 0000 0000 0000 0000 0000 0000 0000 0000 00CE 00CF 00D0 0000 0000 0000 0000 0119 011A 011B 011C 011D 011E 011F
0440 0000 0000 0000 0000 0000 0126 0127 0128 0000 0000 0000 0000 0000 0000 0000 0000 0000 00EE 00EF 00F0 0000 0136 0137 0138 0139 013A 013B 013C 013D 013E 013F
0460 0461 0462 0000 0000 0145 0146 0147 0148 0000 014A 014B 014C 0000 0000 0000 0000 0000 0000 0000 0000 0000 0156 0157 0158 0159 015A 015B 0000 0000 015E 015F
0480 0481 0482 0483 0000 0165 0166 0167 0168 0169 016A 016B 016C 016D 016E 016F 0000 0000 0000 0000 0174 0175 0176 0177 0178 0179 017A 017B 0000 0000 0000 0000
0000 04A1 04A2 04A3 0000 0000 0000 0000 0188 0189 018A 0000 0000 018D 018E 018F 0000 0000 0192 0193 0194 0195 0196 0000 0000 0000 0000 0000 0000 0000 0000 0000
0000 0000 0000 04C3 04C4 04C5 0000 0000 0000 0000 0000 0000 0000 0000 01AE 01AF 01B0 0000 01B2 01B3 01B4 0000 0000 0000 0000 0000 0000 0000 0000 01BD 01BE 01BF
0000 0000 0000 04E3 04E4 04E5 04E6 04E7 04E8 0000 0000 0000 0000 0000 01CE 01CF 01D0 0000 0000 01D3 01D4 01D5 0000 01D7 01D8 01D9 0000 0000 0000 01DD 01DE 01DF
0000 0000 0000 0000 0000 0505 0506 0507 0508 0000 0000 01EB 01EC 01ED 0000 01EF 01F0 01F1 01F2 01F3 01F4 01F5 01F6 01F7 01F8 01F9 01FA 01FB 01FC 01FD 0000 0000
0449 044A 044B 0000 0000 0525 0526 0527 0000 0000 0000 020B 020C 020D 0000 020F 0210 0211 0212 0213 0214 0215 0216 0000 0218 0219 021A 021B 021C 021D 021E 021F
0469 046A 046B 046C 0000 0000 0000 0000 0000 0000 0000 0000 0000 0000 0000 022F 0230 0231 0000 0233 0234 0235 0000 0000 0000 0000 023A 023B 023C 0000 023E 023F
0000 048A 048B 048C 0000 0000 0000 0000 0000 0492 0493 0494 0000 0000 024E 024F 0250 0251 0252 0253 0254 0255 0000 0000 0000 0259 025A 025B 0000 0000 0000 0000
0000 0000 04AB 04AC 04AD 04AE 04AF 0000 0000 04B2 04B3 04B4 0000 0000 026E 026F 0270 0000 0272 0273 0274 0000 0000 0000 0000 0279 027A 027B 027C 0000 0000 0000
0000 0000 04CB 04CC 04CD 04CE 04CF 04D0 04D1 04D2 0000 0000 0000 0000 0000 0000 0000 0000 0000 0293 0294 0295 0296 0297 0298 0000 029A 029B 029C 0000 0000 0000
0000 0000 0000 0000 0000 0000 0000 04F0 04F1 04F2 0000 0000 0000 0000 0000 0000 0000 0000 0000 02B3 02B4 02B5 02B6 02B7 02B8 0000 0000 0000 02BC 02BD 02BE 0000
0000 0000 0000 02C3 02C4 02C5 0000 0000 0000 0000 0000 0000 0000 0000 0000 0000 02D0 02D1 02D2 0000 0000 0000 0000 0000 0000 0000 0000 0000 02DC 02DD 02DE 02DF
02E0 02E1 02E2 02E3 02E4 02E5 02E6 02E7 02E8 0000 0000 0000 0000 0000 0000 0000 02F0 02F1 02F2 02F3 02F4 0000 02F6 02F7 02F8 0000 0000 0000 02FC 02FD 02FE 02FF
0300 0301 0302 0000 0000 0000 0306 0307 0308 0000 0000 0000 0000 030D 030E 030F 0000 0000 0312 0313 0314 0000 0316 0317 0318 0319 031A 0000 031C 031D 031E 0000
0320 0321 0322 0000 0000 0000 0326 0327 0328 0000 032A 032B 032C 032D 032E 032F 0330 0331 0000 0000 0000 0000 0000 0000 0338 0339 033A 033B 033C 033D 0000 0000
0340 0341 0342 0000 0000 0000 0346 0347 0348 0000 034A 034B 034C 0000 0000 034F 0350 0351 0000 0000 0000 0355 0356 0357 0000 0000 035A 035B 035C 035D 0000 0000
0000 0000 0000 0000 0000 0000 0000 0367 0368 0369 036A 036B 036C 0000 0000 0000 0000 0000 0000 0000 0000 0375 0376 0377 0000 0379 037A 037B 037C 0000 0000 0000
0000 0000 0000 0000 0384 0385 0386 0387 0388 0389 038A 038B 038C 0000 0000 0000 0000 0000 0392 0393 0394 0000 0000 0000 0000 0399 039A 039B 039C 039D 0000 0000
0000 0000 0000 0000 03A4 03A5 03A6 0000 0000 0000 0000 0000 03AC 03AD 03AE 0000 0000 0000 03B2 03B3 03B4 0000 0000 0000 03B8 03B9 03BA 03BB 03BC 03BD 0000 0000
0000 0000 0000 0000 0000 0000 0000 03C7 03C8 03C9 0000 0000 03CC 03CD 03CE 0000 0000 0000 03D2 03D3 03D4 0000 0000 0000 03D8 03D9 03DA 0000 0000 03DD 0000 0000
0000 0000 0000 0000 0000 0000 0000 03E7 03E8 03E9 0000 0000 0000 0000 0000 0000 0000 0000 03F2 03F3 03F4 0000 0000 0000 03F8 03F9 03FA 0000 0000 0000 0000 0000
0000 0000 0000 0000 0000 0000 0000 0000 0000 0000 0000 0000 0000 0000 0000 0000 0000 0000 0000 0000 0000 0000 0416 0417 0418 0419 041A 0000 0000 0455 0000 0000
0458 0459 0000 0000 0000 0000 0000 0000 0540 0541 0542 0543 0544 0545 0546 0547 0000 0000 0000 0000 0000 0000 0436 0437 0438 0000 0000 0000 0000 0000 0476 0477
0478 0479 047A 0000 0000 0000 0000 0000 0560 0561 0562 0563 0564 0565 0566 0567 0000 0000 0000 0000 0000 0000 0000 0000 0000 0000 0000 0000 0000 0000 0496 0497
