ATARI GAUNTLET PLAYFIELD 16X16 TILEMAP
SOURCE: demo-150-playfield.png
GRID: 32 X 32
TILE_SIZE: 16 X 16
UNIQUE_TILES: 43

0000 0001 0002 0002 0002 0002 0002 0002 0002 0002 0002 0002 0002 0002 0002 0002 0002 0003 0002 0002 0002 0002 0002 0002 0002 0002 0002 0002 0002 0002 0002 0002
0004 0005 0006 0007 0008 0009 0006 0007 0008 0009 0006 0007 0008 0009 0006 0007 0008 0009 0006 0007 0008 0009 0006 0007 0008 0009 0006 0007 0008 0009 0006 0007
0004 000A 0009 0006 0007 0008 0009 0006 0007 0008 0009 0006 0007 0008 0009 0006 0007 0008 0009 0006 0007 0008 0009 0006 0007 0008 0009 0006 0007 0008 0009 0006
0004 000B 0008 0009 0006 0007 0008 0009 0006 0007 0008 0009 0006 0007 0008 0009 0006 0007 0008 0009 0006 0007 0008 0009 0006 0007 0008 0009 0006 0007 0008 0009
000C 000D 0007 0008 0009 0006 0007 0008 0009 0006 000E 000F 0010 0011 0012 000F 0010 0011 0012 000F 0010 0011 0012 000F 0010 0011 0012 000F 0013 0006 0007 0014
0015 0005 0006 0007 0008 0009 0006 0007 0008 0009 0016 0001 0002 0002 0002 0002 0002 0002 0002 0002 0002 0002 0002 0002 0002 0002 0017 0018 0019 0009 0006 001A
0004 000A 0009 0006 0007 0008 0009 0006 0007 0008 0004 000D 0007 0008 0009 0006 0007 0008 0009 0006 0007 0008 0009 0006 0007 0008 0004 000D 0007 0008 0009 0006
0004 001B 000F 0010 0011 0012 000F 0010 0011 0012 000C 0005 0006 0007 0008 0009 0006 0007 0008 0009 0006 0007 0008 0009 0006 0007 0004 0005 0006 0007 0008 0009
001C 0001 0002 0002 0002 0017 0001 0002 0002 0002 001D 0019 0009 0006 0007 0008 0009 0006 0007 0008 0009 0006 0007 0008 0009 0006 0004 000A 0009 0006 0007 0008
0004 0005 0006 0007 0008 0004 000D 0007 0008 0009 0006 0007 0008 0009 0006 0007 0008 0009 0006 0007 0008 0009 0006 0007 0008 0009 0004 000B 0008 0009 0006 0007
0004 000A 0009 0006 0007 0004 0005 0006 0007 0008 0009 0006 0007 0008 0009 0006 0007 0008 001E 0011 0012 000F 0010 0011 0012 000F 000C 000D 0007 0008 0009 0006
0004 000B 0008 0009 0006 0004 000A 0009 0006 0007 0008 0009 0006 0007 0008 0009 0006 0007 0016 0001 0002 0002 0002 0002 0002 0002 001D 001F 0006 0007 0008 0009
0004 000D 0007 0008 0009 0004 000B 0008 0009 0006 0007 0008 0009 0006 0007 0008 0009 0006 0004 000A 0009 0006 0007 0008 0009 0006 0007 0008 0009 0006 0007 0008
0004 0005 0006 0007 0008 0004 000D 0007 0008 0009 0006 000E 000F 0010 0011 0012 000F 0010 000C 000B 0008 0009 0006 0007 0008 0009 0006 0007 0008 0009 0006 0007
0004 000A 0009 0006 0007 0004 0005 0006 0007 0008 0009 0016 0001 0002 0002 0002 0002 0002 001D 0020 0007 0008 0009 0006 0007 0008 0009 0006 0007 0008 0009 0006
0004 000B 0008 0009 0006 0004 000A 0009 0006 0007 0008 0004 000D 0007 0008 0009 0006 0007 0008 0009 0006 0007 0008 0009 0006 0007 0008 0009 0006 0007 0008 0009
0004 000D 0007 0008 0009 0004 000B 0008 0009 0006 0007 0004 0005 0006 0007 0008 0009 0021 0022 0008 0009 0006 0007 0008 0009 0006 0007 0008 0009 0006 0007 0008
0004 0005 0006 0007 0008 0004 000D 0007 0008 0009 0006 0004 000A 0009 0006 0007 0008 0023 000D 0007 0008 0009 0006 0007 0008 0009 0006 0007 0008 0009 0006 0007
0004 000A 0009 0006 0007 0004 0005 0006 0007 0008 0009 0004 000B 0008 0009 0006 0007 0004 0024 0011 0012 000F 0010 0011 0022 0008 0009 0006 0007 0008 0009 0006
0004 000B 0008 0009 0006 0004 000A 0009 0006 0007 0008 0004 000D 0007 0008 0009 0006 001C 0001 0002 0002 0002 0002 0025 0020 0007 0008 0009 0006 0007 0008 0009
0004 000D 0007 0008 0009 0026 0027 0008 0009 0006 0007 0004 0005 0006 0007 0008 0009 0004 000B 0008 0009 0006 0007 0008 0009 0006 0007 0008 0009 0006 0007 0008
0004 0005 0006 0007 0008 0009 0006 0007 0008 0009 0006 0004 000A 0009 0006 0007 0008 0004 000D 0007 0008 0009 0006 0007 0008 0009 0006 0007 0008 0009 0006 0007
0004 000A 0009 0006 0007 0008 0009 0006 0007 0008 0009 0026 0027 0008 0009 0006 0007 0026 001F 0006 0007 0008 0009 0006 0007 0008 0009 0006 0007 0008 0009 0006
0004 000B 0008 0009 0006 0007 0008 0009 0006 0007 0008 0009 0006 0007 0008 0009 0006 0007 0008 0009 0006 0007 0008 0009 0006 0007 0008 0009 0006 0007 0008 0009
0004 000D 0007 0008 0009 0006 0007 0008 0009 0006 0007 0008 0009 0006 0007 0008 0009 0006 0007 0008 0009 0006 0007 0008 0009 0006 0007 0008 0009 0006 0007 0008
0004 0005 0006 0007 0008 0009 0028 0007 0008 0009 0006 0007 0008 0009 0006 0007 0008 0009 0006 0007 0008 0009 0006 0007 0008 0009 0006 0007 0008 0009 0006 0007
0004 000A 0009 0006 0007 0008 0009 0006 0007 0008 0009 0006 0007 0008 0009 0006 0007 0008 0009 0006 0007 0008 0009 0006 0007 0008 0009 0006 0007 0008 0009 0006
0004 000B 0008 0009 0006 0007 0008 0009 0006 0007 0008 0009 0006 0007 0008 0009 0006 000E 0029 0009 0006 0007 0008 0009 0006 0007 0008 0009 0006 0007 0008 0009
0004 000D 0007 0008 0009 0006 0007 0008 0009 0006 0007 0008 0009 0006 0007 0008 0009 0023 000B 0008 0009 0006 0007 0008 0009 0006 0007 0008 0009 0006 0007 0008
0004 0005 0006 0007 0008 0009 0006 0007 0008 0009 0006 0007 0008 0009 0006 0007 0008 0004 000D 0007 0008 0009 0006 0007 0008 0009 0006 0007 0008 0009 0006 0007
0004 000A 0009 0006 0007 0008 0009 0006 0007 0008 0009 0006 0007 0008 0009 0006 0007 0004 0005 0006 0007 0008 0009 0006 0007 0008 0009 0006 0007 0008 0009 0006
000C 001B 000F 0010 0011 0012 000F 0010 0011 0012 000F 0010 0011 0012 000F 0010 0011 000C 002A 0010 0011 0012 000F 0010 0011 0012 000F 0010 0011 0012 000F 0010
