ATARI GAUNTLET MOTION OBJECT 16X16 TILEMAP
SOURCE: level-057.png
GRID: 32 X 32
TILE_SIZE: 16 X 16
ATLAS_TILES: 2304
UNIQUE_PIXEL_TILES: 184
CONNECTED_OBJECT_GROUPS: 27

0020 0021 0022 0000 0000 0000 0000 0000 0000 0023 0024 0025 0000 0026 0027 0028 0029 0000 0000 0000 0000 0000 0000 0000 0000 00B5 00B6 00B7 0000 0000 00BB 00BC
0040 0041 0042 0000 00C0 00C1 00C2 0000 0000 0043 0044 0045 0000 0046 0047 0048 0049 0000 00CE 00CF 00D0 0000 00D2 00D3 00D4 00D5 00D6 00D7 0000 0000 00DB 00DC
0060 0061 0062 0000 00E0 00E1 00E2 0000 0000 0000 0000 0000 0000 0000 0000 0000 0000 0000 00EE 00EF 00F0 0000 00F2 00F3 00F4 0000 0000 0000 0000 0000 0000 0000
0080 0081 0082 0000 0100 0101 0102 0103 0104 0105 0106 0107 0108 0109 010A 010B 010C 010D 010E 010F 0110 0111 0112 0113 0114 0115 0116 0117 0118 0000 0000 0000
0000 0000 0000 0000 0000 0000 0000 0000 0000 0000 0000 0127 0128 0129 012A 0000 0000 0000 0000 0000 0130 0131 0132 0000 0000 0000 0136 0137 0138 0000 0000 0000
00BD 0000 0000 0000 0000 0000 0000 0000 0000 0000 0000 0147 0148 0149 014A 0000 0000 0000 0000 0000 0000 0000 0000 0000 0000 0000 0000 0000 0158 0000 00BE 00BF
00DD 0000 0000 0000 03E2 03E3 03E4 0000 0000 0000 0000 0000 0000 0000 0000 0000 0000 0000 0000 0000 0000 0000 03FB 03FC 03FD 03FE 03FF 0000 0178 0000 00DE 00DF
0000 0000 0400 0401 0402 0403 0404 0000 0000 0000 0000 0000 0000 0000 0000 0000 0000 0000 0000 0000 0000 0000 041B 041C 041D 041E 041F 0000 0198 0000 0000 0000
0000 0000 0420 0421 0422 0000 0000 0000 0000 0720 0721 0722 0000 0000 0000 0000 0000 0000 0724 0725 0726 0000 0000 0000 0000 0000 0000 0000 01B8 0000 0000 0000
0000 0000 0000 0000 0442 0000 0000 0000 0000 0740 0741 0742 0000 0000 0000 0000 0000 0000 0744 0745 0746 0000 0000 0000 0000 0000 0000 0000 01D8 0000 0000 0000
0727 0728 0729 0000 0462 0000 0000 0000 0000 0000 0761 0762 0763 0000 0000 0000 0000 0000 0000 0000 0000 0000 0000 0000 0000 0000 0000 0000 01F8 0000 0000 0000
0747 0748 0749 0000 0482 0000 072A 072B 072C 0000 0781 0782 0783 0000 0000 0000 0000 0000 0000 0000 0000 0000 0000 0000 0000 0000 0216 0217 0218 0219 021A 0000
0000 0000 0000 0000 04A2 0000 074A 074B 074C 0000 0000 0000 0000 0000 0000 0000 0000 0000 0000 0000 0732 0733 0734 0000 0000 0000 0236 0237 0238 0239 023A 0000
0000 0000 0000 0000 04C2 0000 0000 0000 0000 0000 0000 0000 0000 0000 0000 0739 0000 0000 0000 0000 0752 0753 0754 0000 0000 0000 0256 0257 0258 0000 0000 0000
0000 0000 0000 0000 04E2 04E3 04E4 0000 0000 0000 073A 073B 073C 0000 0000 0000 0000 0000 0000 0000 0000 0000 0774 0775 0000 0000 0000 0000 0278 0000 0000 0000
073D 073E 073F 0000 0502 0503 0504 0000 0000 0000 075A 075B 075C 0000 0000 0000 0000 0000 0000 0000 0792 0793 0794 0795 0796 0000 0000 0000 0298 0000 0000 0000
075D 075E 075F 0000 0522 0000 0000 0000 0000 0000 0000 0000 0000 0000 0000 0000 0000 0000 08A0 0000 07B2 07B3 07B4 07B5 07B6 0000 0000 0000 02B8 0000 08A1 08A2
077D 077E 077F 0000 0542 0000 0000 0000 0000 0000 0000 0000 0000 0000 0000 0000 0000 0000 0000 0000 07D2 07D3 07D4 07D5 07D6 0000 0000 0000 02D8 0000 08C1 08C2
0000 0000 0000 0000 0562 0000 0000 0000 08A3 08A4 08A5 0000 0000 0000 0000 07ED 07EE 07EF 07F0 07F1 07F2 07F3 07F4 07F5 07F6 0000 0000 0000 02F8 0000 0000 0000
0000 0000 0000 0000 0582 0000 0000 0000 08C3 08C4 08C5 0000 0000 0000 0000 080D 080E 080F 0810 0811 0812 0813 0814 0815 0816 0817 0818 0000 0318 0000 0000 0000
08A6 0000 0000 0000 05A2 0000 0000 0000 0000 0000 0000 0000 0000 0000 0000 082D 082E 082F 0830 0831 0832 0833 0834 0835 0836 0837 0838 0000 0338 0000 08A7 08A8
08C6 0000 0000 0000 05C2 0000 0000 0000 0000 0000 0000 0000 0000 0000 0000 084D 084E 084F 0850 0851 0852 0853 0854 0855 0856 0857 0858 0000 0358 0000 08C7 08C8
0000 0000 05E0 05E1 05E2 0000 0000 0000 0000 0000 0000 0000 0000 0000 0000 0000 0000 086F 0870 0871 0000 0000 0000 0000 0000 0000 0000 0000 0378 0000 0000 0000
0000 0000 0600 0601 0602 0000 08A9 08AA 08AB 0000 0000 0000 0000 0000 0000 0000 0000 088F 0890 0891 0000 0000 0000 0000 0000 0000 0000 0000 0398 0000 0000 0000
0000 0000 0000 0000 0622 0000 08C9 08CA 08CB 08CC 08CD 08CE 08CF 08D0 0000 0000 0000 0000 0000 0000 0000 0000 0000 0000 0000 0000 03B6 03B7 03B8 03B9 03BA 0000
08B1 08B2 08B3 0000 0642 0000 0000 0000 08EB 08EC 08ED 08EE 08EF 08F0 0000 0000 0000 0000 0000 0000 0000 0000 0000 0000 0000 0000 03D6 03D7 03D8 03D9 03DA 0000
08D1 08D2 08D3 0000 0662 0000 0000 0000 0000 0000 0000 0000 0000 0000 0000 0000 0000 08B4 08B5 08B6 0000 0000 0000 0000 0000 0000 0000 0000 0000 0000 0000 0000
0000 0000 0000 0000 0682 0683 0684 0000 0686 0687 0688 0689 0000 0000 0000 0000 0000 08D4 08D5 08D6 0000 0000 0000 0000 0000 0000 0698 0699 069A 0000 0000 0000
0000 0000 0000 0000 06A2 06A3 06A4 0000 06A6 06A7 06A8 06A9 0000 0000 0000 0000 0000 0000 0000 0000 0000 0000 0000 0000 0000 0000 06B8 06B9 06BA 0000 0000 0000
0000 0000 0000 0000 06C2 06C3 06C4 06C5 06C6 06C7 06C8 06C9 06CA 06CB 06CC 06CD 06CE 06CF 06D0 06D1 06D2 06D3 06D4 06D5 06D6 06D7 06D8 06D9 06DA 0000 0000 0000
08B7 08B8 08B9 0000 0000 0000 06E4 06E5 06E6 0000 06E8 06E9 06EA 0000 0000 0000 0000 0000 0000 0000 06F2 06F3 06F4 0000 0000 0000 06F8 06F9 06FA 0000 08BA 08BB
08D7 08D8 08D9 0000 0000 0000 0704 0705 0706 0000 0000 0000 0000 0000 0000 0000 0000 0000 0000 0000 0712 0713 0714 0000 0000 0000 0000 0000 0000 0000 08DA 08DB
