ATARI GAUNTLET MOTION OBJECT 16X16 TILEMAP
SOURCE: level-071.png
GRID: 32 X 32
TILE_SIZE: 16 X 16
ATLAS_TILES: 1120
UNIQUE_PIXEL_TILES: 203
CONNECTED_OBJECT_GROUPS: 6

0000 0000 0000 0023 0000 0000 0000 0000 0000 0029 0000 002B 002C 0000 0000 0000 0000 0000 0032 0033 0034 0035 0036 0037 0000 0000 0000 0000 003C 003D 003E 0000
0000 0000 0000 0043 0044 0045 0000 0000 0000 0049 004A 004B 004C 0000 0000 0000 0000 0000 0052 0053 0054 0055 0056 0057 0000 0000 0000 0000 005C 005D 005E 0000
0000 0000 0000 0063 0064 0065 0066 0067 0068 0000 0000 0000 0000 006D 006E 006F 0070 0071 0072 0000 0000 0000 0000 0077 0078 0079 007A 007B 007C 0000 0000 0000
0080 0081 0082 0083 0084 0085 0000 0087 0088 0000 0000 0000 0000 008D 008E 0000 0090 0091 0092 0000 0000 0000 0000 0097 0098 0099 009A 009B 009C 0000 0420 0421
00A0 00A1 00A2 00A3 00A4 00A5 00A6 0000 00A8 0000 0000 0000 0000 00AD 00AE 00AF 00B0 0000 00B2 0000 00B4 00B5 0000 00B7 00B8 0000 0000 00BB 00BC 0000 0440 0441
0000 0000 0000 00C3 00C4 00C5 00C6 0000 00C8 0000 0000 0000 0000 00CD 00CE 00CF 00D0 0000 00D2 00D3 00D4 00D5 0000 00D7 0000 0000 0000 0000 00DC 0000 0000 0000
00E0 00E1 00E2 00E3 0000 0000 0000 0000 00E8 00E9 00EA 00EB 00EC 00ED 0000 0000 0000 0000 00F2 00F3 00F4 00F5 00F6 00F7 0000 0000 0000 0000 00FC 00FD 00FE 00FF
0000 0101 0000 0103 0000 0000 0000 0000 0000 0000 0000 0000 0000 0000 0000 0000 0000 0000 0112 0000 0000 0000 0000 0000 0000 0000 0000 0000 0000 0000 0000 011F
0000 0121 0000 0123 0124 0125 0000 0000 0000 0000 0000 0000 012C 012D 012E 012F 0130 0131 0132 0133 0134 0000 0000 0137 0138 0139 0000 0000 0000 0000 0000 013F
0000 0000 0000 0143 0144 0145 0000 0000 0000 0000 0000 014B 014C 014D 014E 014F 0150 0151 0152 0153 0154 0000 0000 0157 0158 0159 0000 0000 0000 0000 0000 0000
0000 0000 0000 0163 0164 0165 0166 0167 0168 0000 0000 016B 016C 016D 016E 016F 0170 0171 0172 0173 0174 0000 0000 0177 0178 0179 017A 017B 017C 0000 0000 0000
0000 0000 0000 0183 0184 0000 0000 0000 0188 0000 0000 018B 018C 018D 018E 018F 0190 0191 0192 0193 0194 0000 0000 0197 0000 0000 0000 0000 019C 0000 0000 0000
0422 0000 0000 01A3 0000 0000 0000 0000 01A8 0000 0000 01AB 01AC 01AD 0000 0000 0000 0000 01B2 01B3 01B4 01B5 01B6 01B7 01B8 01B9 0000 0000 01BC 0000 0423 0424
0442 0000 0000 01C3 01C4 01C5 01C6 0000 01C8 0000 0000 01CB 01CC 01CD 0000 0000 0000 0000 01D2 01D3 01D4 01D5 01D6 01D7 01D8 01D9 01DA 01DB 01DC 0000 0443 0444
0000 0000 0000 01E3 01E4 01E5 01E6 0000 01E8 01E9 01EA 01EB 01EC 01ED 0000 0000 0000 0000 01F2 01F3 01F4 01F5 01F6 01F7 01F8 01F9 01FA 01FB 01FC 0000 0000 0000
0000 0000 0000 0203 0000 0000 0000 0000 0000 0000 0000 020B 020C 020D 0000 0000 0000 0000 0000 0000 0000 0000 0216 0217 0218 0219 0000 0000 021C 0000 0000 0000
0000 0000 0000 0223 0000 0000 0000 0000 0000 0000 0000 022B 022C 022D 0000 0000 0425 0000 0000 0000 0000 0000 0236 0237 0238 0239 0000 0000 023C 0000 0000 0000
0000 0000 0000 0243 0000 0000 0000 0000 0000 0000 0000 024B 024C 024D 0000 0000 0000 0000 0000 0000 0000 0000 0256 0257 0258 0259 0000 0000 025C 0000 0000 0000
0260 0261 0262 0263 0264 0265 0266 0267 0268 0000 0000 026B 026C 026D 026E 026F 0270 0271 0272 0273 0274 0275 0276 0277 0278 0279 0000 0000 027C 027D 027E 027F
0280 0281 0282 0000 0000 0000 0000 0000 0288 0000 0000 028B 028C 028D 028E 028F 0290 0291 0292 0293 0294 0295 0296 0297 0298 0299 0000 0000 0000 0000 0000 029F
02A0 0000 0000 0000 0000 0000 0000 0000 02A8 0000 0000 02AB 02AC 02AD 0000 0000 0000 0000 02B2 0000 0000 0000 0000 02B7 0000 0000 0000 0000 0000 0000 02BE 02BF
0000 0000 0000 0000 0000 0000 0000 0000 02C8 0000 0000 02CB 02CC 02CD 0000 0000 0000 0000 02D2 0000 0000 0000 0000 02D7 0000 0000 0000 0000 0000 0000 0000 02DF
02E0 02E1 02E2 02E3 02E4 02E5 02E6 02E7 02E8 02E9 02EA 02EB 02EC 02ED 0000 0000 0000 0000 02F2 0000 0000 0000 0000 02F7 02F8 02F9 02FA 02FB 02FC 02FD 02FE 02FF
0300 0301 0302 0000 0000 0000 0000 0000 0308 0000 030A 030B 030C 0000 0000 0000 0000 0000 0312 0000 0314 0315 0316 0000 0000 0000 0000 0000 0000 0000 0000 031F
0320 0321 0322 0000 0000 0000 0000 0000 0328 0000 032A 032B 032C 0000 0000 0000 0330 0331 0332 0333 0334 0335 0336 0000 0000 0000 0000 0000 0000 0000 033E 033F
0340 0341 0000 0000 0000 0000 0000 0000 0348 0000 0000 0000 0000 0000 0000 0000 0350 0351 0352 0353 0000 0000 0000 0000 0000 0000 0000 0000 0000 0000 035E 035F
0360 0361 0362 0363 0000 0000 0000 0000 0368 0000 0000 0000 0000 036D 036E 036F 0370 0371 0372 0373 0374 0375 0376 0377 0378 0379 037A 037B 037C 037D 037E 037F
0380 0000 0000 0383 0000 0000 0000 0000 0388 0000 0000 0000 0000 038D 0000 0000 0000 0000 0000 0000 0000 0000 0000 0397 0000 0000 0000 0000 0000 0000 039E 039F
03A0 03A1 03A2 03A3 0000 0000 0000 0000 03A8 0000 0000 0000 0000 03AD 0000 0000 0000 0000 0000 0000 0000 0000 0000 03B7 0000 0000 0000 0000 0000 0000 03BE 03BF
03C0 03C1 03C2 03C3 0000 0000 0000 0000 03C8 0000 0000 0000 0000 03CD 0000 0000 0000 0000 0000 0000 0000 0000 0000 03D7 0000 0000 0000 03DB 03DC 03DD 03DE 03DF
0000 0000 0000 03E3 03E4 03E5 03E6 03E7 03E8 0000 03EA 0000 0000 03ED 0000 0000 0426 0427 0428 0429 042A 0000 0000 03F7 0000 03F9 0000 03FB 03FC 03FD 03FE 0000
0000 0000 0000 0403 0404 0405 0406 0407 0408 0409 040A 040B 0000 040D 0000 0000 0446 0447 0448 0449 044A 0000 0000 0417 0418 0419 041A 041B 041C 041D 041E 0000
