ATARI GAUNTLET PLAYFIELD 16X16 TILEMAP
SOURCE: level-009-playfield.png
GRID: 32 X 32
TILE_SIZE: 16 X 16
UNIQUE_TILES: 29

0000 0001 0002 0002 0002 0002 0002 0000 0001 0002 0002 0002 0002 0002 0000 0001 0002 0002 0002 0002 0000 0001 0002 0002 0002 0002 0000 0001 0002 0002 0002 0002
0003 0004 0005 0006 0007 0008 0005 0003 0009 000A 0005 0006 000B 000A 0003 000C 0007 0008 0005 0006 0003 0004 0005 0006 0007 000A 0003 000C 0007 000A 0005 000B
0003 0009 000A 0005 0006 0007 000A 0003 000C 0007 000A 0005 0006 0007 0003 000D 0006 0007 000A 0005 0003 0009 000A 0005 0006 0007 0003 000D 0006 0007 000A 0005
0003 000C 0007 000A 0005 0006 0007 0003 000D 0008 0007 000A 0005 0006 0003 0004 0005 0006 0007 000A 0003 000C 0007 000A 0005 0006 0003 0004 0005 0006 0007 000A
0003 000D 0006 0007 000A 0005 0006 0003 000E 000F 0010 0011 0012 000F 0013 0014 0012 000F 0010 0011 0013 000D 0006 0007 000A 0005 0003 0009 000A 0008 0006 0007
0013 0004 0005 0006 0007 000A 0005 0015 0001 0002 0002 0002 0002 0002 0000 0001 0002 0002 0002 0002 0016 000E 000F 0008 0011 0012 0013 0017 0011 0012 000F 0010
0016 0014 0012 000F 0010 0011 0012 0018 000C 0007 000A 0005 0006 0007 0003 000D 0006 0007 000A 0005 0015 0001 0002 0002 0002 0002 0000 0001 0002 0002 0002 0002
0015 0001 0002 0002 0002 0002 0002 0016 000D 0006 0007 000A 0005 0006 0003 0004 0005 0006 0008 000A 0003 000C 0007 000A 0005 0006 0003 0004 0005 0006 0007 000A
0003 000D 0006 0007 000A 0005 0006 0003 0004 0005 0006 0007 000A 0005 0003 0009 000A 0005 0006 0007 0003 000D 0006 0007 000A 0005 0003 0009 000A 0005 0008 0007
0003 0004 0005 0006 0007 000A 0005 0003 0009 000A 0005 0006 0007 000A 0003 0017 0011 0012 000F 0010 0013 0004 0005 0006 0007 000A 0003 000C 0007 000A 0005 0006
0003 0009 000A 0005 0008 0007 000A 0003 000C 0008 000A 0005 0006 0007 0015 0001 0002 0002 0002 0002 0016 0009 000A 0005 0006 0007 0003 000D 0006 0007 000A 0005
0003 000C 0007 000A 0005 0006 0007 0003 0019 0010 0011 0012 000F 0010 0013 0004 0005 0006 0007 000A 0003 000C 0007 000A 0005 0006 0003 0004 0005 0006 0007 000A
0003 0019 0010 0011 0012 000F 0010 001A 0001 0002 0002 0002 0002 0002 0016 0009 0008 0005 0006 0007 0003 000D 0006 0008 000A 0005 0003 0009 000A 0005 0006 0007
001A 0001 0002 0002 0002 0002 0002 0016 0009 000A 0005 0006 0007 000A 0003 000C 0007 000A 0005 0006 0003 000E 000F 0010 0011 0012 0013 0017 0011 0012 0008 0010
0016 0009 000A 0005 0006 0007 000A 0003 000C 0007 000A 0005 0006 0007 0003 000D 0006 0007 000A 0005 0015 0001 0002 0002 0002 0002 0000 0001 0002 0002 0002 0002
0003 000C 0007 000A 0008 0006 0007 0003 000D 0008 0007 000A 0005 0006 0003 000E 000F 0010 0011 0012 0013 000C 0007 000A 0005 0006 0003 0004 0005 0006 0007 000A
0003 000D 0006 0007 000A 0005 0006 0003 0004 0005 0006 0007 000A 0005 0015 0001 0002 0002 0002 0002 0016 000D 0006 0007 000A 0005 0003 0009 000A 0005 0006 0007
0003 0004 0005 0006 0007 000A 0005 0003 0009 000A 0005 0006 0007 000A 0003 000C 0007 000A 0005 0006 0003 0004 0005 0006 0007 000A 0003 000C 0007 000A 0005 0006
0003 0009 000A 0005 0006 0007 000A 0003 0017 0011 0012 000F 0010 0011 0013 000D 0006 0008 000A 0005 0003 0009 000A 0005 0006 0007 0003 000D 0006 0007 000A 0005
0013 0017 0011 0012 000F 0010 0011 001A 0001 0002 0002 0002 0002 0002 0016 0004 0005 0006 0007 000A 0003 000C 0007 0008 0005 0006 0003 000E 000F 0010 0008 0012
0000 0001 0002 0002 0002 0002 0002 0016 0004 0005 0006 0007 000A 0005 001B 0009 000A 0005 0006 0007 0003 000D 0006 0007 000A 0005 0015 0001 0002 0002 0002 0002
0003 0004 0005 0006 0007 000A 0005 0003 0009 0008 0005 0006 0007 000A 001B 0017 0011 0012 000F 0010 0013 0004 0005 0006 0007 000A 0003 000C 0007 000A 0005 0006
0003 0009 000A 0005 0006 0007 000A 0003 000C 0007 000A 0005 0006 0007 0015 0001 0002 0002 0002 0002 0016 0014 0012 000F 0010 0011 0013 000D 0006 0007 000A 0005
0003 000C 0007 000A 0005 0008 000B 0003 000D 0006 0007 000A 0005 0006 0003 0004 0005 000B 0007 000A 0015 0001 0002 0002 0002 0002 0016 0004 0005 0006 0007 000A
0003 000D 0006 0007 000A 0005 0006 0003 000E 000F 0010 0011 0012 000F 0013 0009 000A 0005 0006 0007 0003 000D 0006 0007 000A 0005 0003 0009 000A 0005 0006 0007
0003 000E 000F 0010 0011 0012 000F 001A 0001 0002 0002 0002 0002 0002 0016 000C 0007 000A 0005 0006 0003 0004 0005 0006 0008 000A 0003 000C 0007 000A 0008 0006
001A 0001 0002 0002 0002 0002 0002 0016 000C 0007 000A 0005 0006 0007 0003 0019 0010 0011 0012 000F 0013 0009 000A 0005 0006 0007 0003 0019 0010 0011 0012 000F
0016 000C 0007 000A 0005 0006 0007 0003 000D 0008 0007 000A 0005 0006 0015 001C 0002 0002 0002 0002 0016 000C 0007 000A 0005 0006 0015 0001 0002 0002 0002 0002
0003 000D 0006 0007 000A 0005 0006 0003 0004 0005 0006 0007 000A 0005 0003 0009 000A 0005 0006 0007 0003 000D 0006 0007 000A 0005 0003 0009 000A 0005 0006 0007
0003 0004 0005 0006 0007 0008 0005 0003 0009 000A 0005 0006 0007 000A 0003 000C 0007 000A 0005 0006 0003 0004 0005 0006 0007 000A 0003 000C 0007 000A 0005 0006
0003 0009 000A 0005 0006 0007 000A 0003 000C 0007 000A 0005 0006 0007 0003 000D 0006 0007 000A 0005 0003 0009 000A 0005 0006 0007 0003 000D 0006 0008 000A 0005
0013 0017 0011 0012 000F 0010 0011 0013 0019 0010 0011 0012 000F 0010 0013 000E 000F 0008 0011 0012 0013 0008 0011 0012 000F 0010 0013 000E 000F 0010 0011 0012
