ATARI GAUNTLET PLAYFIELD 16X16 TILEMAP
SOURCE: level-110-playfield.png
GRID: 32 X 32
TILE_SIZE: 16 X 16
UNIQUE_TILES: 39

0000 0001 0002 0002 0002 0002 0002 0002 0002 0002 0002 0002 0002 0002 0002 0002 0002 0002 0002 0002 0002 0002 0002 0002 0002 0002 0002 0002 0002 0002 0002 0002
0003 0004 0005 0006 0007 0008 0005 0006 0007 0008 0005 0006 0007 0008 0005 0006 0007 0008 0005 0006 0007 0008 0005 0006 0007 0008 0005 0006 0007 0008 0005 0006
0009 000A 0008 000B 000C 000D 000E 000F 000C 000D 000E 000F 000C 000D 000E 000F 000C 000D 000E 000F 000C 000D 000E 000F 000C 000D 000E 000F 000C 000D 000E 000F
0010 0011 0007 0012 0002 0002 0002 0002 0002 0002 0002 0002 0002 0002 0002 0002 0002 0002 0002 0002 0002 0002 0002 0002 0002 0002 0002 0002 0002 0002 0002 0002
0009 0013 000C 000D 000E 000F 000C 0014 0008 0005 0006 0007 0008 0005 0006 0007 0008 0005 0006 0007 0008 0005 0006 0007 0008 0005 0006 0007 0008 000B 000C 000D
0000 0001 0002 0002 0002 0002 0015 0016 0007 0008 0005 0006 0007 0008 0005 0006 0007 0008 0005 0006 0007 0008 0005 0006 0007 0008 0005 0006 0007 0012 0002 0002
0003 000A 0008 0005 0006 0007 0008 0005 0006 0007 0008 0005 0006 0007 0008 0005 0006 0007 0008 0005 0006 0007 0008 0005 0006 0007 0008 0005 0006 0007 0008 0005
0003 0011 0007 0017 000F 000C 000D 000E 0018 0006 0007 0008 0005 0006 0007 0008 0005 0006 0007 0008 0005 0006 0007 0008 0005 0006 0007 0017 000F 000C 0014 0008
0003 0019 0006 0012 0002 0002 0002 0015 001A 0005 0006 0007 0008 0005 0006 0007 0008 0005 0006 0007 0008 0005 0006 0007 0008 0005 0006 0012 0002 0015 0016 0007
0003 0004 0005 0006 0007 0008 0005 0006 0007 0008 0005 0006 0007 0008 0005 0006 0007 0008 0005 0006 0007 0008 0005 0006 0007 0008 0005 0006 0007 0008 0005 0006
0009 001B 000E 000F 000C 000D 000E 0018 0006 0007 0008 0005 0006 0007 0008 0005 0006 0007 0008 0005 0006 0007 0008 0005 0006 0007 0008 0005 0006 001C 000E 000F
0000 0001 0002 0002 0002 0002 0015 001A 0005 0006 0007 0008 0005 0006 0007 0008 0005 0006 0007 0008 0005 0006 0007 0008 0005 0006 0007 0008 0005 0012 0002 0002
0003 0019 0006 0007 0008 0005 0006 0007 0008 0005 0006 0007 0008 0005 0006 0007 0008 0005 0006 0007 0008 0005 0006 0007 0008 0005 0006 0007 0008 0005 0006 0007
0003 0004 0005 001D 000D 000E 000F 000C 0014 0008 0005 0006 0007 0008 0005 0006 0007 0008 0005 0006 0007 0008 0005 0006 0007 0008 0005 001D 000D 000E 0018 0006
0003 000A 0008 0012 0002 0002 0002 0015 0016 0007 0008 0005 0006 0007 0008 0005 0006 0007 0008 0005 0006 0007 0008 0005 0006 0007 0008 0012 0002 0015 001A 0005
0003 0011 0007 0008 0005 0006 0007 0008 0005 0006 0007 0008 0005 0006 0007 0008 0005 0006 0007 0008 000B 001E 0007 0008 0005 0006 0007 0008 0005 0006 0007 0008
0009 0013 000C 000D 000E 000F 000C 0014 0008 0005 0006 0007 0008 0005 0006 0007 0008 0005 0006 0007 001F 0020 0006 0007 0008 0005 0006 0007 0008 000B 000C 000D
0000 0001 0002 0002 0002 0002 0015 0016 0007 0008 0005 0006 0007 0008 0005 0006 0007 0008 0005 0006 001C 0021 0005 0006 0007 0008 0005 0006 0007 0012 0002 0002
0003 000A 0008 0005 0006 0007 0008 000B 000C 0014 0008 0005 0006 0007 0008 0005 0006 0007 0008 0005 001F 0022 0008 0005 0006 0007 0008 0005 0006 0007 0008 0005
0003 0011 0007 0008 0005 0006 0007 0012 0023 0011 0007 0008 0005 0006 0007 0008 0005 0006 0007 0008 0005 0006 0007 0008 0005 0006 0007 0017 000F 000C 0014 0008
0003 0019 0006 0007 0008 0005 0006 0007 0003 0019 0006 0007 0008 0005 0006 0007 0008 0005 0006 0007 0008 0005 0006 0007 0008 0005 0006 0012 0002 0015 0016 0007
0003 0004 0005 0006 0007 0008 0005 0006 0003 0004 0005 0006 0007 0008 0005 0006 0007 0008 0005 0006 0007 0008 0005 0006 0007 0008 0005 0006 0007 0008 0005 0006
0003 000A 0008 0005 0006 0007 0008 0005 0003 001B 000E 000F 000C 000D 000E 000F 000C 000D 000E 000F 000C 000D 000E 000F 000C 000D 000E 0018 0006 0007 0008 0005
0003 0011 0007 0008 0005 0006 0007 0008 0024 0002 0002 0002 0002 0002 0002 0002 0002 0002 0002 0002 0002 0002 0002 0002 0002 0002 0015 001A 0005 0006 0007 0008
0003 0019 0006 0007 0008 0005 0006 0007 0008 0005 0006 0007 0008 0005 0006 0007 0008 0005 0006 0007 0008 0005 0006 0007 0008 0005 0006 0007 0008 0005 0006 0007
0009 0004 0005 0006 0007 0008 0005 001D 000D 000E 0018 0006 0007 0017 000F 000C 000D 000E 000F 000C 000D 000E 000F 000C 000D 000E 000F 000C 000D 000E 000F 000C
0010 000A 0008 0005 0006 0007 0008 0012 0002 0023 0004 0005 0006 0012 0002 0002 0002 0002 0002 0002 0002 0002 0002 0002 0002 0002 0002 0002 0002 0002 0002 0002
0003 0011 0007 0008 0005 0006 0007 0008 0005 0003 000A 0008 0005 0006 0007 0008 0005 0006 0007 0008 0005 0006 0007 0008 0005 0006 0007 0008 0005 0006 0007 0008
0003 0019 0006 0007 0008 0005 0006 0007 0008 0003 0025 000D 000E 000F 000C 000D 000E 000F 000C 000D 000E 000F 000C 000D 000E 000F 000C 000D 000E 000F 001E 0007
0003 0004 0005 0006 0007 0008 0005 0006 0007 0024 0002 0002 0002 0002 0002 0002 0002 0002 0002 0002 0002 0002 0002 0002 0002 0002 0002 0002 0002 0015 0020 0006
0003 000A 0008 0005 0006 0007 0008 0005 0006 0007 0008 0005 0006 0007 0008 0005 0006 0007 0008 0005 0006 0007 0008 0005 0006 0007 0008 0005 0006 0007 0008 0005
0009 0026 000D 000E 000F 000C 000D 000E 000F 000C 000D 000E 000F 000C 000D 000E 000F 000C 000D 000E 000F 000C 000D 000E 000F 000C 000D 000E 000F 000C 000D 000E
