ATARI GAUNTLET MOTION OBJECT 16X16 TILEMAP
SOURCE: level-090.png
GRID: 32 X 32
TILE_SIZE: 16 X 16
ATLAS_TILES: 1248
UNIQUE_PIXEL_TILES: 107
CONNECTED_OBJECT_GROUPS: 19

0000 0000 0000 0000 0000 0000 0000 0000 0027 0028 0029 0000 0000 0000 0000 002F 0030 0031 0000 0000 0000 0032 0033 0034 0000 0000 0000 0000 0000 0000 0000 0000
0000 0040 0000 0000 0000 0044 0045 0000 0047 0048 0049 0000 0000 0000 0000 004F 0050 0051 0000 0000 0000 0052 0053 0054 0055 0000 0000 0000 0037 0038 0039 0000
0000 0000 0061 0062 0063 0064 0065 0066 0000 0000 0000 0000 0000 0000 0000 0000 0000 0000 0000 0000 0000 0000 0000 0074 0075 0076 0000 0000 0057 0058 0059 005A
0000 0000 0081 0082 0083 0084 0085 0000 0000 0000 0000 0000 0000 0000 0000 0000 0000 0000 0000 0000 0000 0000 0000 0094 0095 0000 0000 0000 0077 0078 0079 007A
0000 0000 0000 0000 0000 00A4 00A5 00A6 00A7 00A8 00A9 0000 0000 0000 0000 0000 0000 0000 0000 0000 0000 0000 0000 00B4 00B5 00B6 0000 0000 0000 0000 0000 0000
0000 00C0 00C1 0000 00C3 00C4 0000 0000 00C7 00C8 00C9 0000 0000 0000 0000 0000 0000 0000 0000 0000 0000 0000 0000 0000 0000 0000 0000 003B 003C 003D 003E 0000
0000 00E0 00E1 00E2 00E3 00E4 00E5 0000 0000 00E8 00E9 00EA 00EB 00EC 00ED 0000 0000 0000 0000 01C0 01C1 01C2 01C3 01C4 01C5 0000 0000 005B 005C 005D 005E 005F
0000 0000 0101 0102 0103 0000 0000 0106 0107 0108 0109 010A 010B 010C 010D 010E 0000 0000 0000 01E0 01E1 01E2 01E3 01E4 01E5 01E6 0000 0000 0000 0000 0000 0000
01C8 0000 0121 0122 0123 0000 0000 0126 0127 0128 0000 0000 0000 0000 0000 0000 0000 0000 0000 0000 0000 0000 0000 0000 0205 0206 0207 0000 0000 0000 01CB 01CC
01E8 0000 0000 0000 0000 0000 0000 0146 0147 0000 0000 0000 0000 0000 0000 0000 0000 0000 0000 0000 0000 0000 0000 0000 0225 0226 0000 0000 0000 0000 01EB 01EC
0208 0209 020A 0000 0000 0000 0000 0166 0167 0168 0000 0000 0000 0000 0000 0000 0000 0000 0000 0000 0000 0000 0000 0000 0245 0246 0247 0000 0000 0000 0000 0000
0228 0229 022A 0000 0000 0000 0000 0186 0187 0000 0000 0000 0000 0000 0000 0000 0000 0000 0000 0000 0000 0000 0000 0000 0265 0266 0000 0000 0000 0000 0000 0000
0000 0000 0000 0000 0000 0000 0000 01A6 01A7 01A8 0000 0000 0000 0000 0000 0000 0000 0000 0000 0000 0000 0000 0000 0000 0285 0286 0287 0000 0000 0000 0000 0000
0000 0000 0000 0000 0000 0000 0000 0000 0000 0000 0000 0000 0000 0000 0000 0000 0000 0000 0000 0000 0000 0000 0000 0000 0000 0000 0000 0000 0000 0000 0000 0000
01CD 01CE 01CF 0000 0000 0000 0000 0000 0000 0000 0000 0000 0000 0000 0000 0000 0000 0000 0000 0000 0000 0000 0000 0000 0000 0000 0000 0000 0000 0000 01D0 01D1
01ED 01EE 01EF 0000 0000 0000 0000 0000 0000 0000 0000 0000 0000 0000 0000 0000 0000 0000 0000 0000 0000 0000 0000 0000 0000 0000 0000 0000 0000 0000 01F0 01F1
0000 0000 0000 0000 0000 0000 0000 0000 0000 0000 0000 0000 0000 0000 0000 0000 01D2 0000 0000 0000 0000 0000 0000 0000 0000 0000 0000 0000 0000 0000 0000 0000
0000 0000 0000 0000 0000 0000 0000 0000 0000 0000 0000 0000 0000 0000 0000 0000 0000 0000 0000 0000 0000 0000 0000 0000 0000 0000 0000 0000 0000 0000 0000 0000
0000 0000 0000 0000 0000 0000 0000 0000 0000 0000 0000 0000 0000 0000 0000 0000 0000 0000 0000 0000 0000 0000 0000 0000 0000 0000 0000 0000 0000 0000 0000 0000
01D3 01D4 01D5 0000 0000 0000 0000 02A5 02A6 0000 0000 0000 0000 0000 0000 0000 0000 0000 0000 0000 0000 0000 0000 0000 02B3 02B4 0000 0000 0000 0000 0000 0000
01F3 01F4 01F5 0000 0000 0000 0000 02C5 02C6 02C7 0000 0000 0000 0000 0000 0000 0000 0000 0000 0000 0000 0000 0000 0000 02D3 02D4 02D5 0000 0000 0000 02BB 02BC
0213 0000 0000 0000 0000 0000 0000 02E5 02E6 0000 0000 0000 0000 0000 0000 0000 0000 0000 0000 0000 0000 0000 0000 0000 02F3 02F4 0000 0000 0000 0000 02DB 02DC
0000 0000 0000 0000 0000 0000 0000 0305 0306 0307 0000 0000 0000 0000 0000 0000 0000 0000 0000 0000 0000 0000 0000 0000 0313 0314 0315 0000 0000 0000 0000 0000
0000 0000 0000 0000 0000 0000 0000 0325 0326 0000 0000 0000 0000 0000 0000 0000 0000 0000 0000 0000 0000 0000 0000 0000 0333 0334 0000 0000 0000 0000 0000 0000
0000 0000 0000 0000 0000 0000 0000 0345 0346 0347 0000 0000 0000 0000 0000 0000 0000 0000 0000 0000 0000 0000 0000 0000 0353 0354 0355 0000 0000 0000 0000 0000
0000 0000 0360 0361 0000 0000 0364 0365 0366 0367 0368 0369 036A 036B 0000 0000 0000 0000 036D 036E 036F 0370 0371 0372 0000 0000 0000 0000 0000 0000 0000 0000
0000 0000 0380 0381 0382 0383 0384 0385 0386 0387 0388 0389 038A 038B 038C 0000 0000 0000 038D 038E 038F 0390 0391 0392 0393 0000 0395 0396 0397 0398 0399 039A
0440 0000 0000 0000 0000 0000 03A4 03A5 0000 0000 0000 0000 0000 0000 0000 0000 0000 0000 0000 0000 0000 0000 0000 0000 0000 03B4 03B5 03B6 03B7 03B8 03B9 03BA
0000 0461 0462 0463 0464 0000 03C4 03C5 03C6 0000 0000 0000 0000 0000 0000 0000 0000 0000 0000 0000 0000 0000 0000 0000 0000 03D4 03D5 03D6 0000 0000 0000 0000
0000 0481 0482 0483 0484 0000 03E4 03E5 03E6 0000 0000 0000 0000 0000 0000 0000 0000 0000 0000 0000 0000 0000 0000 0000 0000 03F4 03F5 03F6 0000 0000 0000 0000
04A0 0000 04A2 04A3 04A4 0000 0404 0405 0406 0000 0000 0000 0000 0000 0000 0445 0446 0447 0000 0000 0000 0448 0449 044A 0000 0414 0415 0416 0000 0000 044B 044C
04C0 0000 0000 0000 0000 0000 0424 0425 0426 0000 0000 0000 0000 0000 0000 0465 0466 0467 0000 0000 0000 0468 0469 046A 0000 0434 0435 0436 0000 0000 046B 046C
