ATARI GAUNTLET PLAYFIELD 16X16 TILEMAP
SOURCE: level-017-playfield.png
GRID: 32 X 32
TILE_SIZE: 16 X 16
UNIQUE_TILES: 55

0000 0001 0002 0002 0002 0002 0002 0002 0002 0002 0002 0002 0002 0002 0003 0001 0002 0002 0002 0002 0002 0002 0002 0002 0002 0002 0002 0002 0003 0001 0002 0002
0004 0005 0006 0007 0008 0009 0006 0007 0008 0009 0006 0007 0008 0009 0004 000A 0008 0009 000B 000C 0008 0009 0006 0007 000D 000E 0006 0007 000F 0010 0006 0007
0004 0011 0009 0006 0012 0013 0014 0015 0016 0013 0014 0017 0007 0008 000F 0018 000C 000D 0019 0018 0016 001A 001B 0015 0019 001C 0014 0015 0016 001A 0009 0006
0004 000A 0008 001B 001D 0002 0002 0002 0002 0002 001E 001F 0017 0007 000D 0019 0020 0021 001C 001D 001E 0022 001D 001E 0020 0023 0002 0002 001E 0022 0013 000E
0004 0024 0007 0025 0005 0006 0007 0008 0009 0006 0007 0025 0005 0006 0025 0011 0009 0006 0025 0011 0009 0021 0026 0008 0009 0006 0007 0008 0009 0027 0028 0029
0004 0005 0006 0004 0011 0009 0006 0007 0008 0009 0006 0004 0011 001B 002A 0026 000D 000E 000F 0022 001A 001B 0017 0007 0008 0009 0006 0007 0008 0004 0024 0007
0004 0011 0009 0004 000A 0008 0009 0006 0007 0008 0009 0004 000A 0021 001F 0017 0021 0029 001B 0019 0026 0025 002B 0015 0016 0013 0014 0017 0007 0004 0005 0006
0004 000A 0008 0004 0024 0007 0008 0009 0006 0007 0008 0004 0024 0007 0025 0005 0006 0007 0025 0005 0006 002C 0001 0002 0002 0002 002D 0005 0006 000F 001C 000E
0004 0024 0007 0004 0005 0006 0007 0008 0009 0006 0007 0004 0005 000B 002A 0029 001B 0017 0004 0011 0009 0004 000A 0008 0009 0006 000F 0029 0009 000B 0019 0029
0004 0005 000B 002A 001C 000E 0006 0007 0008 0009 0006 0004 0011 0021 0018 000C 0021 0010 000F 0026 000D 002A 0020 0007 0008 0009 0006 0007 0008 0025 0024 0007
0004 0011 0025 0024 0021 001C 0014 0017 0007 0008 001B 002A 0026 0008 0025 0024 0007 0008 0009 000B 0019 0029 0009 0006 0012 0013 000E 000B 0016 002E 0005 0006
0004 000A 0004 0005 000B 001D 001E 0010 0006 0012 0019 0010 0006 0012 002E 002B 0015 0016 0013 0019 0020 0007 000D 0014 001D 001E 001C 001D 0002 002F 0030 000E
0004 0024 000F 001C 0019 0020 0007 0008 001B 0019 0026 0008 001B 001D 0031 0002 0002 0002 001E 0029 0009 000B 001D 001E 0010 0006 0021 0029 0009 002C 0028 0029
0004 0005 000B 0019 0029 001B 0017 0012 0019 0010 0006 0012 0019 0010 000B 0016 001A 0009 0006 0007 000D 0019 0020 0007 0008 0009 000B 000C 0008 0004 0024 0007
0004 0011 0025 0024 0007 0021 001F 0019 0026 000D 0014 0032 0033 001A 0023 001E 0022 0013 000E 0006 0025 0011 0009 0006 0012 0013 0019 0020 0007 0004 0005 0006
0004 000A 0004 0005 0006 0007 0021 001F 0017 0023 0003 0034 001E 0022 0013 000E 0023 001E 001C 0014 002E 000A 0008 001B 001D 001E 0029 0009 0006 0004 0011 0009
002E 0024 000F 001C 000E 000B 000C 0021 001F 0017 000F 001C 000E 0027 0028 001C 0014 0017 0023 0002 002F 0024 0007 0025 0005 0006 0007 0008 0009 0004 000A 000D
002F 0005 0006 0021 001C 0019 0020 0007 0025 002B 0017 0021 001C 002A 0020 0023 001E 001F 0015 000C 0004 0005 0006 0004 0011 0009 000B 0016 0013 002A 0020 0023
0004 0011 0009 0006 0021 0029 0009 000B 0035 001E 0010 000B 0019 0029 0009 0006 0007 0023 001E 0020 0004 0011 0009 0004 000A 0008 0023 0002 001E 0029 0009 0006
002E 0033 001A 0009 0006 0007 000D 0019 0020 0007 000D 0019 0020 0007 0008 001B 0015 0016 001A 0009 0004 000A 0008 0004 0024 0007 0008 0009 0006 0007 0008 001B
0000 0028 0022 001A 0009 000B 0019 0029 0009 000B 0019 0029 0009 0006 0012 001D 0002 001E 0022 0013 002E 0036 0036 002E 002B 0015 0016 0013 0014 0017 0012 001D
0004 0005 0021 0022 0013 0019 0020 0007 000D 0019 0020 0007 0008 001B 0019 0026 0008 0009 0023 0002 0031 0003 0001 0031 0002 0002 0002 0002 001E 001F 0019 0026
0004 0011 0009 0023 001E 0029 0009 000B 0019 001C 000E 0006 0007 0021 001F 0017 0012 0013 000E 0006 0007 0004 0005 0006 0007 0008 0009 0006 0007 0021 001F 0017
002E 000A 0008 0009 0006 0007 000D 0019 0020 0021 001C 000E 0006 0007 0025 0005 0023 001E 001C 000E 0006 0004 0011 0009 0006 0012 0013 0014 0017 0007 0021 001F
002F 0024 0007 000D 000E 0006 0021 0029 0009 0006 0021 001C 000E 0006 0004 0011 0009 0006 0025 0011 0009 000F 0022 001A 0009 0023 0002 001E 001F 0017 0007 0023
0004 0005 0006 0025 0011 0009 0006 0007 000D 000E 0006 0025 0011 0009 000F 0022 0013 000E 0004 000A 0008 0009 0021 0022 0013 0014 0015 000C 0021 001F 0017 0007
0004 0011 0009 0004 000A 0008 0009 000B 0019 0029 0009 0004 000A 0008 0009 0023 001E 0029 0004 0024 0007 000D 000E 0023 0002 0002 001E 0020 0007 0025 0005 0006
0004 000A 0008 0004 0024 0007 000D 0019 0020 0007 0008 0004 0024 0007 0008 0009 0006 0007 0004 0005 000B 0019 001C 000E 0006 0007 0008 0009 0006 0004 0011 0009
0004 0024 0007 000F 001F 0015 0019 001C 000E 0006 0012 002A 001F 0015 0016 0013 0014 0015 002E 0030 0019 0020 0021 001C 0014 0015 0016 0013 0014 002A 0026 0008
0004 0005 0006 0007 0023 001E 0020 0021 0029 0009 0021 0026 0023 0002 0002 0002 0002 0002 0031 001E 001C 0014 0015 001D 0002 0002 0002 0002 001E 0010 0006 0007
0004 0011 0009 0006 0007 0008 0009 0006 0007 0008 0009 0006 0007 0008 0009 0006 0007 0008 0009 0006 0023 0002 001E 0020 0007 0008 0009 0006 0007 0008 0009 0006
002E 0033 0013 0014 0015 0016 0013 0014 0015 0016 0013 0014 0015 0016 0013 0014 0015 0016 0013 0014 0015 0016 0013 0014 0015 0016 0013 0014 0015 0016 0013 0014
