ATARI GAUNTLET MOTION OBJECT 16X16 TILEMAP
SOURCE: level-084.png
GRID: 32 X 32
TILE_SIZE: 16 X 16
ATLAS_TILES: 1024
UNIQUE_PIXEL_TILES: 192
CONNECTED_OBJECT_GROUPS: 18

0020 0021 0022 0023 0000 0000 0000 0000 0000 0000 0000 0000 0000 0000 0000 0000 0000 01A0 01A1 0000 0000 0000 0000 0000 0000 0000 0000 01A3 01A4 01A5 01A6 0000
0040 0041 0042 0043 0000 0000 0000 0000 0000 0000 0000 0000 0000 0000 0000 0000 0000 01C0 01C1 01C2 0000 0000 0000 0000 0000 0000 0000 01C3 01C4 01C5 01C6 0000
0000 0000 0062 0063 0064 0065 0000 0000 0000 0000 0000 0000 0000 0000 0000 0000 0000 0000 0000 0000 0000 0000 0000 0000 0000 0000 0000 01E3 01E4 01E5 01E6 0000
0000 0000 0082 0083 0084 0085 0000 0000 0000 0000 0000 0000 0000 0000 0000 0000 0000 0000 0000 0000 0000 0000 0000 0000 0000 0000 0000 0203 0204 0205 0206 0000
0000 0000 00A2 00A3 00A4 00A5 0000 0000 0000 0000 0000 0000 0000 0000 0000 0000 0000 0000 0000 0000 0000 0000 0000 0000 0000 0000 0000 0000 0000 0000 0000 0000
0000 0000 00C2 00C3 00C4 00C5 0000 0000 0000 0000 0000 0000 0000 0000 0000 0000 0000 0000 0000 0000 0000 0000 0000 0000 0000 0000 0000 0000 0000 0000 0000 0000
0000 0000 0000 0000 00E4 00E5 00E6 00E7 0000 0000 0000 0000 0000 0000 0000 0000 0000 0000 0000 0000 0000 0000 0000 0000 0000 0000 0000 00FB 00FC 00FD 00FE 0000
0000 0000 0000 0000 0104 0105 0106 0107 0000 0000 0000 0000 0000 0000 0000 0000 0000 0000 0000 0000 0000 0000 0000 0000 0000 0000 0000 011B 011C 011D 011E 0000
0000 0000 0000 0000 0000 0000 0126 0127 0128 0000 012A 012B 012C 012D 012E 012F 0130 0131 0132 0133 0134 0135 0136 0137 0138 0139 013A 0000 0000 0000 0000 0000
0000 0000 0000 0000 0000 0000 0146 0147 0148 0149 014A 014B 014C 014D 014E 014F 0150 0151 0152 0153 0154 0155 0156 0157 0158 0159 015A 0000 0000 0000 0000 0000
0000 0000 0000 0000 0000 0000 0166 0167 0168 0169 0000 0000 0000 0000 0000 0000 0000 0000 0000 0000 0000 0000 0000 0000 0000 0000 0000 0000 0000 0000 0000 0000
0000 0000 0000 0000 0000 0000 0186 0187 0188 0189 0000 0000 0000 0000 0000 0000 0000 0000 0000 0000 0000 0000 0000 0000 0000 0000 0000 0000 0000 0000 0000 0000
0000 0000 0000 0000 0000 0000 0000 0000 0000 0000 0000 0000 0000 0000 0000 0000 0000 0000 0000 0000 0000 0000 0000 0000 0000 0000 0000 0000 01AA 01AB 01AC 0000
0000 0000 0000 0000 0000 0000 0000 0000 0000 0000 0000 0000 0000 0000 0000 0000 0000 0000 0000 0000 0000 0000 0000 0000 0000 0000 0000 0000 01CA 01CB 01CC 0000
01AE 0000 0000 0000 0000 0000 0000 0000 0000 0000 01AF 01B0 01B1 01B2 01B3 01B4 0000 0000 0000 0000 0000 0000 0000 0000 0000 0000 0000 0000 01EA 01EB 01EC 01ED
01CE 0000 0000 0000 0000 0000 0000 0000 0000 0000 01CF 01D0 01D1 01D2 01D3 01D4 0000 0000 0000 0000 0000 0000 0000 0000 0000 0207 0208 0209 020A 020B 020C 020D
01EE 0000 0000 0000 0000 0000 0000 0000 0000 0000 01EF 0000 0000 01F2 01F3 01F4 0000 0000 0000 0000 0000 0000 0000 0000 0000 0227 0228 0229 022A 022B 022C 022D
0000 0000 0000 0000 0000 0000 0000 01BC 01BD 0000 020F 0000 0211 0212 0213 0214 0000 0000 0000 0000 0000 0000 0000 0000 0000 0000 0000 0000 0000 0000 0000 0000
0000 01D6 01D7 01D8 01D9 01DA 01DB 01DC 01DD 0000 022F 0000 0231 0232 0233 0234 0000 0000 0000 0000 0000 0000 0000 0000 0000 0000 0000 0000 0000 0000 0000 0000
01F5 01F6 01F7 01F8 01F9 01FA 01FB 01FC 01FD 0000 024F 0000 0000 0252 0253 0254 0000 0000 0000 0000 0000 0000 0000 0000 0000 0000 0000 02A0 02A1 0000 02A3 02A4
0215 0216 0217 0218 0219 021A 021B 0000 0000 0000 026F 0270 0271 0272 0273 0274 0000 0000 0000 0000 0000 0000 0000 0000 0000 0000 0000 02C0 02C1 02C2 02C3 02C4
0235 0236 0237 0238 0239 023A 023B 023C 0000 0000 028F 0290 0291 0292 0293 0294 0000 02A5 02A6 0000 0000 0000 0000 0000 0000 0000 0000 0000 0000 02E2 02E3 02E4
0000 0000 0000 0000 0000 0000 0000 0000 0000 0000 0000 0000 0000 0000 0000 0000 0000 02C5 02C6 02C7 0000 0000 0000 0000 0000 0000 0000 0000 0000 0000 0000 0000
0000 0000 0000 02A8 02A9 02AA 02AB 02AC 02AD 02AE 0000 0000 0000 0000 0000 0000 0000 0000 0000 0000 0000 0000 0000 0000 0000 0000 0000 0000 0000 0000 0000 0000
0000 0000 0000 02C8 02C9 02CA 02CB 02CC 02CD 02CE 02CF 02D0 02D1 02D2 0000 0000 0000 0000 0000 0000 0000 0000 0000 0000 0000 02B3 02B4 0000 0000 0000 0000 0000
0000 02B6 0000 0000 02E9 02EA 02EB 02EC 0000 02EE 02EF 02F0 02F1 02F2 0000 0000 0000 0000 0000 0000 0000 0000 02B8 02B9 0000 02D3 02D4 02D5 0000 0000 0000 0000
0000 0000 0000 0000 0309 030A 030B 030C 0000 0000 0000 0000 0000 0000 0000 0000 0000 0000 0000 0000 0000 02D7 02D8 02D9 0000 0000 0000 0000 0000 0000 0000 0000
02BA 0000 0000 0328 0329 032A 0000 0000 0000 02BC 02BD 02BE 0000 0000 0000 0000 0000 0000 0000 0000 0000 0000 0000 0000 0000 0000 0361 0362 0000 0000 0363 0364
02DA 0000 0000 0348 0349 034A 0000 0000 0000 02DC 02DD 02DE 0000 0000 0000 0000 0000 0000 0000 0000 0000 0000 0366 0367 0000 0380 0381 0382 0000 0000 0383 0384
02FA 0000 0000 0000 0000 0000 0000 0000 0000 0000 0000 0000 0000 0000 0000 0000 0000 0000 0000 0000 0000 0385 0386 0387 0000 0000 0000 0000 0000 0000 03A3 03A4
031A 0000 0000 0000 0000 0000 0000 0000 0000 0000 0000 0000 0000 0000 0000 0000 0000 0000 0000 0000 0000 0000 0000 0000 0000 0000 0000 0000 0000 0000 03C3 03C4
033A 033B 0000 0000 0000 0000 0000 0000 0000 0000 0000 0000 0000 0000 0000 0000 0000 0000 0000 0000 0000 0000 0000 0000 0000 0000 0000 0000 0000 0000 03E3 03E4
