ATARI GAUNTLET PLAYFIELD 16X16 TILEMAP
SOURCE: level-008-playfield.png
GRID: 32 X 32
TILE_SIZE: 16 X 16
UNIQUE_TILES: 47

0000 0001 0000 0000 0000 0000 0000 0000 0002 0003 0000 0000 0000 0000 0000 0000 0000 0000 0000 0000 0000 0000 0001 0002 0003 0000 0000 0000 0000 0000 0000 0000
0004 0005 0006 0007 0004 0005 0006 0007 0008 0009 000A 0007 0004 0005 0006 0007 0004 0005 0006 0007 0004 0005 0006 0008 000B 000C 000D 000E 000F 0010 0006 0007
0007 0004 0005 0006 0007 0004 0005 0006 0007 0011 0012 0013 0014 000F 0010 0006 0007 0004 0005 0006 0007 0004 0005 0006 0015 0000 0000 0000 0016 000B 0017 000A
0013 0014 0018 0005 0006 0007 0004 0005 0006 0007 0015 0000 0000 0016 000B 0017 0013 0014 000F 0017 0013 0014 000F 0010 0006 0007 0004 0005 0006 0015 0016 0012
0000 0016 0019 000F 0017 000A 0007 0004 0005 0006 0007 0004 0005 0006 0015 0000 0000 0000 0000 0000 0000 0000 0016 000B 0010 0006 0007 0004 0005 0006 0007 0015
0004 0005 0015 0000 0016 0012 0013 0014 000F 0010 0006 0007 0004 0005 0006 0007 0004 0005 0006 0007 0004 0005 0006 0011 000B 0017 000A 0007 0004 0005 0006 0007
0007 0004 0005 0006 0007 0015 0000 0000 0016 000B 0017 0013 0014 000F 0017 0013 0014 000F 0010 0006 0007 0004 0005 0006 0015 0016 0012 000A 0007 0004 0005 0006
0006 0007 0004 0005 0006 0007 0004 0005 0006 0015 0000 0000 0000 0000 0000 0000 0000 0016 000B 0010 0006 0007 0004 0005 0006 0007 0011 0012 0013 0014 0018 0005
0010 0006 0007 0004 0005 0006 0007 0004 0005 0006 0007 0004 0005 0006 0007 0004 0005 0006 0011 000B 0010 0006 0007 0004 0005 0006 0007 0015 0000 0016 0019 000F
000B 0010 0006 0007 0004 0005 0006 0007 0004 0005 0006 0007 0004 0005 0006 0007 0004 0005 0006 0011 000B 0017 0013 001A 0004 0005 0006 0007 0004 0005 0015 0016
0011 000B 0017 0013 0014 000F 0017 0013 001A 0004 0005 0006 0007 0004 0005 0006 0007 0004 0005 0006 0015 0000 0016 001B 0014 000F 0017 0013 0014 0018 0005 0006
0006 0015 0000 0000 0000 0000 0000 001C 001D 0014 000F 0017 0013 0014 0018 0005 0006 0007 0004 0005 0006 0007 0004 0015 0000 0000 0000 0000 0016 0019 0018 0005
0010 0006 0007 0004 0005 0006 0007 001E 0000 0000 0000 0000 0000 001C 001F 000F 0017 0013 0014 000F 0010 0006 0007 0004 0005 0006 0007 0004 0005 0011 0019 000F
000B 0017 0013 0014 0018 0005 0006 0007 0004 0005 0006 0007 0004 001E 0000 0000 0000 0000 0000 0016 000B 0017 0013 0014 000F 0010 0006 0007 0004 0005 0015 0016
0015 0000 0000 0016 0019 000F 0010 0006 0007 0004 0005 0006 0007 0004 0005 0006 0007 0004 0005 0006 0015 0000 0000 0000 0016 000B 0017 0013 001A 0004 0005 0006
0006 0007 0004 0005 0015 0016 000B 0017 0013 0014 000F 0017 000A 0007 0004 0005 0006 0007 0004 0005 0006 0007 0004 0005 0006 0015 0000 0016 001B 0014 000F 0010
0017 000A 0007 0004 0005 0006 0015 0000 0000 0000 0000 0016 0012 000A 0007 0004 0005 0006 0007 0004 0005 0006 0007 0004 0005 0006 0007 0004 0015 0000 0016 000B
0016 0012 000A 0007 0004 0005 0006 0007 0004 0005 0006 0007 0011 0012 0013 0014 000F 0017 0013 0014 000F 0017 0013 0014 000F 0017 0013 001A 0004 0005 0006 0015
0007 0011 0012 0013 001A 0004 0005 0006 0007 0004 0005 0006 0007 0015 0000 0000 0000 0000 0000 0000 0000 0000 0000 0000 0000 0000 0016 001B 001A 0004 0005 0006
0006 0007 0015 0016 001B 0014 000F 0017 0013 0014 0018 0005 0006 0007 0004 0005 0006 0007 0004 0005 0006 0007 0004 0005 0006 0007 0004 0011 001B 0014 0018 0005
0010 0006 0007 0004 0015 0000 0000 0000 0000 0016 0019 000F 0017 0013 0014 000F 0017 0013 0014 0018 0005 0006 0007 0004 0005 0006 0007 0004 0015 0016 0019 000F
000B 0017 000A 0007 0004 0005 0006 0007 0004 0005 0015 0000 0000 0000 0000 0000 0000 0000 0016 0019 000F 0017 0013 0014 000F 0010 0006 0007 0004 0005 0015 0016
0015 0016 0012 000A 0007 0004 0005 0006 0007 0004 0005 0006 0007 0004 0005 0006 0007 0004 0005 0015 0000 0000 0000 0000 0016 000B 0017 0013 001A 0004 0005 0006
0006 0007 0011 0012 0013 0014 000F 0017 0013 0014 000F 0017 0013 0014 000F 0010 0006 0007 0004 0005 0006 0007 0004 0005 0006 0015 0000 0016 001B 001A 0004 0005
0010 0006 0007 0015 0000 0000 0000 0000 0000 0000 0000 0000 0000 0000 0016 000B 0017 000A 0020 0018 0005 0006 0007 0004 0005 0006 0007 0004 0011 001B 0014 000F
000B 0017 000A 0007 0004 0005 0006 0007 0004 0005 0006 0007 0004 0005 0006 0015 0016 0012 0021 0019 000F 0017 0013 0014 000F 0010 0006 0007 0004 0015 0000 0016
0015 0016 0012 0013 0014 000F 0017 0013 0014 000F 0017 0013 001A 0004 0005 0006 0007 0022 0023 0024 0003 0000 0000 0000 001C 0025 0010 0006 0007 0004 0005 0006
0006 0007 0015 0000 0000 0000 0000 0000 0000 0000 0000 0016 001B 0014 000F 0010 0006 001E 0000 0026 0027 0007 0004 0005 001E 001C 0028 0029 0013 0014 000F 0010
0010 0006 0007 0004 0005 0006 0007 0004 0005 0006 0007 0004 0015 0000 0016 000B 0017 0013 0014 000F 0010 0006 0007 0004 0005 002A 0023 0024 0003 0000 0016 000B
000B 0017 0013 0014 000F 0010 0006 0007 0004 0005 0006 0007 0004 0005 0006 0015 0000 0000 0000 0016 000B 0017 0013 001A 0004 001E 0000 0026 002B 0005 0006 0011
0015 0002 0003 0000 0016 002B 0005 0006 0007 0004 0005 0006 0007 0004 0005 0006 0007 0004 0005 0006 0015 0000 001C 002C 0007 0004 0005 0006 0007 0004 0005 0006
0013 002D 0025 0017 0013 0014 000F 0017 0013 0014 000F 0017 0013 0014 000F 0017 0013 0014 000F 0017 0013 0023 002D 002E 0013 0014 000F 0017 0013 0014 000F 0017
