ATARI GAUNTLET MOTION OBJECT 16X16 TILEMAP
SOURCE: level-094.png
GRID: 32 X 32
TILE_SIZE: 16 X 16
ATLAS_TILES: 1216
UNIQUE_PIXEL_TILES: 219
CONNECTED_OBJECT_GROUPS: 22

0020 0021 0022 0000 0000 0000 0000 0000 0000 0000 0000 0000 0000 0000 0000 0000 002B 002C 002D 002E 002F 0030 0031 0032 0033 0034 0035 0036 0000 0000 0000 0000
0040 0041 0042 0000 0000 0045 0046 0047 0000 0000 0000 003C 003D 003E 0000 0000 004B 004C 004D 004E 004F 0050 0051 0052 0053 0054 0055 0056 0057 0058 0059 0000
0000 0000 0000 0063 0064 0065 0066 0067 0000 0000 005B 005C 005D 005E 0000 0000 0000 0000 006D 006E 006F 0070 0071 0072 0073 0074 0075 0076 0077 0078 0079 007A
0080 0081 0082 0083 0084 0085 0086 0000 0000 0000 0000 007C 007D 007E 0000 0000 0000 0000 008D 008E 008F 0090 0091 0092 0093 0094 0095 0096 0097 0098 0099 009A
00A0 00A1 00A2 00A3 00A4 00A5 0000 0000 0000 0000 0000 0000 0000 0000 0000 0000 0000 0000 0000 0000 0000 0000 0000 0000 0000 0000 0000 0000 0000 00B8 00B9 00BA
00C0 0000 00C2 00C3 00C4 00C5 00C6 00C7 0000 0000 01C0 01C1 01C2 0000 0000 0000 0000 0000 0000 0000 0000 0000 01CB 01CC 01CD 0000 0000 0000 0000 00D8 00D9 00DA
00E0 0000 0000 0000 0000 00E5 00E6 00E7 0000 0000 01E0 01E1 01E2 01E3 01E4 01E5 01E6 0000 0000 0000 0000 01EA 01EB 01EC 01ED 0000 0000 0000 0000 0000 00F9 00FA
0000 0000 0000 0000 0000 0105 0106 0107 0000 0000 0000 0201 0202 0203 0204 0205 0206 0000 0000 0000 0000 020A 020B 020C 0000 0000 0000 0000 0000 0000 0000 0000
0000 0000 0000 0000 0000 0125 0126 0127 0000 0000 0000 0000 0000 0000 0000 0000 0000 0000 0227 0228 0229 0000 0000 0000 0000 0000 01CE 01CF 01D0 0000 0000 0000
0000 0000 0000 0000 0144 0145 0146 0000 0000 0000 0000 0000 0000 0000 0000 0000 0000 0000 0247 0248 0249 0000 0000 0000 0000 0000 01EE 01EF 01F0 0000 0000 0000
0000 0000 0000 0000 0164 0165 0166 0000 0000 0000 0000 0000 0000 0000 0000 0000 0000 0000 0000 0000 0000 0000 0000 0000 0000 0000 0000 0000 0000 0000 0000 0000
0000 0000 0000 0000 0000 0185 0186 0187 0188 0189 018A 0000 0000 0000 0000 0000 0000 0000 0000 0000 0000 0000 0000 0000 0000 0000 01D1 01D2 01D3 0000 0000 0000
0000 0000 0000 0000 0000 01A5 01A6 01A7 01A8 01A9 01AA 0000 0000 0000 026A 026B 026C 0000 0000 0000 026D 026E 026F 0000 0000 0000 01F1 01F2 01F3 0000 0000 0000
0000 0000 0000 0000 0000 0000 0000 0000 0000 0000 0000 0000 0000 0000 028A 028B 028C 0000 0000 0000 028D 028E 028F 0000 0000 0000 0000 0000 0000 0000 0000 0000
0000 0000 0000 0000 02A0 02A1 02A2 0000 0000 0000 0000 0000 02A8 02A9 02AA 0000 0000 0000 0000 0000 0000 0000 0000 0000 0000 0000 0000 0000 0000 0000 0000 0000
0000 0000 0000 0000 02C0 02C1 02C2 0000 0000 0000 0000 0000 02C8 02C9 02CA 0000 0000 0000 0000 0000 0000 0000 0000 0276 0277 0000 0000 0000 0000 0000 0000 0000
0000 0000 0000 0000 0000 0000 02E2 02E3 02E4 02E5 02E6 02E7 02E8 02E9 0000 0000 0000 0290 0291 0292 0293 0294 0295 0000 0000 0000 0000 0000 0000 0000 0000 0000
0278 0279 0000 0000 0000 0000 0000 0000 0000 0000 0000 0307 0308 0309 030A 0000 0000 02B0 02B1 02B2 02B3 02B4 02B5 0000 0000 0000 0000 0000 0000 0000 027A 027B
0298 0000 0000 0000 0000 0000 0000 0000 0000 0000 0326 0327 0328 0329 032A 032B 0000 0000 0000 0000 0000 0000 0000 0000 0000 0000 0000 0000 0000 0000 029A 029B
02B8 0000 0000 0000 0000 0000 0000 0000 0000 0000 0000 0347 0348 0349 034A 034B 0000 0000 0000 0000 0000 0000 0000 0000 0000 0000 0000 0000 0000 0000 02BA 02BB
02D8 0000 0000 0000 0000 0000 0000 0000 0000 0000 0000 0000 0368 0369 036A 0000 0000 0000 0000 0385 0386 0387 0000 0000 0000 0388 0389 038A 0000 0000 02DA 02DB
02F8 0000 0000 0000 0000 0000 0000 0000 0000 038E 038F 0000 0000 0000 0000 0000 0000 0000 0000 03A5 03A6 03A7 0000 0000 0000 03A8 03A9 03AA 0000 0000 02FA 02FB
0000 0000 0000 0000 0000 0000 0000 03AC 03AD 03AE 03AF 0000 0000 0000 0000 0000 0000 0000 0000 03C5 0000 0000 0000 0000 0000 0000 0000 0000 0000 0000 0000 0000
0000 0000 0000 0000 0000 0000 03CB 03CC 03CD 0000 0000 0000 0000 0000 0000 0000 0000 0000 0000 03E5 0000 0000 0000 0000 0000 0000 0000 0000 0390 0391 0392 0000
0000 0000 0000 0000 0000 0000 03EB 03EC 03ED 0000 0000 0000 0000 0000 0000 0000 0402 0403 0404 0000 0000 0000 0000 0000 0000 0000 0000 0000 03B0 03B1 03B2 0000
0000 0000 0393 0000 0000 0000 040B 040C 040D 0000 0000 0000 0000 0000 0420 0421 0422 0423 0424 0000 0000 0000 0000 0000 0000 0000 0000 0000 0000 0000 0000 0000
0000 0000 0000 0000 0000 0000 0000 0000 0000 0000 0000 0000 0000 0000 0440 0441 0442 0000 0000 0000 0000 0000 0000 0000 0000 0000 0000 0000 0000 0000 0000 0000
0000 0000 0000 0000 0395 0396 0000 0000 0000 0000 0000 0000 0000 0000 0000 0000 0000 0000 0000 0000 0000 0000 0000 0000 0000 0399 039A 039B 039C 0000 0000 0000
0000 0000 0000 03B4 03B5 03B6 03B7 0000 0000 0000 0000 0000 0000 0000 0000 0000 0000 0000 0000 0000 0000 0000 0000 0000 0000 03B9 03BA 03BB 03BC 03BD 0000 0000
0460 0000 0000 03D4 03D5 03D6 03D7 03D8 0000 0000 0000 0000 0000 0000 0000 0000 0000 0000 0000 0000 0000 0000 0000 0000 0000 0000 0000 0000 0000 0000 03DE 03DF
0480 0000 0000 0000 0000 0000 0000 0000 0000 0000 0000 0000 0000 0000 0000 0000 0462 0463 0464 0465 0466 0000 0000 0000 0000 0000 0000 0000 0000 03FD 03FE 03FF
04A0 04A1 0000 0000 0000 0467 0000 0000 0000 0000 0000 0000 0000 0000 0000 0000 0482 0483 0484 0485 0486 0000 0000 0000 0000 0000 0000 0000 0000 041D 041E 041F
