ATARI GAUNTLET MOTION OBJECT 16X16 TILEMAP
SOURCE: level-059.png
GRID: 32 X 32
TILE_SIZE: 16 X 16
ATLAS_TILES: 864
UNIQUE_PIXEL_TILES: 163
CONNECTED_OBJECT_GROUPS: 24

0020 0021 0022 0023 0024 0025 0026 0027 0028 0029 0000 0000 0000 0000 0000 0000 0000 0000 0000 0000 0000 0000 0000 0000 0000 0000 0000 0000 0000 0000 002E 002F
0040 0041 0042 0043 0044 0045 0046 0047 0048 0049 0000 0000 004C 004D 0000 0000 0000 0030 0031 0032 0000 0000 0000 0000 0000 0000 0034 0035 0036 0000 004E 004F
0060 0061 0062 0063 0064 0065 0066 0067 0068 0069 006A 006B 006C 006D 0000 0000 0000 0050 0051 0052 0053 0000 0000 0000 0000 0000 0054 0055 0056 0000 0000 0000
0080 0081 0082 0083 0084 0085 0000 0000 0088 0089 008A 008B 008C 008D 0000 0000 0000 0000 0071 0072 0073 0000 0000 0000 0000 0000 0000 0000 0000 0000 0000 0000
00A0 00A1 00A2 00A3 00A4 0000 0000 0000 0000 0000 0000 0000 0000 0000 0000 0000 0000 0000 0000 0000 0000 0000 0000 0000 0000 0000 0000 0000 0000 0000 0000 0000
00C0 00C1 00C2 00C3 00C4 0000 0000 0000 0000 0000 0000 0000 0000 0000 0000 0000 0000 0000 0000 0000 0000 0000 0000 0000 0000 0000 0000 003B 003C 003D 0000 0000
00E0 00E1 00E2 00E3 00E4 0000 0000 0000 0000 0000 0000 0000 0000 0000 0000 0000 0000 0000 0000 0000 0000 0000 0000 0000 0000 0059 005A 005B 005C 005D 0000 0000
0100 0101 0102 0103 0104 0000 0000 0000 0140 0141 0142 0000 0000 0000 0000 0000 0000 0000 0000 0000 0000 0000 0000 0000 0000 0079 007A 007B 0000 0000 0000 0000
0120 0121 0122 0123 0124 0000 0000 0000 0160 0161 0162 0163 0164 0000 0000 0145 0000 0000 0000 0000 0000 0000 0000 0000 0098 0099 0000 0000 0000 0000 0000 0000
0000 0000 0000 0000 0000 0000 0000 0000 0000 0000 0182 0183 0184 0000 0000 0000 0000 0000 0000 0000 0000 0000 0000 00B7 00B8 00B9 0000 0000 0000 0000 0000 0000
0000 0000 0000 0000 0000 0000 0000 0000 0000 01A1 0000 0000 0000 0000 0000 0000 0000 0000 0000 0000 0000 0000 0000 0000 0000 0000 0000 0000 0000 0000 0000 0000
0000 0000 0000 0000 0000 0000 0000 0000 0000 01C1 0000 0000 0000 0000 0000 0000 0000 0000 0000 0146 0147 0148 0000 0000 0000 0000 0000 0000 0000 0000 0000 0000
0000 0000 0000 0000 0000 0000 0000 0000 0000 0000 0000 0000 0000 0000 0000 0000 0000 0000 0000 0166 0167 0168 0000 0000 0000 0000 0000 0000 014A 014B 014C 0000
0000 0000 0000 0000 0000 014E 014F 0150 0000 0000 0000 0000 0000 0000 0000 0000 0000 0000 0000 0000 0000 0000 0000 0000 0000 0000 0000 0169 016A 016B 016C 0000
0000 0000 0000 0000 0000 016E 016F 0170 0171 0172 0173 0000 0154 0155 0156 0000 0157 0158 0159 0000 0000 0000 0000 0000 0000 0000 0000 0189 018A 018B 0000 0000
0000 0000 0000 0000 0000 018E 018F 0190 0191 0192 0193 0000 0174 0175 0176 0000 0177 0178 0179 0000 0000 0000 0000 0000 0000 0000 0000 0000 0000 0000 0000 0000
0000 0000 0000 0000 0000 01AE 01AF 01B0 0000 0000 0000 0000 0000 0000 0000 0000 0000 0000 0000 0000 0000 0000 0000 0000 0000 0000 0000 0000 0000 0000 0000 0000
0000 0000 0000 0000 0000 01CE 01CF 01D0 0000 0000 0000 0000 0000 0000 0200 0201 0202 0000 0000 0000 0000 0000 0208 0209 020A 0000 0000 0000 0000 0000 0000 0000
0000 0000 0000 0000 01ED 01EE 01EF 0000 0000 0000 0000 0000 0000 0000 0220 0221 0222 0223 0224 0225 0000 0000 0228 0229 022A 022B 022C 0000 020D 020E 020F 0000
0000 0000 0000 0000 0000 0000 0000 0000 0000 0000 0000 0000 0000 0000 0000 0000 0000 0243 0244 0245 0246 0000 0000 0000 024A 024B 024C 0000 022D 022E 022F 0000
0000 0000 0000 0000 0000 0000 0000 0210 0211 0212 0000 0000 0000 0000 0000 0000 0000 0000 0264 0265 0266 0267 0000 0000 0000 0000 0000 0000 0000 0000 0000 0000
0000 0000 0000 0000 0000 0000 0000 0230 0231 0232 0000 0000 0000 0000 0000 0000 0000 0000 0000 0285 0286 0287 0000 0000 0000 0000 0000 0000 0000 0000 0000 0000
0000 0000 0000 0000 0000 0000 0000 0000 0000 0000 0000 0000 0000 0000 0213 0214 0215 0000 0000 0000 0000 0000 0000 0216 0217 0218 0000 0000 0000 0000 0000 0000
0000 0000 0000 0000 0000 0000 0000 0000 0000 0000 0000 0000 0000 0000 0233 0234 0235 0000 0000 0000 0000 0000 0000 0236 0237 0238 0000 0000 0000 0000 0000 0000
0000 0000 0000 0000 0000 0000 0000 0000 0000 0000 0000 0000 0000 0000 0000 0000 0000 0000 0000 0000 0000 0000 0000 0000 0000 0000 0000 0000 0000 0000 0000 0000
0000 0000 0000 0000 0000 0000 0000 0000 0000 0000 0000 0000 0000 0000 0000 0000 0000 0000 0000 0000 0000 0000 0000 0000 0000 0000 0000 0000 0000 0000 0000 0000
0000 0000 0000 0000 0219 021A 021B 021C 021D 0000 0000 0000 0000 0000 0000 0000 0000 02A5 02A6 0000 0000 0000 0000 0000 0000 0000 0000 0000 0000 0000 0000 0000
0000 0000 0000 0000 0239 023A 023B 023C 023D 0000 0000 0000 0000 0000 0000 0000 02C4 02C5 02C6 0000 0000 0000 0000 0000 0000 0000 0000 0000 0000 02A7 02A8 02A9
0000 0000 0000 0000 0000 0000 0000 0000 0000 0000 0000 0000 0000 0000 0000 02E3 02E4 02E5 0000 0000 0000 0000 02AA 02AB 02AC 0000 0000 0000 0000 02C7 02C8 02C9
0000 0000 0000 0000 0000 0000 0000 0000 0000 0000 0000 0000 0000 0000 0000 0303 0304 0305 0000 0000 0000 0000 02CA 02CB 02CC 0000 0000 0000 0000 0000 0000 0000
02AD 02AE 02AF 0000 0000 0000 0000 0000 0000 0000 0000 0000 0320 0321 0322 0000 0000 0000 0000 0000 0000 0000 0000 0000 0000 0000 0000 02B0 02B1 02B2 0000 0000
02CD 02CE 02CF 0000 0000 0000 0000 0000 0000 0000 0000 0000 0340 0341 0342 0000 0000 0000 0000 0000 0000 0000 0000 0000 0000 0000 0000 02D0 02D1 02D2 0000 0000
