ATARI GAUNTLET PLAYFIELD 16X16 TILEMAP
SOURCE: level-049-playfield.png
GRID: 32 X 32
TILE_SIZE: 16 X 16
UNIQUE_TILES: 45

0000 0001 0002 0002 0002 0002 0002 0002 0002 0002 0002 0002 0002 0002 0002 0002 0003 0001 0002 0002 0002 0002 0002 0002 0002 0002 0002 0002 0002 0002 0002 0002
0004 0005 0006 0007 0008 0009 0006 0007 0008 0009 0006 0007 0008 0009 0006 0007 000A 000B 0006 0007 0008 0009 0006 0007 0008 0009 0006 0007 0008 0009 0006 0007
0004 000C 0009 0006 0007 0008 0009 0006 0007 0008 0009 0006 0007 0008 0009 0006 0007 0008 0009 0006 0007 0008 0009 0006 0007 0008 0009 0006 0007 0008 0009 0006
0004 000D 000E 000F 0010 0011 0008 0012 0010 0013 000E 000F 0010 0013 000E 000F 0010 0013 000E 000F 0010 0013 000E 000F 0010 0013 000E 000F 0010 0011 0008 0009
0014 0001 0002 0002 0015 0016 0007 0017 0002 0002 0002 0002 0002 0002 0002 0002 0003 0001 0002 0002 0002 0002 0002 0002 0002 0002 0002 0002 0018 0019 0007 0008
0004 0005 001A 0011 0004 0005 0006 0007 0008 0009 0006 0007 0008 0009 0006 0007 0004 0005 0006 0007 0008 0009 0006 0007 0008 0009 0006 0007 0008 0009 0006 0007
0004 000C 001B 0016 0004 000C 0009 0006 0007 0008 0009 0006 0007 0008 0009 0006 0004 000C 0009 0006 0007 0008 0009 0006 0007 0008 0009 0006 001C 001D 0009 0006
0004 001E 0004 0005 0004 001E 0008 0009 001A 0013 000E 000F 0010 0013 000E 000F 001F 001E 0008 0012 0010 0013 000E 000F 0010 0011 0008 0009 001B 001E 0008 0009
0004 0016 0004 000C 0004 0016 0007 0008 0020 0001 0002 0002 0002 0002 0002 0002 0021 0016 0007 0017 0002 0002 0002 0002 0015 0016 0007 0008 0004 0016 0007 0008
0004 0005 0004 001E 0004 0005 0006 0007 0004 0005 0006 0007 0008 0009 0006 0007 000A 000B 0006 0007 0008 0009 0006 0007 0004 0005 0006 0007 0004 0005 0006 0007
0004 000C 0004 0016 0004 000C 0009 0006 0004 000C 0009 0006 0007 0008 0009 0006 0007 0008 0009 0006 0007 0008 0009 0006 0004 000C 0009 0006 0004 000C 0009 0006
0004 001E 0004 0005 0004 001E 0008 0009 0004 001E 0008 0009 001A 0013 000E 0022 0006 0007 0023 000F 0010 0011 0008 0009 0004 001E 0008 0009 0004 001E 0008 0009
0004 0016 0004 000C 0004 0016 0007 0008 0004 0016 0007 0008 0020 0001 0018 0024 0009 0006 0017 0002 0015 0016 0007 0008 0004 0016 0007 0008 0004 0016 0007 0008
0004 0005 0004 001E 0004 0005 0006 0007 0004 0005 0006 0007 0004 0005 0006 0007 0008 0009 0006 0007 0004 0005 0006 0007 000A 000B 0006 0007 0004 0005 0006 0007
0004 000C 0004 0016 0004 000C 0009 0006 0004 000C 0009 0006 000A 0024 0009 0006 0007 0008 0009 0006 000A 0024 0009 0006 0007 0008 0009 0006 0004 000C 0009 0006
001F 001E 0004 0005 0004 001E 0008 0012 001F 000D 001D 0009 0006 0007 0008 0009 0006 0007 0008 0009 0006 0007 0008 0012 0010 0013 000E 000F 001F 001E 0023 000F
0021 0016 0004 000C 0004 0016 0007 0017 0000 0025 0026 0008 0009 0006 0007 0008 0009 0006 0007 0008 0009 0006 0007 0017 0003 0001 0002 0002 0021 0016 0020 0001
0004 0005 0004 001E 0004 0005 0006 0007 0004 0005 0006 0007 0023 0022 0006 0007 0008 0009 0006 0007 0023 0022 0006 0007 0004 0005 0006 0007 0004 0005 0004 0027
0004 000C 0004 0016 0004 000C 0009 0006 0004 000C 0009 0006 001B 000C 0009 0006 0007 0008 0009 0006 001B 000C 0009 0006 0004 000C 0009 0006 0004 000C 0004 0016
0004 001E 0004 0005 0004 001E 0008 0009 0004 001E 0008 0009 0004 000D 000E 0022 0006 0007 0023 000F 001F 001E 0008 0009 0004 001E 0008 0009 0004 001E 0004 0005
0004 0016 0004 000C 0004 0016 0007 0008 0004 0016 0007 0008 0028 0002 0018 0024 0009 0006 0017 0002 0029 0019 0007 0008 0004 0016 0007 0008 0004 0016 0004 000C
0004 0005 0004 001E 0004 0005 0006 0007 0004 0005 0006 0007 0008 0009 0006 0007 0008 0009 0006 0007 0008 0009 0006 0007 0004 0005 0006 0007 0004 0005 0004 001E
0004 000C 0004 0016 0004 000C 0009 0006 0004 000C 0009 0006 0007 0008 0009 0006 001C 001D 0009 0006 0007 0008 0009 0006 0004 000C 0009 0006 0004 000C 0004 0016
0004 001E 0004 0005 0004 001E 0008 0009 0004 000D 000E 000F 0010 0013 000E 000F 002A 000D 000E 000F 0010 0013 000E 000F 001F 001E 0008 0009 0004 001E 0004 0005
0004 0016 0004 000C 000A 0019 0007 0008 0028 0002 0002 0002 0002 0002 0002 0002 0000 0001 0002 0002 0002 0002 0002 0002 0029 0019 0007 0008 000A 0019 0004 000C
0004 0005 0004 001E 0008 0009 0006 0007 0008 0009 0006 0007 0008 0009 0006 0007 000A 000B 0006 0007 0008 0009 0006 0007 0008 0009 0006 0007 0008 0009 0004 001E
0004 000C 0004 0016 001C 001D 0009 0006 0007 0008 0009 0006 0007 0008 0009 0006 0007 0008 0009 0006 0007 0008 0009 0006 0007 0008 0009 0006 001C 001D 0004 0016
0004 001E 0004 002B 002A 000D 000E 000F 0010 0013 000E 000F 0010 0013 000E 000F 0010 0013 000E 000F 0010 0013 000E 000F 0010 0013 000E 000F 002A 000D 001F 0005
0004 0016 0028 0002 002C 0002 0002 0002 0002 0002 0002 0002 0002 0002 0002 0002 0002 0002 0002 0002 0002 0002 0002 0002 0002 0002 0002 0002 002C 0002 0029 0024
0004 0005 0006 0007 0008 0009 0006 0007 0008 0009 0006 0007 0008 0009 0006 0007 0008 0009 0006 0007 0008 0009 0006 0007 0008 0009 0006 0007 0008 0009 0006 0007
0004 000C 0009 0006 0007 0008 0009 0006 0007 0008 0009 0006 0007 0008 0009 0006 0007 0008 0009 0006 0007 0008 0009 0006 0007 0008 0009 0006 0007 0008 0009 0006
001F 000D 000E 000F 0010 0013 000E 000F 0010 0013 000E 000F 0010 0013 000E 000F 0010 0013 000E 000F 0010 0013 000E 000F 0010 0013 000E 000F 0010 0013 000E 000F
