ATARI GAUNTLET MOTION OBJECT 16X16 TILEMAP
SOURCE: level-056.png
GRID: 32 X 32
TILE_SIZE: 16 X 16
ATLAS_TILES: 1344
UNIQUE_PIXEL_TILES: 226
CONNECTED_OBJECT_GROUPS: 18

0000 0000 0020 0021 0022 0000 0000 0024 0025 0026 0000 0000 0000 0029 002A 002B 0000 0000 002D 002E 002F 0000 0000 0000 0036 0037 0038 0039 003A 0000 0000 0000
0000 0000 0040 0041 0042 0000 0000 0044 0045 0046 0000 0000 0000 0049 004A 004B 0000 0000 004D 004E 004F 0000 0000 0000 0056 0057 0058 0059 005A 0000 0000 0000
0000 0000 0000 0000 0000 0000 0063 0064 0065 0066 0067 0068 0000 0069 006A 006B 0000 006C 006D 006E 006F 0000 0074 0075 0076 0077 0078 0000 0000 007B 007C 0000
0160 0161 0162 0163 0164 0000 0000 0000 0000 0000 0000 0000 0000 0000 0000 0000 0000 0000 0000 0000 0000 0000 0000 0000 0096 0097 0098 0099 009A 009B 009C 009D
0180 0181 0182 0183 0184 0185 0186 0187 0188 0189 0000 0000 0000 0000 0000 0000 0171 0172 0173 0000 0000 00B3 00B4 00B5 00B6 00B7 00B8 00B9 00BA 00BB 00BC 00BD
01A0 0000 0000 0000 01A4 01A5 01A6 01A7 01A8 01A9 0000 0000 0000 0000 0000 0000 0191 0192 0193 0000 0000 00D3 00D4 00D5 00D6 00D7 00D8 00D9 00DA 00DB 00DC 00DD
0000 0000 0000 0000 0000 01C5 01C6 01C7 0000 01C9 01CA 01CB 0000 0000 0000 0000 0000 0000 0000 0000 00F2 00F3 00F4 0000 0000 0000 0000 0000 0000 0000 0000 0000
0000 0175 0000 0000 0000 0000 0000 0000 0000 01E9 01EA 01EB 0000 0000 0000 0000 0000 0000 0000 0000 0112 0113 0114 0000 0000 0000 0000 0000 0000 0000 0000 0000
0000 0195 0000 0000 0000 0000 0000 0000 0000 0000 0000 020B 020C 020D 020E 020F 0210 0000 0130 0131 0132 0133 0134 0000 0000 0000 0000 0000 0000 0179 017A 017B
01B4 0000 01B6 01B7 01B8 0000 0000 0000 0000 0000 0000 022B 022C 022D 022E 022F 0230 0000 0150 0151 0152 0153 0000 0000 0000 0000 0000 0000 0000 0199 019A 019B
01D4 01D5 01D6 01D7 01D8 0000 0000 0000 0000 0000 0000 0000 0000 0000 0000 0000 0000 0000 0000 0000 0000 0000 0000 0000 0000 0000 0000 0000 0000 0000 01BA 01BB
01F4 01F5 01F6 0000 0000 0000 0000 0000 0000 0000 0000 0000 0000 0000 0000 0000 0000 0000 0000 0000 0000 0000 0000 0000 0000 0000 0000 0000 0000 0000 0000 0000
0000 0000 0000 0217 0218 0000 0000 0260 0261 0262 0263 0000 0000 0000 0000 0000 0000 0000 0000 0000 0000 0000 0000 0000 0000 0000 0000 026A 026B 026C 0000 0000
0000 0235 0236 0237 0238 0000 0000 0280 0281 0282 0283 0284 0285 0286 0287 0000 0000 0000 026F 0270 0271 0000 0000 0000 0000 0288 0289 028A 028B 028C 0000 0000
0000 0255 0256 0257 0258 0000 0000 0000 0000 0000 0000 02A4 02A5 02A6 02A7 0000 0000 0000 028F 0290 0291 0292 0293 0000 0000 02A8 02A9 02AA 02AB 02AC 02AD 02AE
0000 0000 0000 0000 0000 0000 0000 0000 0000 0000 0000 0000 0000 0000 0000 0000 0000 0000 0000 0000 02B1 02B2 02B3 0000 0000 0000 02C9 02CA 02CB 02CC 02CD 02CE
0000 0000 0000 0000 0000 0000 0000 0000 0000 0276 0277 0278 0000 0000 0000 0000 027E 0000 0000 0000 02D1 02D2 02D3 0000 0000 0000 0000 0000 0000 02EC 02ED 02EE
03C0 03C1 03C2 03C3 0000 0000 0000 0294 0295 0296 0297 0298 0000 0000 0000 0000 0000 0000 02EF 02F0 02F1 02F2 02F3 0000 0000 0308 0309 030A 0000 030C 030D 030E
03E0 03E1 03E2 03E3 03E4 0000 0000 02B4 02B5 02B6 02B7 02B8 0000 0000 02BB 02BC 02BD 0000 030F 0310 0311 0312 0313 0000 0000 0328 0329 032A 0000 032C 032D 032E
0400 0000 0402 0403 0404 0000 0000 0000 0000 02D6 02D7 02D8 0000 02DA 02DB 02DC 02DD 0000 0000 0000 0331 0332 0333 0000 0000 0348 0349 034A 034B 034C 034D 034E
0000 0000 0422 0423 0424 0000 0000 0000 0000 02F6 02F7 02F8 0000 02FA 02FB 02FC 0000 0000 0000 0350 0351 0352 0000 0000 0000 0000 0369 036A 036B 036C 0000 0000
0000 0000 0442 0443 0444 0000 0000 0000 0000 0316 0317 0318 0000 031A 031B 031C 0000 0000 0000 0370 0371 0372 0000 0000 0000 0000 0000 0000 0000 0000 0000 0000
0000 0000 0000 0000 0000 0000 0000 0000 0000 0336 0337 0338 0339 0000 0000 0000 0000 0000 0000 0000 0000 0000 0000 0000 0000 0000 0000 0000 0000 0000 0000 0000
0000 0000 0000 0000 0000 0000 0000 0000 0000 0000 0357 0358 0359 0000 0000 0000 0000 0000 0000 0000 0000 0000 0000 0000 03CA 03CB 0000 0000 0000 0000 0000 0000
0000 0000 0000 0000 0000 0000 0000 0000 0000 0000 0377 0378 0379 0000 0000 0000 0000 0000 0000 0000 0000 0000 0000 0000 03EA 03EB 0000 0000 0000 0000 0000 0000
03D2 03D3 03D4 03D5 03D6 0000 0000 0000 0000 0000 0000 0000 0399 039A 039B 0000 0000 0000 0000 0000 0000 0407 0408 0409 040A 040B 040C 040D 0000 040F 0410 0411
03F2 03F3 03F4 03F5 03F6 0000 0000 0000 0000 0000 0000 0000 03B9 03BA 03BB 0000 0000 0000 0000 0000 0426 0427 0428 0429 042A 042B 042C 042D 042E 042F 0430 0431
0000 0000 0000 0000 0000 0000 0000 0000 0000 0000 0000 0000 0000 0000 0000 0000 0000 0000 0000 0000 0446 0447 0448 0000 0000 0000 044C 044D 044E 044F 0450 0451
0000 0000 0000 0000 0000 0000 0000 0000 0000 0000 0000 0000 0000 0000 0000 0000 0000 0000 0000 0000 0466 0467 0468 0000 0000 0000 0000 046D 046E 046F 0470 0471
0000 0000 0000 04E1 04E2 04E3 04E4 04E5 04E6 04E7 04E8 04E9 04EA 0000 0000 0000 0000 0000 0000 0000 0486 0487 0488 0489 048A 048B 048C 0000 048E 048F 0490 0491
0000 0000 0500 0501 0502 0503 0504 0505 0506 0507 0508 0509 050A 0000 0000 0000 0000 0000 0000 04A5 04A6 04A7 04A8 04A9 04AA 04AB 04AC 0000 04AE 04AF 04B0 0000
0000 0000 0520 0521 0522 0000 0000 0000 0000 0527 0528 0529 0000 0000 0000 0000 0000 0000 0000 04C5 04C6 04C7 0000 0000 0000 0000 0000 0000 04CE 04CF 04D0 0000
