ATARI GAUNTLET MOTION OBJECT 16X16 TILEMAP
SOURCE: level-066.png
GRID: 32 X 32
TILE_SIZE: 16 X 16
ATLAS_TILES: 1216
UNIQUE_PIXEL_TILES: 165
CONNECTED_OBJECT_GROUPS: 24

0000 0000 0000 0000 0000 0000 0000 0000 0000 0000 0000 0000 0000 0000 0000 0000 0000 0000 0000 0000 0000 0000 0000 0000 0000 0000 0000 0000 0000 0000 0000 0000
0000 0000 0000 0000 0000 0000 0000 0000 0020 0021 0022 0023 0000 0000 0000 0000 0000 0000 0000 0000 0000 0000 0024 0025 0026 0027 0000 0000 0000 0000 0000 0000
0000 0000 0000 002F 0030 0000 0000 0000 0040 0041 0042 0043 0000 0000 0000 0000 0031 0000 0000 0000 0000 0000 0044 0045 0046 0047 0000 0000 0000 004B 0000 0000
0000 0000 004E 004F 0050 0000 0000 0000 0060 0061 0062 0000 0000 0000 0000 0000 0000 0000 0000 0032 0000 0000 0000 0065 0066 0067 0000 0000 006A 006B 0000 0000
0000 0000 0000 0000 0070 0000 0000 0000 0080 0000 0082 0000 0000 0033 0000 0000 0000 00EF 0000 0052 0000 0000 0000 0085 0000 0087 0088 0089 008A 008B 0000 0000
0000 0000 0000 0000 0000 0000 0000 0000 0000 0000 0000 0000 0000 0000 0000 0000 010E 010F 0000 0072 0000 0000 0000 0000 0000 0000 00A8 00A9 00AA 00AB 00AC 00AD
00F0 00F1 00F2 0000 0000 0000 00F4 00F5 0000 0000 0000 0129 012A 012B 0000 0000 012E 0000 0000 0000 0000 0000 0000 0000 0000 0000 0000 0000 0000 00CB 00CC 00CD
0110 0111 0112 0000 0000 0113 0114 0115 0000 0000 0000 0149 014A 014B 014C 014D 0000 0000 0000 0000 0000 0000 00F8 0000 0000 0000 0000 0000 0000 0000 0000 0000
0000 0000 0000 0000 0000 0000 0000 0135 0000 0000 0000 0169 0000 016B 016C 016D 0000 0000 0000 0000 0000 0117 0118 0000 011A 0000 0000 0000 00FB 0000 0000 0000
0000 0280 0281 0282 0000 0000 0000 0000 0000 0000 0000 0189 018A 018B 0000 0000 0000 0000 0000 0000 0136 0137 0138 0139 013A 0000 0000 0000 011B 011C 011D 0000
0000 02A0 02A1 02A2 0000 0000 0000 0000 0000 0000 0000 01A9 01AA 01AB 0000 0000 0284 0000 0000 0000 0156 0157 0158 0159 0000 0000 0000 0000 013B 013C 013D 0000
0000 0000 0000 0000 0000 0000 0000 01C5 01C6 0000 0000 01C9 0000 0000 0000 02A3 02A4 02A5 0000 0000 0176 0177 0178 0000 0000 0000 0000 0000 015B 0000 0000 0000
0000 0000 0000 0000 01E2 01E3 01E4 01E5 01E6 01E7 01E8 0000 0000 0000 0000 02C3 02C4 02C5 0000 0000 0196 0197 0198 0000 0000 0000 028C 0000 0000 0000 0000 0000
0000 0000 0000 0000 0202 0203 0204 0205 0206 0207 0208 0000 0000 0000 0000 0000 02E4 0000 0000 0000 0000 01B7 0000 0000 0000 02AB 02AC 0000 0000 0000 0000 0000
0000 0000 0000 0221 0222 0000 0224 0225 0226 0000 0000 0000 0000 0000 0000 0000 0000 0305 0000 0000 0000 0000 0000 0000 0000 02CB 0000 0000 0000 0000 0000 0000
0000 0000 0240 0241 0242 0000 0244 0245 0246 0000 0291 0292 0293 0000 0000 0323 0000 0325 0000 0000 0000 0000 0000 0000 02EA 02EB 0000 0000 0295 0296 0297 0298
0000 0000 0000 0000 0262 0000 0000 0000 0000 0000 02B1 02B2 02B3 0000 0000 0343 0344 0345 0346 0000 0000 0000 0000 0309 030A 030B 0000 0000 02B5 02B6 02B7 02B8
0000 0000 0000 0000 0000 0000 0000 02CE 0000 0000 0000 02D2 02D3 02D4 0000 0363 0364 0365 0366 0000 0000 0000 0000 0329 0000 0000 0000 0000 02D5 02D6 0000 0000
0299 029A 029B 0000 0000 0000 0000 02EE 02EF 02F0 02F1 02F2 02F3 02F4 0000 0383 0000 0385 0386 0387 0388 0000 0000 0000 0000 0000 0000 0000 02F5 0000 0000 0000
02B9 02BA 02BB 0000 0000 0000 030D 030E 030F 0310 0311 0312 0313 0314 0000 03A3 03A4 03A5 03A6 03A7 03A8 0000 0000 0000 0000 0000 0000 0000 0000 0000 0000 0000
0000 0000 0000 0000 0000 0000 032D 032E 0000 0000 0331 0332 0333 0000 0000 0000 03C4 0000 0000 0000 0000 0000 0000 0000 0000 0000 0000 0000 0000 0000 0000 0000
0000 029C 029D 029E 0000 0000 0000 034E 034F 0350 0351 0000 0000 0000 0000 0000 0000 0000 0000 0000 0000 0000 03E7 0000 03E9 0000 0000 0000 03EC 0000 0000 0000
0000 02BC 02BD 02BE 0000 0000 0000 036E 036F 0370 0371 0000 0000 0000 0000 0000 0000 0000 0000 0000 0000 0000 0407 0408 0409 0000 0000 0000 040C 040D 0000 0000
0000 0000 0000 0000 0000 0000 0000 0000 0000 0000 0000 0000 0000 0000 0000 0000 0421 0000 0423 0424 0425 0000 0427 0428 0429 042A 042B 0000 042C 042D 0000 0000
0000 0000 0000 0000 0000 0000 0000 03EF 03F0 03F1 0000 0000 0000 0000 0000 0440 0441 0442 0443 0444 0445 0446 0447 0448 0449 044A 044B 0000 044C 0000 0000 0000
0000 0000 0000 0000 0000 0000 040E 040F 0410 0411 0000 0000 0000 0000 0000 0460 0461 0462 0463 0464 0000 0000 0000 0000 0000 0000 0000 0000 0000 0000 0000 0000
0000 0000 0000 0000 0000 0000 042E 0000 0000 0000 0000 0000 0000 0000 0000 0480 0481 0482 0000 0000 0000 0000 0000 0000 0000 0000 0000 0000 0000 0000 0000 0000
0000 0000 0000 0000 03F4 0000 0000 0000 0000 0000 0000 0000 0000 0000 0000 04A0 0000 04A2 0000 0000 0000 0000 0000 0000 0000 0000 0000 0000 03F5 03F6 03F7 03F8
0000 0000 0412 0413 0414 0000 0000 0000 0000 0000 0000 0000 0000 0000 0000 0000 0000 0000 0000 0000 0000 0000 0000 0000 0000 0000 0000 0000 0415 0416 0417 0418
0000 0000 0432 0433 0434 0000 0000 0000 0000 0000 0000 0000 0000 03F9 03FA 03FB 03FC 03FD 03FE 03FF 0000 0000 0000 0000 0000 0000 0000 0000 0435 0436 0437 0000
0000 0000 0000 0000 0000 0000 0000 0000 0000 0000 0000 0000 0000 0419 041A 041B 041C 041D 041E 041F 0000 0000 0000 0000 0000 0000 0000 0000 0000 0000 0000 0000
0000 0000 0000 0000 0000 0000 0000 0000 0000 0000 0000 0000 0000 0000 043A 043B 043C 043D 043E 0000 0000 0000 0000 0000 0000 0000 0000 0000 0000 0000 0000 0000
