ATARI GAUNTLET MOTION OBJECT 16X16 TILEMAP
SOURCE: level-029.png
GRID: 32 X 32
TILE_SIZE: 16 X 16
ATLAS_TILES: 1728
UNIQUE_PIXEL_TILES: 205
CONNECTED_OBJECT_GROUPS: 6

0020 0000 0000 0000 0000 0000 0000 0000 0000 0000 0000 0000 0000 0000 0000 0000 0000 0000 0000 0000 0000 0000 0000 0000 0000 0000 0000 0000 023A 023B 023C 023D
0040 0000 0000 0000 0000 0000 0000 0000 0000 0000 0000 0000 0000 0000 0000 0000 0000 0000 0000 0000 0000 0000 0000 0000 0000 0000 0000 0000 025A 025B 025C 025D
0060 0000 0000 0261 0262 0263 0264 0000 0000 0000 0268 0269 026A 0000 0000 0000 0000 0000 0000 0000 0000 0000 0000 0000 0000 0000 0000 0000 027A 027B 027C 027D
0080 0000 0280 0281 0282 0283 0284 0000 0000 0000 0288 0289 028A 0000 0000 0000 0000 0000 0000 0000 0000 0000 0000 0000 0000 0000 0000 0000 029A 029B 029C 029D
00A0 0000 0000 0000 02A2 02A3 02A4 0000 02A6 02A7 02A8 0000 0000 02AB 02AC 02AD 0000 02AF 02B0 02B1 02B2 02B3 02B4 02B5 02B6 02B7 02B8 02B9 02BA 02BB 02BC 02BD
00C0 0000 0000 0000 02C2 02C3 02C4 0000 02C6 02C7 02C8 0000 02CA 02CB 02CC 02CD 02CE 02CF 02D0 02D1 02D2 02D3 02D4 02D5 02D6 02D7 02D8 02D9 02DA 02DB 02DC 02DD
00E0 0000 0000 0000 0000 0000 02E4 02E5 02E6 0000 0000 0000 0000 0000 0000 0000 0000 0000 0000 0000 0000 0000 02F4 02F5 02F6 02F7 02F8 02F9 02FA 0000 02FC 02FD
0100 0000 0000 0000 0000 0000 0304 0305 0306 0000 0000 0000 0000 0000 0000 0000 0000 0000 0000 0000 0000 0000 0314 0315 0316 0317 0318 0000 0000 0000 031C 031D
0120 0000 0000 0000 0000 0000 0324 0325 0326 0000 0000 0329 032A 0000 032C 032D 032E 0000 0000 0000 0000 0000 0000 0000 0336 0337 0338 0000 0000 0000 033C 033D
0140 0000 0000 0000 0000 0000 0344 0345 0346 0000 0348 0349 034A 034B 034C 034D 034E 0000 0000 0000 0000 0000 0000 0000 0356 0357 0358 0000 0000 0000 035C 035D
0000 0161 0162 0163 0164 0000 0364 0365 0366 0000 0000 0369 036A 036B 036C 036D 0000 0000 0000 0371 0372 0373 0000 0000 0000 0000 0000 0000 0000 0000 0000 0000
0180 0181 0182 0183 0184 0000 0384 0385 0386 0000 0388 0389 038A 038B 038C 038D 0000 0000 0000 0391 0392 0393 0000 0000 0000 0000 0000 0000 0000 0000 0000 0000
01A0 01A1 01A2 01A3 01A4 0000 03A4 03A5 03A6 03A7 03A8 03A9 03AA 03AB 03AC 03AD 0000 0000 03B0 03B1 03B2 0000 0000 0000 0000 0000 0000 0000 0000 0000 0000 0000
01C0 01C1 01C2 01C3 01C4 0000 03C4 03C5 03C6 03C7 03C8 03C9 03CA 03CB 03CC 03CD 0000 0000 03D0 03D1 03D2 0000 0000 0000 0000 0000 0000 0000 0000 0000 0000 0000
01E0 01E1 01E2 01E3 01E4 0000 0000 0000 03E6 03E7 03E8 0000 03EA 03EB 03EC 0000 03EE 03EF 03F0 03F1 0000 0000 0000 0000 0000 0000 0000 0000 0000 0000 0000 0000
0200 0201 0202 0203 0204 0000 0000 0000 0000 0000 0000 0000 040A 040B 040C 0000 040E 040F 0410 0411 0412 0000 0000 0000 0000 0000 0000 0000 0000 0000 0000 0000
0000 0000 0000 0000 0000 0000 0000 0000 0000 0000 0000 0000 042A 042B 042C 0000 0000 0000 0000 0000 0000 0000 0000 0000 0000 0000 0000 0000 0000 0000 0000 0000
0000 0000 0000 0000 0000 0000 0000 0000 0000 0000 0000 0000 044A 044B 044C 0000 0000 0000 0000 0000 0000 0000 0000 0000 0000 0000 0000 0000 0000 0000 0000 0000
0000 0000 0000 0000 0000 0000 0000 0000 0000 0000 0000 0000 046A 046B 046C 046D 046E 0000 0000 0000 0000 0000 0000 0000 0000 0000 0000 0000 0000 0000 0000 0000
0000 0000 0000 0000 0000 0000 0000 0000 0000 0000 0000 0000 0000 0000 048C 048D 048E 0000 0000 0000 0000 0000 0494 0495 0496 0000 0000 0000 0000 0000 0000 0000
0000 0000 0000 0000 0000 0000 0000 0000 0000 0000 0620 0621 0622 0000 0000 0000 04AE 04AF 04B0 04B1 04B2 0000 04B4 04B5 04B6 0000 0000 0000 0000 0000 0000 0000
0000 0000 0000 0000 0000 0000 0000 0000 0000 0000 0640 0641 0642 0000 0000 0000 04CE 04CF 04D0 04D1 04D2 0000 0000 04D5 04D6 0000 0000 0000 0000 04DB 0000 0000
0000 0000 0000 0000 0000 0000 0000 0000 0000 0000 0000 0000 0000 0000 04EC 04ED 04EE 04EF 04F0 04F1 0000 0000 04F4 04F5 04F6 04F7 0000 0000 04FA 04FB 04FC 0000
0000 0000 0000 0000 0623 0624 0625 0000 0000 0000 0000 0000 0000 0000 050C 050D 050E 050F 0510 0511 0512 0000 0514 0515 0516 0000 0000 0000 051A 051B 051C 0000
0000 0000 0000 0000 0643 0644 0645 0000 0000 0000 0000 0529 052A 052B 052C 052D 0000 0000 0000 0000 0000 0000 0000 0000 0536 0537 0538 0539 053A 053B 053C 0000
0000 0000 0000 0000 0000 0000 0000 0000 0000 0000 0000 0549 054A 054B 054C 054D 0000 0000 0000 0000 0000 0553 0000 0000 0556 0557 0558 0559 055A 055B 055C 0000
0000 0000 0000 0000 0000 0000 0000 0000 0000 0000 0000 0000 0000 0000 0000 0000 056E 056F 0570 0571 0572 0573 0574 0575 0576 0577 0578 0000 057A 057B 057C 057D
0626 0000 0000 0000 0000 0000 0000 0000 0000 0000 0000 0000 0000 0000 0000 058D 058E 058F 0590 0591 0592 0593 0594 0595 0596 0597 0598 0599 0000 0000 059C 059D
0646 0000 0000 0000 0000 0000 0000 0000 0000 0000 0000 0000 0000 0000 0000 0000 05AE 05AF 05B0 05B1 05B2 05B3 05B4 05B5 05B6 05B7 05B8 0000 05BA 05BB 05BC 05BD
0666 0000 0000 0000 0000 0000 0000 0000 0000 0000 0000 0000 0000 0000 0000 05CD 05CE 05CF 05D0 05D1 05D2 05D3 05D4 05D5 05D6 05D7 05D8 05D9 05DA 05DB 05DC 05DD
0686 0000 0627 0000 0000 0000 0000 0000 0000 0000 0000 0000 0000 0000 0000 0000 05EE 05EF 05F0 05F1 05F2 05F3 05F4 05F5 05F6 0000 0000 0000 05FA 05FB 05FC 05FD
06A6 0000 0000 0000 0000 0000 0000 0000 0000 0000 0000 0000 0000 0000 0000 060D 060E 060F 0610 0611 0612 0613 0614 0615 0616 0000 0000 0619 061A 061B 061C 061D
