ATARI GAUNTLET PLAYFIELD 16X16 TILEMAP
SOURCE: level-014-playfield.png
GRID: 32 X 32
TILE_SIZE: 16 X 16
UNIQUE_TILES: 45

0000 0001 0002 0003 0003 0003 0003 0003 0003 0003 0003 0003 0003 0003 0003 0003 0003 0003 0003 0003 0003 0003 0003 0003 0003 0003 0003 0003 0003 0003 0003 0003
0004 0005 0006 0007 0008 0009 0006 0007 0008 0009 0006 0007 0008 0009 0006 0007 0008 0009 0006 0007 0008 0009 0006 0007 0008 0009 000A 000B 000C 000D 000E 0007
000F 0010 0011 000E 0007 0008 0009 0006 0007 0008 0009 0006 0007 0008 0009 0006 0007 0008 0009 0006 0007 0008 0009 0006 0007 0008 0012 0001 0003 0013 0014 0015
0016 0017 0018 0005 0006 0007 0008 0009 0006 0007 0008 0009 0006 0007 0008 0009 0006 0007 0019 000D 001A 000B 000C 000D 001A 000B 000F 0005 0006 001B 0001 0003
0004 001C 0004 0010 0009 0006 0007 0008 0009 0006 0007 0008 0009 0006 0007 0008 0009 000A 001D 0003 0003 0003 0003 0003 0003 0003 0016 0010 0009 0004 0017 0008
0004 0005 0004 001E 000C 000D 001A 000B 000C 000D 001A 000B 000C 000D 001A 001F 0008 0018 001C 0007 0008 0009 0006 0007 0019 000D 000F 0017 0008 0004 001C 0007
0004 0010 001B 0001 0003 0003 0003 0003 0003 0003 0003 0003 0003 0003 0020 0021 0007 0004 0005 0006 0007 0008 0009 0006 0022 0003 0023 0021 0007 0024 0025 0006
0004 0017 0004 0005 0006 0007 0008 0009 0006 0007 0008 0009 0006 0007 0008 0009 0006 0004 0010 0009 0006 0007 0008 0009 0006 0007 0008 0009 0006 0007 0008 0009
000F 001C 0004 0010 0009 0006 0007 0008 0009 0006 0007 0008 0009 0006 0007 0008 0009 0004 0017 0008 0009 0006 0007 0008 0009 000A 000B 000C 000D 001A 000B 000C
0016 0005 0004 0017 0008 0009 0006 0007 0008 0009 0006 0007 0019 000D 001A 000B 000C 000F 0026 000B 000C 0027 000A 001F 0008 0012 0001 0003 0028 0001 0003 0003
0004 0010 0004 001C 0007 0008 0009 0006 0007 0008 0009 000A 001D 0003 0003 0003 0003 0000 0001 0003 0020 0029 0018 001C 0007 0004 0005 0006 0004 0010 0009 0006
0004 0017 0004 0005 0006 0007 0008 0009 0006 0007 0008 0018 001C 0007 0008 0009 0006 0004 0010 0009 0006 0007 0004 0005 0006 0004 0010 0009 0004 0017 0008 0009
0004 001C 0004 0010 0009 0006 0007 0008 0009 0006 0007 0004 0005 0006 0007 0008 0009 0004 001E 000C 000D 000E 0004 0010 0009 0004 0017 0008 0004 001C 0007 0008
0004 0005 0004 0017 0008 0009 0006 0007 0008 0009 0006 0004 0010 0009 0006 0007 0008 002A 0003 0003 0020 0025 0004 0017 0008 0004 001C 0007 0004 0005 0006 0007
0004 0010 0004 001C 0007 0008 0009 0006 0007 0008 0009 0004 0017 0008 0009 0006 0007 0008 0009 0006 0007 0008 0004 001C 0007 0024 0025 0006 0004 0010 0009 0006
0004 0017 0004 0005 0006 0007 0008 0009 0006 0007 0008 0004 001C 0007 0008 0009 0006 0007 0008 0009 0006 0007 0004 0005 0006 0007 0008 0009 0004 0017 0008 0009
0004 001C 0004 0010 0009 0006 0007 0008 0009 0006 0007 0004 0005 0006 0007 0008 0009 0006 0007 0008 0009 0006 0004 0010 0009 0006 0007 0008 0024 0021 0007 0008
0004 0005 0004 0017 0008 0009 0006 0007 0008 0009 0006 0004 0010 0009 0006 0007 0008 0009 0006 0007 0008 0009 0004 001E 000C 000D 001A 000B 000C 000D 001A 001F
0004 0010 0004 001C 0007 0008 0009 0006 0007 0008 0009 0004 0017 0008 0009 0006 0007 0008 0009 0006 0007 0008 001B 0001 0003 0003 0003 0003 0003 0003 0020 0021
0004 0017 0004 0005 0006 0007 0008 0009 0006 0007 0008 0024 002B 000B 000C 000D 001A 000B 000C 0027 0006 0007 0004 0014 001A 000B 000C 000D 001A 000B 000C 0027
0004 001C 0004 0010 0009 0006 0007 0008 0009 0006 0007 0008 0022 0003 0003 0003 0003 0003 0013 0010 0009 0006 001B 0001 0003 0003 0003 0003 0003 0003 0020 0029
000F 0005 0004 0017 0008 0009 0006 0007 0008 0009 0006 0007 0008 0009 0006 0007 0008 0009 0004 0017 0008 0009 0004 001E 000C 000D 001A 000B 000C 000D 001A 000B
0016 0010 0004 001C 0007 0008 0009 0006 0007 0008 0009 0006 0007 0008 0009 0006 0007 0008 0004 001C 0007 0008 002A 0003 0003 0003 0003 0003 0003 0003 0003 0003
0004 0017 0004 0005 0006 0007 0008 0009 0006 0007 0008 0009 0006 0007 0008 0009 0006 0007 0004 0005 0006 0007 0008 0009 0006 0007 0008 0011 000E 0007 0008 0009
0004 001C 0004 0010 0009 0006 0007 0008 0009 0006 0007 0008 0009 0006 0007 0008 0009 0006 0004 0010 0009 0006 0007 0008 0009 0006 0007 0018 0005 0006 0007 0008
0004 0005 0004 0017 0008 0009 0006 0007 0008 0009 0006 0007 0008 0009 0006 0007 0008 0009 0004 001E 000C 000D 001A 000B 000C 000D 000E 0004 0010 0009 0006 0007
0004 0010 0004 001C 0007 0008 0009 0006 0007 0008 0009 0006 0007 0008 0009 0006 0007 0008 001B 0001 0003 0003 0003 0003 0003 0020 0025 0004 0017 0008 0009 0006
0004 0017 0004 0014 001A 000B 000C 000D 001A 000B 000C 000D 001A 001F 0019 000D 001A 000B 000F 0014 001A 000B 000C 000D 001A 000B 000C 002C 0021 0007 0008 0009
0004 001C 001B 0001 0003 0028 0001 0003 0003 0003 0003 0003 0020 0021 0022 0003 0003 0003 0002 0003 0003 0003 0003 0003 0003 0003 0020 0029 0009 0006 0007 0008
0004 0005 0004 0017 0008 0004 001C 0007 0008 0009 0006 0007 0008 0009 0006 0007 0008 0009 0006 0007 0008 0009 0006 0007 0008 0009 0006 0007 0008 0009 0006 0007
0004 0010 0004 001C 0007 0024 0025 0006 0007 0008 0009 0006 0007 0008 0009 0006 0007 0008 0009 0006 0007 0008 0009 0006 0007 0008 0009 0006 0007 0008 0009 0006
000F 001E 000F 0014 001A 000B 000C 000D 001A 000B 000C 000D 001A 000B 000C 000D 001A 000B 000C 000D 001A 000B 000C 000D 001A 000B 000C 000D 001A 000B 000C 000D
