ATARI GAUNTLET MOTION OBJECT 16X16 TILEMAP
SOURCE: level-061.png
GRID: 32 X 32
TILE_SIZE: 16 X 16
ATLAS_TILES: 1056
UNIQUE_PIXEL_TILES: 210
CONNECTED_OBJECT_GROUPS: 25

0020 0021 0022 0023 0024 0000 0000 0000 0000 0000 0026 0027 0028 0029 002A 0000 0000 0000 0000 0000 0000 0000 0000 0000 0000 0000 002C 002D 002E 0000 0000 0000
0040 0041 0042 0043 0044 0045 0000 0000 0000 0000 0046 0047 0048 0049 004A 004B 0000 0000 0000 0000 0000 0000 0032 0033 0034 0000 004C 004D 004E 004F 0050 0051
0060 0061 0062 0063 0064 0065 0000 0000 0000 0000 0000 0000 0000 0069 006A 006B 0000 0000 0000 0000 0000 0000 0052 0053 0054 0000 0000 0000 006E 006F 0070 0071
0080 0081 0082 0083 0000 0000 0000 0000 0000 0000 0000 0000 0000 0000 0000 0000 0000 0000 0000 0000 0000 0000 0000 0000 0000 0000 0000 0000 0000 0000 0000 0000
0000 0000 0000 0000 0000 003A 003B 003C 0000 0000 0000 0000 0000 0000 0000 0000 0000 0000 003D 0000 0000 0000 0000 0000 0000 0000 0000 0000 0120 0121 0122 0000
0000 0000 0000 0000 0000 005A 005B 005C 0000 0000 0000 0000 0000 0000 0000 0000 0000 0000 0000 0000 0000 0000 0000 0000 0000 0000 0000 0000 0140 0141 0142 0000
0075 0076 0077 0078 0079 007A 007B 0000 0000 0000 0000 0000 0126 0127 0128 0000 0000 0000 0129 012A 012B 0000 0000 0000 0000 0000 0000 0000 0000 0000 0000 0000
0095 0096 0097 0098 0099 009A 009B 0000 0000 0000 0000 0000 0146 0147 0148 0000 0000 0000 0149 014A 014B 014C 0000 0000 0000 012F 0000 0000 0000 0000 0000 0000
00B5 00B6 00B7 00B8 00B9 0000 0000 0000 0000 0163 0164 0165 0000 0000 0000 0000 0000 0000 0000 016A 016B 016C 0000 014D 014E 014F 0150 0151 0152 0000 0000 0000
00D5 00D6 00D7 00D8 00D9 0000 0000 0000 0000 0183 0184 0185 0000 0000 0000 0133 0000 0000 0000 0000 0000 0000 0000 016D 016E 016F 0170 0171 0172 0000 0000 0000
0000 0000 0000 0000 0000 00FA 00FB 00FC 0000 0000 0000 0000 0000 0000 0000 0153 0000 0000 0000 0000 0000 0000 0000 0000 0000 0000 0000 0000 0000 0000 0000 0000
0000 0000 0000 0000 0000 011A 011B 011C 0000 0000 0000 0000 0000 0000 0000 0000 0000 0135 0136 0000 0000 0000 0000 0000 0000 0000 013A 013B 013C 0000 0000 0000
0000 0000 0000 0000 0000 0000 0000 0000 0000 01A9 01AA 01AB 01AC 01AD 0000 0000 0154 0155 0156 0157 0158 0159 0000 0000 0000 0000 015A 015B 015C 0000 0000 0000
0000 0000 0000 0000 0000 0000 0000 01C7 01C8 01C9 01CA 01CB 01CC 01CD 0000 0000 0000 0000 0000 0177 0178 0179 0000 0000 0000 0000 0000 0000 0000 0000 0000 0000
01E0 01E1 0000 0000 0000 0000 0000 01E7 01E8 01E9 0000 0000 0000 0000 0000 0000 0000 0000 0000 0000 0000 0000 0000 0000 0000 0000 0000 0000 0000 0000 0000 0000
0200 0201 0202 0000 0000 0000 0000 0207 0208 0209 020A 020B 020C 0000 0000 01B2 01B3 01B4 0000 0000 0000 0000 0000 0000 0000 0000 0000 0000 0000 02EA 02EB 0000
0000 0221 0222 0223 0224 0225 0226 0000 0000 0000 0000 022B 022C 022D 0000 01D2 01D3 01D4 0000 0000 0000 0000 0000 0000 0000 0000 0000 0000 0309 030A 030B 0000
0240 0241 0242 0000 0244 0245 0246 0000 0000 0000 0000 024B 024C 024D 0000 0000 0000 0000 0000 0000 0000 0000 0000 0000 0000 0000 0000 0328 0329 032A 0000 0000
0000 0261 0262 0263 0000 0000 0000 0000 0000 0000 0000 0000 0000 026D 026E 026F 0270 0271 0000 0000 0341 0342 0000 0344 0345 0346 0000 0348 0349 034A 0000 0000
0000 0281 0282 0283 0284 0285 0286 0287 0000 0000 0000 0000 028C 028D 028E 0000 0000 0000 0000 0360 0361 0362 0000 0364 0365 0366 0367 0368 0369 036A 036B 0000
0000 0000 0000 02A3 02A4 02A5 02A6 02A7 0000 0000 0000 0000 0000 0000 02AE 0000 0000 0000 0000 0000 0000 0000 0383 0000 0000 0000 0387 0388 0389 038A 038B 038C
0000 0000 0000 0000 0000 0000 0000 0000 0000 0000 0000 0000 0000 0000 02CE 0000 0000 0000 0000 0000 0000 0000 03A3 0000 0000 0000 0000 0000 0000 0000 0000 0000
0000 0000 0000 0000 0000 0000 0000 0000 0000 0000 0000 0000 0000 0000 0000 0000 0000 0000 0000 02EE 02EF 0000 0000 0000 0000 0000 02F0 02F1 02F2 0000 0000 0000
0000 0000 0000 0000 0000 0000 0000 0000 0000 0000 02F3 02F4 02F5 0000 0000 0000 0000 0000 030D 030E 030F 0000 0000 0000 0000 0000 0310 0311 0312 0000 0000 0000
0000 0000 0000 0000 0000 0000 0000 0000 0000 0000 0313 0314 0315 0000 0000 0000 0000 0000 0000 0000 0000 0000 0000 0000 0000 0000 0000 0000 0000 0000 0000 0000
0000 02F7 02F8 02F9 0000 0000 0000 0000 0000 0000 0000 0000 0000 0000 0000 0000 0000 0000 0000 0000 0000 0000 0000 0000 0000 03C3 03C4 03C5 0000 0000 0000 0000
0000 0317 0318 0319 031A 031B 0000 0000 0000 0000 0000 0000 0000 0000 0000 0000 0000 0000 03C6 03C7 03C8 0000 03E0 03E1 03E2 03E3 03E4 03E5 0000 0000 0000 0000
0000 0337 0338 0339 033A 033B 0000 0000 0000 0000 0000 0000 0000 0000 0000 0000 0000 0000 03E6 03E7 03E8 0000 0400 0401 0402 0000 0000 0000 0000 0000 0000 0000
0356 0357 0358 0359 035A 035B 035C 035D 035E 035F 0000 0000 0000 0000 0000 0000 0000 0000 0000 0000 0000 0000 0000 0000 0000 0000 0000 0000 0000 0000 0000 0000
0376 0377 0378 0379 037A 037B 037C 037D 037E 037F 0000 0000 0000 0000 0000 03C9 03CA 03CB 0000 0000 03CD 03CE 0000 0000 0000 0000 0000 0000 0000 0000 0000 0000
0396 0397 0398 0399 039A 039B 039C 039D 039E 039F 0000 0000 0000 0000 0000 03E9 03EA 03EB 0000 03EC 03ED 03EE 0000 0000 0000 0000 0000 0000 0000 0000 03CF 0000
03B6 03B7 03B8 03B9 03BA 03BB 03BC 03BD 03BE 03BF 0000 0000 0000 0000 0000 0000 0000 0000 0000 0000 0000 0000 0000 0000 0000 0000 0000 0000 0000 0000 0000 0000
