ATARI GAUNTLET MOTION OBJECT 16X16 TILEMAP
SOURCE: level-101.png
GRID: 32 X 32
TILE_SIZE: 16 X 16
ATLAS_TILES: 960
UNIQUE_PIXEL_TILES: 134
CONNECTED_OBJECT_GROUPS: 15

0020 0021 0022 0023 0000 0000 0000 0000 0000 0000 0000 0000 0000 0000 0000 0027 0028 0029 0000 0000 0000 0000 0000 0000 0000 0000 002F 0030 0031 0032 0033 0000
0040 0041 0042 0043 0044 0000 0000 0000 0000 0000 0000 0000 0000 0000 0000 0047 0048 0049 0000 0000 0000 0000 0000 0000 0000 0000 004F 0050 0051 0052 0053 0054
0000 0000 0000 0000 0064 0065 0066 0000 0000 0000 0000 0000 0000 0000 0000 0067 0068 0069 006A 006B 0000 0000 0000 0000 0000 0000 006F 0070 0071 0000 0000 0000
0000 0000 0000 0000 0084 0085 0086 0000 0000 0000 0000 0000 0000 0000 0000 0087 0088 0089 008A 008B 0000 0000 0000 0000 0000 0000 008F 0090 0091 0000 0000 0000
0000 0000 0000 0000 00A4 00A5 00A6 0000 0000 0000 0000 0000 0000 0000 0000 0000 0000 0000 0000 0000 0000 0000 0000 00AC 00AD 00AE 0000 0000 0000 0000 0000 0000
0000 0000 0000 0000 00C4 00C5 00C6 0000 0000 0000 0000 0000 0000 0000 0000 0000 0000 0000 0000 0000 0000 0000 0000 00CC 00CD 00CE 0000 0000 0000 0000 0000 0000
0000 0000 0000 0000 0000 0000 0000 0000 0000 0000 0000 0000 0000 0000 0000 0000 0000 0000 0000 0000 0000 0000 0000 0000 0000 0000 0000 0000 0000 0000 0000 0000
0000 0000 0000 0000 0000 0000 0000 0000 0000 00E2 00E3 00E4 0000 0000 0000 0000 0000 0000 0000 0000 0000 0000 0000 0000 0000 0000 0000 0000 0000 0000 0000 0000
0000 0000 0000 0000 0000 0000 0000 0100 0101 0102 0103 0104 0000 0106 0000 0000 0000 0000 0000 010C 010D 010E 0000 0000 0000 0000 0000 0000 0000 0000 0000 0000
0000 0000 0000 0000 0000 0000 0000 0120 0121 0122 0000 0000 0000 0126 0000 0000 0000 0000 0000 012C 012D 012E 0000 0000 0000 0000 0000 0000 0000 0000 0000 0000
0000 0000 0000 0000 0000 0000 0000 0000 0141 0142 0143 0144 0145 0146 0000 0000 0000 0000 0000 0000 014D 014E 014F 0000 0000 0000 0000 0000 0000 0000 0000 0000
0000 0000 0000 0000 0000 0000 0000 0000 0161 0162 0163 0000 0000 0166 0167 0168 0169 016A 016B 0000 016D 016E 016F 0000 0000 0000 0000 0000 0000 0000 0000 0000
0000 0000 0000 0000 0000 0000 0000 0000 0000 0000 0183 0184 0185 0186 0187 0188 0189 018A 018B 0000 018D 018E 0000 0000 0000 0000 0000 0000 0000 0000 0000 0000
0000 0000 0000 0000 0000 0000 0000 0000 0000 0000 01A3 01A4 01A5 0000 0000 0000 0000 0000 0000 01AC 01AD 01AE 0000 0000 0000 0000 0000 0000 0000 0000 0000 0000
0000 0000 0000 0000 0000 0000 0000 0000 0000 0000 01C3 01C4 01C5 0000 0000 0000 0000 0000 0000 01CC 01CD 01CE 0000 0000 0000 0000 0000 0000 0000 0000 0000 0000
00F0 00F1 00F2 00F3 0000 0000 0000 0000 0000 0000 01E3 01E4 01E5 0000 0000 0000 0000 0000 0000 0000 01ED 01EE 01EF 0000 0000 0000 0000 0000 0000 0000 0000 0000
0110 0111 0112 0113 0114 0000 0000 0000 0000 0000 0000 0000 0000 0000 00F5 0000 0209 020A 020B 0000 020D 020E 020F 0000 0000 00F6 00F7 0000 00F9 00FA 00FB 00FC
0130 0000 0000 0000 0000 0000 0000 0000 0000 0000 0000 0000 0000 0000 0000 0000 0229 022A 022B 022C 022D 022E 0000 0000 0000 0116 0117 0118 0119 011A 011B 011C
0000 0000 0000 0000 0000 0000 0000 0000 0000 0000 0000 0000 0000 0000 0000 0000 0000 0000 0000 024C 024D 024E 0000 0000 0000 0000 0000 0000 0000 0000 0000 0000
0000 0000 0000 0000 0000 0000 0000 0000 0000 0000 0000 0000 0000 0000 0000 0000 0000 0000 0000 0000 0000 0000 0000 0000 0000 0000 0000 0000 0000 0000 0000 0000
0000 0000 0000 0000 0000 0000 0000 0000 0000 0262 0263 0000 0000 0000 0000 0000 0000 0000 0000 0266 0267 0000 0000 0000 0000 0000 0000 0000 0000 0000 0000 0000
0000 0000 0000 0000 0000 0000 0000 0000 0281 0282 0283 0000 0000 0000 0268 0269 026A 0000 0285 0286 0287 0000 0000 0000 0000 0000 0000 0000 0000 0000 0000 0000
0000 0000 0000 0000 0000 0000 0000 0000 0000 02A2 02A3 02A4 0000 0000 0288 0289 028A 0000 0000 0000 0000 0000 0000 0000 0000 0000 0000 0000 0000 0000 0000 0000
0000 0000 0000 0000 0000 0000 0000 0000 02C1 02C2 02C3 02C4 0000 0000 0000 0000 0000 0000 0000 0000 0000 0000 0000 0000 0000 0270 0271 0272 0000 0000 0000 0000
0000 0000 0000 0000 0000 0000 0000 02E0 02E1 02E2 0000 0000 0000 0000 0000 0000 0000 0000 0000 0000 028B 028C 028D 028E 028F 0290 0291 0292 0293 0000 0000 0000
0000 0000 0000 0000 0000 0000 0000 0300 0301 0302 0000 0000 0000 0000 0000 0000 0000 0000 0000 0000 02AB 02AC 02AD 02AE 02AF 02B0 02B1 0000 0000 0000 0000 0000
0000 0000 0000 0000 0000 0000 0000 0000 0000 0000 0000 0000 0000 0276 0277 0000 0000 0000 0000 0000 0000 0000 0000 0000 0000 0000 0000 0000 027B 027C 027D 027E
0320 0000 0322 0323 0324 0325 0326 0000 0000 0000 0000 0000 0000 0296 0297 0298 0000 0000 0000 0000 0000 0000 0000 0000 0000 0000 0299 029A 029B 029C 029D 029E
0000 0341 0342 0343 0344 0345 0346 0000 0000 0000 0000 0000 0000 02B6 02B7 02B8 0000 0000 0000 0000 0000 0000 0000 0000 0000 0000 02B9 02BA 02BB 0000 0000 0000
0360 0361 0000 0000 0000 0000 0000 0000 0000 0000 0000 02D4 02D5 0000 0000 0000 0000 0000 0000 0000 0000 0000 0000 0000 0000 0000 0000 0000 0000 0000 0000 0000
0380 0381 0382 0000 0000 0000 0000 0000 0000 0000 0000 02F4 02F5 02F6 0000 0000 0000 0000 0000 0000 0000 0000 0000 0000 0000 0000 0000 0000 0000 0000 0327 0328
03A0 03A1 03A2 0000 0000 0000 0000 0000 0000 0000 0000 0314 0315 0316 0000 0000 0000 0000 0000 0000 0000 0000 0000 0000 0000 0000 0000 0000 0000 0000 0347 0348
