ATARI GAUNTLET MOTION OBJECT 16X16 TILEMAP
SOURCE: level-041.png
GRID: 32 X 32
TILE_SIZE: 16 X 16
ATLAS_TILES: 1568
UNIQUE_PIXEL_TILES: 207
CONNECTED_OBJECT_GROUPS: 25

0020 0000 0000 0021 0022 0023 0000 0000 0000 0000 0000 0000 0000 002B 002C 002D 0000 0000 0000 0000 0030 0031 0032 0000 0000 0000 0000 0000 0000 003B 003C 003D
0040 0000 0000 0041 0042 0043 0000 0000 003E 0000 0000 0000 0000 004B 004C 004D 0000 0000 0000 0000 0050 0051 0052 0000 0000 0000 0000 0000 0000 005B 005C 005D
0060 0000 0000 0000 0000 0000 0000 0000 0000 0000 0000 0000 006A 0000 0000 0000 0000 0000 006E 006F 0070 0071 0072 0073 0074 0075 0076 0000 0000 007B 007C 007D
0000 0000 0000 0000 0000 0000 0000 0000 0000 0000 0000 0000 008A 0000 0000 0000 0000 0000 008E 008F 0090 0091 0092 0093 0000 0000 0000 0000 0000 0000 0000 0000
0000 0000 0000 0000 0000 0000 0000 0000 0000 0000 00A8 00A9 00AA 0000 0000 0000 0000 0000 0000 0000 0000 0000 00B2 00B3 00B4 0000 0000 0000 0000 01C0 01C1 01C2
01C3 01C4 01C5 0000 0000 0000 0000 00C5 00C6 00C7 0000 0000 0000 0000 0000 0000 0000 0000 01C6 0000 0000 0000 00D2 00D3 00D4 00D5 0000 0000 0000 01E0 01E1 01E2
01E3 01E4 01E5 0000 0000 0000 00E4 0000 00E6 0000 0000 0000 0000 0000 01C7 01C8 01C9 0000 0000 0000 0000 0000 0000 0000 0000 0000 00F6 0000 0000 0200 0201 0202
0000 0000 0000 0000 0000 0000 0104 0000 0000 0000 0000 0000 0000 0000 01E7 01E8 01E9 0000 01EB 0000 0000 0000 0000 0000 0000 0000 0116 0000 0000 0000 0000 0000
0000 0000 01CC 01CD 01CE 0000 0000 0000 01D2 01D3 01D4 0000 0000 0000 0000 0000 0209 020A 020B 0000 0000 0000 0000 0000 0134 0135 0136 0000 0000 0000 0000 0000
0000 0000 0000 0000 0000 01EF 01F0 01F1 0000 0000 01F4 0000 0000 0000 0000 0000 0229 022A 022B 0000 01D5 01D6 01D7 0000 0154 0155 0156 0157 0158 0000 0000 0000
0000 0000 0000 0000 0000 020F 0210 0211 0000 0000 0000 0000 0000 0000 01DA 0000 0249 024A 024B 0000 01F5 01F6 01F7 0000 0000 0000 0176 0177 0178 0000 0000 0000
01DD 01DE 01DF 0000 0000 022F 0230 0231 0000 0000 02AA 02AB 0000 0000 01FA 0000 0269 026A 026B 0000 0000 0000 0000 0000 0000 0000 0000 0000 0198 0199 019A 0000
0000 0000 0000 0000 0000 024F 0250 0251 0000 0000 02CA 0000 0000 0000 021A 0000 0000 0000 0000 0000 0000 0000 0000 0000 0000 0000 0000 0000 01B8 01B9 01BA 0000
0000 0000 0000 0000 0000 0000 0270 0271 0272 0000 02EA 0000 0238 0239 023A 023B 023C 0000 0000 0000 02BD 0000 0000 0000 0000 0000 0000 0000 0000 0000 0000 0000
0000 0000 0302 0000 0000 0000 0290 0291 0292 0000 030A 0000 0258 0259 025A 025B 025C 0000 0000 0000 02DD 0000 0000 0000 0000 0000 0000 0000 0000 0000 0000 0000
0000 0000 0322 0000 0000 0000 0000 0000 0000 0000 032A 0000 0000 0000 0000 0000 0000 0000 02FB 02FC 02FD 0000 0000 0000 0000 0000 0000 0000 0000 0000 0000 0000
0000 0000 0342 0000 0540 0541 0542 0000 0000 0349 034A 0000 0000 0000 0000 0000 0000 0000 0000 0000 0000 0000 0000 0000 0000 0000 0000 0000 0000 0000 0000 0000
0000 0000 0362 0000 0000 0000 0000 0000 0368 0369 036A 0000 0000 0000 0000 0000 0000 0000 0000 0000 0000 0000 0000 0000 0000 0000 0000 0000 0000 0000 0000 0000
0000 0000 0382 0000 0000 0000 0000 0387 0000 0000 038A 0000 0000 0000 0000 0000 0000 0000 0000 0000 0000 0000 0543 0544 0545 0000 0000 0000 0000 0000 0000 0000
0000 0000 03A2 0000 03A4 03A5 03A6 0000 0000 0000 03AA 0000 0000 0000 0000 0000 03B0 0000 0000 0000 0000 0000 0563 0564 0565 0566 0000 0000 0000 0000 0000 0000
0000 0000 03C2 0000 03C4 03C5 03C6 0000 0000 0000 03CA 0000 0000 0000 0000 0000 03D0 0000 0000 0000 0000 0000 0000 0584 0585 0586 0000 0000 0000 0548 0000 0000
0000 0000 03E2 03E3 03E4 03E5 03E6 03E7 03E8 03E9 03EA 0000 0000 0000 0000 0000 0000 03F1 03F2 03F3 03F4 0000 0000 05A4 05A5 05A6 0000 0000 0000 0000 0000 0000
0000 0000 0402 0403 0404 0405 0406 0407 0408 0409 040A 0000 0000 0000 0000 0000 0000 0411 0412 0413 0414 0000 0000 05C4 05C5 05C6 0000 0000 0000 0549 054A 054B
0000 0000 0422 0423 0424 0425 0426 0427 0428 0429 042A 042B 0000 0000 042E 042F 0430 0431 0432 0433 0434 0000 05E3 05E4 05E5 05E6 05E7 0000 0000 0569 056A 056B
0000 0000 0442 0443 0444 0445 0446 0447 0448 0449 044A 044B 0000 0000 044E 044F 0450 0451 0452 0453 0454 0000 0000 0604 0605 0606 0000 0000 0000 0000 0000 0000
0000 0000 0462 0463 0464 0465 0466 0467 0000 0000 046A 046B 046C 0000 0000 0000 0000 0000 0472 0473 0474 0000 0000 0000 0000 0000 0000 0000 0000 054C 054D 054E
0000 0000 0482 0483 0484 0485 0486 0487 0488 0489 048A 048B 048C 048D 0000 0000 0000 0000 0492 0493 0494 0000 0000 0000 0000 0000 0000 0000 0000 056C 056D 056E
04A0 04A1 04A2 04A3 04A4 04A5 04A6 04A7 04A8 04A9 04AA 04AB 04AC 04AD 04AE 04AF 04B0 04B1 04B2 04B3 04B4 04B5 04B6 04B7 04B8 04B9 04BA 0000 0000 0000 0000 0000
04C0 04C1 04C2 0000 04C4 04C5 04C6 04C7 0000 04C9 04CA 04CB 04CC 04CD 04CE 04CF 04D0 04D1 04D2 0000 0000 0000 0000 0000 0000 0000 0000 0000 0000 0000 0000 0000
0000 0000 04E2 0000 04E4 04E5 04E6 04E7 0000 0000 0000 0000 04EC 04ED 04EE 04EF 0000 0000 0000 0000 0000 0000 0000 0000 0000 0000 0000 0000 0000 0000 0000 0000
054F 0000 0000 0000 0504 0505 0506 0507 0000 0000 0000 0000 0000 050D 050E 050F 0000 0000 0000 0000 0550 0551 0552 0000 0000 0000 0553 0554 0555 0000 0556 0557
0000 0000 0000 0523 0000 0000 0000 0000 0000 0000 0000 0000 0000 052D 052E 052F 0000 0000 0000 0000 0570 0571 0572 0000 0000 0000 0000 0000 0000 0000 0000 0000
