ATARI GAUNTLET PLAYFIELD 16X16 TILEMAP
SOURCE: level-078-playfield.png
GRID: 32 X 32
TILE_SIZE: 16 X 16
UNIQUE_TILES: 47

0000 0001 0002 0002 0002 0002 0002 0002 0002 0002 0002 0002 0002 0003 0001 0002 0002 0002 0002 0002 0002 0003 0001 0002 0003 0001 0002 0002 0002 0002 0002 0002
0004 0005 0006 0007 0008 0009 0006 0007 0008 0009 0006 0007 0008 0004 000A 0007 0008 0009 0006 0007 0008 0004 000A 0007 0004 0005 0006 0007 0008 0009 0006 0007
0004 000B 0009 0006 0007 0008 0009 0006 0007 0008 0009 0006 0007 0004 0005 0006 0007 0008 0009 0006 0007 0004 0005 0006 0004 000B 0009 0006 0007 0008 0009 0006
0004 000C 0008 0009 0006 0007 0008 0009 0006 0007 0008 0009 0006 0004 000B 0009 0006 0007 0008 0009 0006 0004 000B 0009 0004 000C 0008 0009 0006 0007 0008 0009
0004 000A 0007 0008 000D 000E 0007 0008 0009 0006 0007 0008 0009 0004 000C 0008 0009 0006 0007 0008 0009 0004 000C 0008 0004 000A 0007 0008 0009 0006 0007 0008
0004 0005 0006 0007 000F 0005 0006 0007 0008 0009 0006 0007 0008 0004 000A 0007 0008 0009 0006 0007 0008 0004 000A 0007 0004 0005 0006 0007 0008 0009 0006 0007
0004 000B 0009 0006 0004 000B 0009 0006 0007 0008 0009 0006 0007 0004 0005 0006 0007 0008 0009 0006 0007 0004 0005 0006 0004 000B 0009 0010 0011 0008 0009 0006
0004 000C 0008 0009 0004 000C 0008 0009 0006 0007 0008 0009 0006 0012 0013 0009 0006 0007 0008 0009 0006 0012 0013 0009 0004 000C 0008 000F 000A 0007 0008 0009
0004 000A 0007 0008 0004 000A 0007 0008 0009 0006 0007 0008 0009 0006 0007 0008 0009 0006 0007 0008 0009 0006 0007 0008 0004 000A 0007 0004 0005 0006 0007 0008
0004 0014 0015 0016 0017 0014 0015 0016 0018 0019 0015 0011 0008 0009 0010 0016 0018 0019 0015 0016 0018 001A 0006 0007 0004 0005 0006 0004 000B 0009 0006 0007
001B 001C 001C 001C 001D 0001 0002 0002 0002 0002 001E 001F 0007 0020 0021 0002 0002 0002 0002 0002 001E 0013 0009 0006 0004 000B 0009 0004 000C 0008 0009 0006
0022 0023 0024 0024 0025 000C 0008 0009 0006 0007 0008 0009 0006 000F 000B 0009 0006 0007 0008 0009 0006 0007 0008 0009 0004 000C 0008 0004 000A 0007 0008 0009
0004 000A 0007 0008 0004 000A 0007 0008 0009 0006 0007 0008 0009 0004 000C 0008 0009 0006 0007 0008 0009 0010 0011 0008 0004 000A 0007 0004 0005 0006 0007 0008
0004 0005 0006 0007 0004 0005 0006 0007 0008 0009 0006 0007 0008 0004 000A 0007 0008 0009 0006 0007 0008 000F 000A 0007 0004 0005 0006 0004 000B 0009 0006 0007
0004 000B 0026 0006 0004 000B 0009 0006 0007 0008 0009 0006 0007 0004 0005 0006 0007 0008 0009 0006 0007 0004 0005 0006 0004 000B 0009 0004 000C 0008 0009 0006
0004 000C 0008 0009 0004 000C 0008 0009 0006 0007 0008 0009 0006 0004 000B 0009 0006 0007 0008 0009 0006 0004 000B 0009 0004 000C 0008 0004 000A 0007 0008 0009
0004 000A 0007 0008 0004 000A 0007 0008 0009 0006 0007 0008 0009 0004 000C 0008 0009 0006 0007 0008 0009 0004 000C 0008 0004 000A 0007 0004 0005 0006 0007 0008
0004 0005 0006 0007 0004 0005 0006 0007 0008 0009 0006 0007 0008 0004 000A 0007 0008 0009 0006 0007 0008 0004 000A 0007 0004 0005 0006 0004 000B 0009 0006 0007
0004 000B 0009 0006 0012 0027 0019 0015 0016 0018 0019 000E 0007 0012 0028 0006 0029 0018 0019 0015 0016 0017 0005 0006 0004 000B 0009 0004 000C 0008 0009 0006
0004 000C 0008 0009 0006 002A 0001 0002 0002 0002 001E 0028 0006 0007 0008 0009 002B 0002 0002 0002 0002 002C 0013 0009 0004 000C 0008 0004 000A 0007 0008 0009
0004 000A 0007 0008 0009 0004 000C 0008 0009 0006 0007 0008 0009 0006 0007 0008 0009 0006 0007 0008 0009 0006 0007 0008 0004 000A 0007 0004 0005 0006 0007 0008
0004 0005 0006 0007 0008 0004 000A 0007 0008 0009 0006 0007 0008 0009 0006 0007 0008 0009 0006 0007 0008 0009 0006 0007 0004 0005 0006 0004 000B 0009 0006 0007
0004 000B 0009 0006 0007 0004 0005 0006 0007 0008 0009 0006 0007 0008 0009 0006 0007 0008 0009 0006 0007 0008 0009 0006 0012 0013 0009 0004 000C 0008 0009 0006
0004 000C 0008 0009 0006 0004 000B 0009 0006 0007 0008 0009 0006 0007 0008 0009 0006 0007 0008 0009 0006 0007 0008 0009 0006 0007 0008 0004 000A 0007 0008 0009
0004 000A 0007 0008 0009 0004 000C 0008 0009 0006 0007 0008 0009 0006 0007 0008 0009 0006 0007 0008 0009 0006 0007 0008 0009 0006 0007 0004 0005 0006 0007 0008
0004 0005 0006 0007 0008 0004 000A 0007 0008 0009 0006 0007 0008 0009 0006 0007 0008 0009 0006 0007 0008 0009 0006 0007 0008 0009 0006 0004 000B 0009 0006 0007
0004 000B 0009 0006 0007 0004 0014 0015 0016 0018 0019 0015 0016 0018 0019 0015 0016 0018 0019 0015 0016 0018 0019 0015 0016 0018 0019 0017 000C 0008 0009 0006
0004 000C 0008 0009 0006 002D 0002 0002 0002 0002 0002 0002 0002 0002 0002 0002 0002 0002 0002 0002 0002 0002 0002 0002 0002 0002 0002 002C 001F 0007 0008 0009
0004 000A 0007 0008 0009 0006 0007 0008 0009 0006 0007 0008 0009 0006 0007 0008 0009 0006 0007 0008 0009 0006 0007 0008 0009 0006 0007 0008 0009 0006 0007 0008
0004 0005 0006 0007 0008 0009 0006 0007 0008 0009 0006 0007 0008 0009 0006 0007 0008 0009 0006 0007 0008 0009 0006 0007 0008 0009 0006 0007 0008 0009 0006 0007
0004 000B 0009 0006 0007 0008 0009 0006 0007 0008 0009 0006 0007 0008 0009 0006 0007 0008 0009 0006 0007 0008 0009 0006 0007 0008 0009 0006 0007 0008 0009 0006
0017 002E 0018 0019 0015 0016 0018 0019 0015 0016 0018 0019 0015 0016 0018 0019 0015 0016 0018 0019 0015 0016 0018 0019 0015 0016 0018 0019 0015 0016 0018 0019
