ATARI GAUNTLET MOTION OBJECT 16X16 TILEMAP
SOURCE: level-110.png
GRID: 32 X 32
TILE_SIZE: 16 X 16
ATLAS_TILES: 1408
UNIQUE_PIXEL_TILES: 208
CONNECTED_OBJECT_GROUPS: 16

0000 0000 0022 0023 0000 0000 0000 0000 0000 0000 0000 0000 0000 0000 0000 0024 0025 0026 0000 0000 0000 0000 0000 0000 0000 0000 0027 0028 0029 002A 002B 002C
0000 0041 0042 0043 0000 0000 0000 0000 0000 0000 002D 002E 002F 0000 0000 0044 0045 0046 0000 0000 0000 0000 0116 0117 0118 0000 0047 0048 0049 004A 004B 004C
0000 0061 0062 0063 0000 0000 0000 0000 0000 0000 004D 004E 004F 0000 0000 0064 0065 0066 0000 0000 0000 0000 0136 0137 0138 0000 0000 0000 0000 006A 006B 006C
0080 0000 0000 0000 0000 0000 0000 0000 0000 0000 0000 0000 0000 0000 0000 0000 0000 0000 0000 0000 0000 0000 0000 0157 0158 0159 015A 0000 0000 0000 0000 008C
00A0 0000 0000 0000 0000 0000 0000 0000 0000 0000 0000 0000 0000 0000 0000 0000 0000 0000 0000 0000 0000 0000 0000 0177 0178 0179 017A 0000 0000 0000 00AB 00AC
00C0 0000 0000 0000 011D 011E 011F 0000 0188 0189 018A 018B 018C 018D 018E 018F 0190 0191 0192 0193 0194 0195 0196 0197 0198 0199 019A 0000 0000 0000 00CB 00CC
00E0 0000 0000 0000 013D 013E 013F 0000 01A8 01A9 01AA 01AB 0000 0000 0000 0000 0000 0000 01B2 01B3 01B4 0000 0000 0000 0000 0000 01BA 0000 0000 0000 00EB 00EC
0000 0000 0000 0000 0000 0000 0000 0000 01C8 0000 01CA 01CB 01CC 01CD 01CE 01CF 01D0 01D1 01D2 01D3 01D4 01D5 01D6 01D7 01D8 0000 01DA 0000 0000 0000 0000 0000
0000 0000 0000 0000 04E0 04E1 04E2 0000 01E8 0000 01EA 01EB 01EC 01ED 01EE 01EF 0000 01F1 01F2 01F3 0000 0000 01F6 01F7 01F8 0000 01FA 01FB 01FC 0000 0000 0000
0000 0000 0000 0000 0500 0501 0502 0000 0208 0000 020A 0000 0000 0000 020E 020F 0000 0000 0000 0000 0000 0000 0000 0000 0218 0000 021A 021B 021C 0000 0000 0000
0000 0000 0000 0000 0000 0000 0000 0000 0228 0000 022A 022B 022C 0000 0000 022F 0230 0000 0000 0000 0000 0000 0000 0000 0238 0000 023A 0000 0000 0000 0000 0000
04E3 04E4 04E5 0000 04E6 04E7 04E8 0000 0248 0000 024A 024B 024C 0000 0000 024F 0250 0000 0000 0000 0000 0000 0256 0257 0258 0000 025A 0000 0000 0000 04E9 04EA
0503 0504 0505 0000 0506 0507 0508 0000 0268 0269 026A 0000 026C 026D 026E 026F 0270 0271 0272 0273 0274 0275 0276 0277 0278 0000 027A 0000 0000 0000 0509 050A
0000 0000 0000 0000 0000 0000 0000 0000 0288 0289 028A 028B 028C 028D 0000 0000 0000 0000 0000 0000 0294 0295 0296 0000 0298 0299 029A 0000 0000 0000 0000 0000
0000 0000 0000 0000 04EB 04EC 04ED 0000 02A8 0000 02AA 02AB 02AC 0000 0000 0000 0000 0000 0000 02B3 02B4 02B5 02B6 0000 02B8 02B9 02BA 02BB 02BC 0000 0000 0000
0000 0000 0000 0000 050B 050C 050D 0000 02C8 0000 02CA 02CB 02CC 0000 0000 0000 0000 0000 0000 0000 02D4 02D5 02D6 0000 02D8 0000 02DA 02DB 02DC 0000 0000 0000
0000 0000 0000 0000 0000 0000 0000 0000 02E8 0000 02EA 0000 02EC 0000 0000 0000 04EE 0000 0000 0000 02F4 02F5 02F6 0000 02F8 0000 02FA 0000 0000 0000 0000 0000
0300 0301 0302 0000 0000 0000 0000 0000 0308 0000 030A 030B 030C 0000 0000 0000 0000 0000 0000 0000 0314 0000 0316 0317 0318 0000 031A 0000 0000 0000 0000 04F0
0320 0321 0322 0000 0000 0000 0000 0000 0328 0000 032A 032B 032C 0000 0000 0000 0000 0000 0000 0000 0000 0000 0336 0337 0338 0000 033A 0000 0000 0000 050F 0510
0000 0000 0342 0343 0344 0345 0346 0347 0348 0000 034A 034B 034C 034D 034E 034F 0350 0351 0352 0353 0354 0355 0356 0357 0358 0000 035A 0000 0000 0000 0000 0000
0000 0000 0362 0000 0000 0000 0366 0367 0368 0000 036A 036B 036C 036D 036E 036F 0370 0371 0372 0000 0000 0000 0376 0377 0378 0000 037A 0000 0000 0000 0000 0000
04F1 0000 0382 0383 0384 0385 0386 0000 0000 0000 038A 038B 038C 038D 038E 038F 0390 0391 0392 0393 0394 0395 0396 0397 0398 0399 039A 0000 0000 0000 0000 04F8
0511 0000 03A2 03A3 03A4 03A5 03A6 0000 0000 0000 0000 0000 03AC 03AD 03AE 0000 0000 0000 0000 0000 0000 0000 0000 0000 0000 0000 0000 0000 0000 0000 0517 0518
0531 0000 03C2 03C3 03C4 0000 03C6 0000 0000 0000 0000 0000 0000 0000 0000 0000 0000 0000 0000 0000 0000 0000 0000 0000 0000 0000 0533 0534 0535 0536 0537 0538
0000 0000 03E2 03E3 03E4 0000 03E6 03E7 03E8 0000 0000 0000 0000 0000 0000 0000 0000 0000 0000 0000 0000 0000 0000 0000 0000 0000 0553 0554 0000 0000 0000 0000
0000 0000 0402 0403 0404 0000 0406 0407 0408 0000 0000 0000 0000 0000 0000 0000 0000 0000 0000 0000 0000 0000 0000 0000 0000 0572 0573 0574 0000 0000 0000 0000
0420 0421 0422 0423 0424 0425 0426 0427 0428 0429 0000 0000 0000 0000 0000 0000 0000 0000 0000 0000 0000 0000 0000 0000 0000 0000 0000 0000 0000 0000 0000 0000
0440 0441 0442 0000 0444 0445 0446 0447 0448 0449 0000 0000 0000 0000 0000 0000 0000 0000 0000 0000 0000 0000 0000 0000 0000 0000 0000 0000 0000 0000 0000 0000
0460 0461 0462 0463 0464 0000 0000 0467 0468 0469 0000 0000 0000 0000 0000 0000 0000 0000 0000 0000 0000 0000 0000 0000 0000 0000 0000 0000 0000 0000 0000 0000
0480 0481 0482 0483 0484 0000 0000 0487 0488 0489 0000 0000 0000 0000 0000 0000 0000 0000 0000 0000 0000 0000 0000 0000 0000 0000 0000 0000 0000 0000 0000 0000
0000 0000 0000 04A3 04A4 04A5 0000 04A7 04A8 04A9 0000 0000 0000 0000 0000 0000 0000 0000 0000 0000 0000 0000 0000 0000 0000 0000 0000 0000 0000 04FA 04FB 0000
0000 0000 0000 04C3 04C4 04C5 0000 04C7 04C8 04C9 0000 0000 0000 0000 0000 0000 0000 0000 0000 0000 0000 0000 0000 0000 0000 0000 0000 0000 0519 051A 051B 0000
