ATARI GAUNTLET PLAYFIELD 16X16 TILEMAP
SOURCE: level-038-playfield.png
GRID: 32 X 32
TILE_SIZE: 16 X 16
UNIQUE_TILES: 56

0000 0001 0002 0002 0000 0001 0002 0002 0002 0002 0002 0002 0002 0002 0002 0002 0000 0001 0002 0002 0003 0002 0002 0002 0002 0002 0002 0002 0002 0002 0002 0002
0004 0005 0006 0007 0008 0009 0006 0007 000A 000B 000C 0007 000A 000B 000C 0007 0008 0009 000D 000E 000F 0010 0011 000E 000F 0010 0011 000E 000F 0012 0006 0007
0004 0013 0014 0006 0015 0016 0014 0006 0015 0017 0009 0006 0015 0017 0009 0006 0015 0016 0018 0001 0002 0002 0002 0002 0002 0002 0002 0002 0019 0013 0014 0006
0004 001A 000A 0014 001B 001C 000F 0010 0017 001C 000F 0010 0017 001C 000F 0010 0017 001D 0004 0005 0006 0007 000A 0014 000D 001E 000A 0014 0004 001F 000F 0012
0004 0020 0007 000A 000B 0021 0002 0022 0009 0023 0002 0022 0009 0023 0002 0022 0024 000C 0004 0013 0014 0006 0007 000A 001B 0025 0007 000A 0026 0001 0022 0027
0004 0005 0006 0007 001B 0009 0006 0007 0028 0012 0006 0007 000A 0014 0006 0007 0029 0005 0004 001A 000A 000B 000C 0007 000A 000B 000C 0007 0004 0005 0006 0007
0004 0013 0014 0006 0015 0016 0014 0006 001B 0027 0014 0006 0007 000A 0014 0006 0004 0013 0004 0020 0007 0029 0005 0006 0007 0029 0005 0006 0004 0013 000B 000C
002A 001F 000F 0010 002B 001F 000F 0010 0011 000E 000F 0010 0011 000E 0016 000B 002C 001D 0004 0005 0006 0008 002D 0010 0011 002C 0027 0014 0004 001A 001B 0024
0000 0001 0002 0002 0003 0002 0002 0002 0002 0002 0002 0002 002E 002F 001D 001B 0024 000C 0004 0013 0014 0006 0023 0002 0022 0030 001E 000A 0004 0020 0007 0023
0004 0005 0006 0007 000A 0014 0006 0007 000A 0014 0006 0007 0004 0005 0006 0007 0029 0005 0004 001A 000A 0014 0006 0007 0031 0029 0020 0007 0004 0005 000D 001E
0004 0013 0014 0006 0007 000A 0014 0006 0007 000A 0014 0006 0004 0013 0014 0006 0004 0013 0004 0020 0015 0016 0014 0006 0007 0004 0005 0006 0004 0032 0017 0025
0004 001F 0016 000B 0011 000E 000F 0010 0011 000E 0016 000B 002A 001A 0028 0012 0004 001A 0004 0033 002B 001F 000F 0010 0011 002A 0013 000B 0034 002F 0027 0014
0026 002F 001D 0023 002E 0001 0002 0002 002E 002F 001D 0023 0035 0025 001B 0027 0004 0020 0026 0001 0003 0002 0002 0002 0002 0035 001D 0023 0036 0020 0015 0016
002A 0005 0006 0007 0004 0005 0006 0007 0008 0009 0006 0007 0028 0012 0006 0007 0004 0005 0008 001D 000A 0014 0006 0007 000A 0014 0006 0007 0004 0005 001B 001C
0036 0013 0014 0006 0004 0013 0014 0006 0015 0016 0014 0006 001B 0027 0014 0006 0004 0013 0014 0006 0015 0016 0014 0006 0007 000A 0014 0006 0004 0013 0014 0023
0004 001A 0028 0012 0004 001A 000A 0014 0029 001F 000F 0010 0011 000E 000F 0010 002C 001C 000F 0010 0017 001C 000F 0010 0011 000E 000F 0010 002A 001A 0028 0012
0004 0020 001B 0027 0004 0020 0007 000A 0026 0001 0002 0002 0002 0002 0002 0022 0024 0021 0002 0022 0009 0023 0002 0002 002E 0001 0002 0002 0035 0030 0017 0027
0004 0005 0006 0007 0004 0005 0006 0007 0008 0009 0006 0007 0028 0012 0006 0007 001B 0009 0006 0007 000A 0014 0006 0007 0008 0009 0006 0007 000A 001B 0025 0007
0004 0013 0014 0006 0004 0013 0014 0006 0015 0016 0014 0006 001B 0027 0014 0006 0015 0016 0014 0006 0007 000A 0014 0006 0015 0016 0014 0006 0007 000A 0014 0006
002A 001A 0028 0012 0004 001F 000F 0010 002B 001F 000F 0010 0011 000E 000F 0010 0017 001C 000F 0010 0011 000E 000F 0010 0017 001C 000F 0010 0011 000E 000F 0010
0036 0020 001B 0027 0026 0001 0002 0002 0003 0002 0002 0002 002E 0001 0002 0022 0024 0021 0002 0002 0002 0002 0002 0022 0009 0023 0002 0002 002E 0001 0002 0002
0004 0005 0006 0007 0004 0005 0006 0007 000A 0014 0006 0007 0004 0005 0006 0007 001B 0009 0006 0007 000A 0014 0006 0007 000A 0014 0006 0007 0004 0005 0006 0007
0004 0013 0014 0006 0004 0013 0014 0006 0007 000A 0014 0006 0004 0013 0014 0006 0015 0016 0014 0006 0007 000A 0014 0006 0007 000A 0014 0006 0004 0013 0014 0006
0004 001F 0016 000B 002A 001A 000A 0014 0006 0007 000A 0014 0004 001A 000A 0014 0029 001F 000F 0010 000C 0015 000F 0010 0011 001E 000A 000B 002C 001D 000A 0014
0026 002F 001D 0023 0036 0020 0007 000A 0014 0006 0007 000A 0004 0020 0007 000A 0026 0001 0002 0022 0024 0021 0002 0002 0019 0020 0015 0017 0009 0006 0015 0016
0004 0005 0006 0007 0004 0005 0006 0007 000A 0014 0006 0007 0008 0009 0006 0007 0004 0005 0006 0007 001B 0009 0006 0007 0004 0005 001B 001D 000A 000B 0017 001D
0004 0013 0014 0006 0004 0013 0014 0006 0007 000A 0014 0006 0015 0016 0014 0006 0004 0013 0014 0006 0015 0016 0014 0006 0004 0013 0014 0006 0015 0017 0009 0006
0004 001A 000A 0014 0004 001F 000F 0010 0011 000E 000F 0010 002B 001F 000F 0010 002A 001A 000A 0014 0029 001A 000A 0014 0004 001F 000F 0010 0017 001D 000A 0014
0004 0020 0007 000A 0026 0001 0002 0002 0002 0002 0002 0002 0003 0002 0002 0002 0036 0020 0007 000A 0004 0020 0007 000A 0037 0002 0002 0022 0009 0006 0007 000A
0004 0005 0006 0007 0008 0009 0006 0007 000A 0014 0006 0007 000A 0014 0006 0007 0008 0009 0006 0007 0004 0005 0006 0007 000A 0014 0006 0007 000A 0014 0006 0007
0004 0013 0014 0006 0015 0016 0014 0006 0007 000A 0014 0006 0007 000A 0014 0006 0015 0016 0014 0006 0004 0013 0014 0006 0007 000A 0014 0006 0007 000A 0014 0006
002A 001F 000F 0010 002B 001F 000F 0010 0011 000E 000F 0010 0011 000E 000F 0010 002B 001F 000F 0010 002A 001F 000F 0010 0011 000E 000F 0010 0011 000E 000F 0010
