ATARI GAUNTLET PLAYFIELD 16X16 TILEMAP
SOURCE: level-057-playfield.png
GRID: 32 X 32
TILE_SIZE: 16 X 16
UNIQUE_TILES: 29

0000 0001 0002 0002 0002 0002 0002 0002 0002 0002 0002 0002 0002 0002 0002 0002 0002 0002 0002 0002 0002 0002 0002 0002 0002 0002 0002 0002 0002 0002 0002 0002
0003 0004 0005 0006 0007 0008 0005 0006 0007 0008 0005 0006 0007 0008 0005 0006 0007 0008 0005 0006 0007 0008 0005 0006 0007 0008 0005 0006 0007 0008 0005 0006
0003 0009 0008 0005 0006 0007 0008 0005 0006 0007 0008 0005 0006 0007 0008 0005 0006 0007 0008 0005 0006 0007 0008 0005 0006 0007 0008 0005 0006 0007 0008 0005
0003 000A 0007 0008 0005 0006 0007 0008 0005 0006 0007 0008 0005 0006 0007 0008 0005 0006 0007 0008 0005 0006 0007 0008 0005 0006 0007 0008 0005 0006 0007 0008
0003 000B 0006 0007 0008 0005 0006 0007 0008 0005 0006 0007 0008 0005 0006 0007 0008 0005 0006 0007 0008 0005 0006 0007 0008 0005 0006 0007 0008 0005 0006 0007
0003 0004 0005 0006 000C 000D 000E 000F 0010 000D 000E 000F 0010 000D 000E 000F 0010 000D 000E 000F 0010 000D 000E 000F 0010 0011 0005 0006 0007 0008 0005 0006
0003 0009 0008 0005 0012 0002 0002 0002 0002 0002 0002 0002 0002 0002 0002 0002 0002 0002 0002 0002 0002 0002 0002 0002 0013 0009 0008 0005 0006 0007 0008 0005
0003 000A 0007 0008 0005 0006 0007 0008 0005 0006 0007 0008 0005 0006 0007 0008 0005 0006 0007 0008 0005 0006 0007 0008 0003 000A 0007 0008 0005 0006 0007 0008
0003 000B 0006 0007 0008 0005 0006 0007 0008 0005 0006 0007 0008 0005 0006 0007 0008 0005 0006 0007 0008 0005 0006 0007 0003 000B 0006 0007 0008 0005 0006 0007
0003 0004 0005 0006 0007 0008 0005 0006 000C 000D 000E 000F 0010 000D 000E 000F 0010 000D 000E 000F 0010 0011 0005 0006 0003 0004 0005 0006 0007 0008 0005 0006
0003 0009 0008 0005 0006 0007 0008 0005 0014 0001 0002 0002 0002 0002 0002 0002 0002 0002 0002 0002 0013 0009 0008 0005 0003 0009 0008 0005 0006 0007 0008 0005
0003 000A 0007 0008 0005 0006 0007 0008 0003 000A 0007 0008 0005 0006 0007 0008 0005 0006 0007 0008 0003 000A 0007 0008 0003 000A 0007 0008 0005 0006 0007 0008
0003 000B 0006 0007 0008 0005 0006 0007 0003 000B 0006 0007 0008 0005 0006 0007 0008 0005 0006 0007 0003 000B 0006 0007 0003 000B 0006 0007 0008 0005 0006 0007
0003 0004 0005 0006 0007 0008 0005 0006 0003 0004 0005 0006 000C 000D 000E 000F 0010 0011 0005 0006 0003 0004 0005 0006 0003 0004 0005 0006 0007 0008 0005 0006
0003 0009 0008 0005 0006 0007 0008 0005 0003 0009 0008 0005 0014 0001 0002 0002 0013 0009 0008 0005 0003 0009 0008 0005 0003 0009 0008 0005 0006 0007 0008 0005
0003 000A 0007 0008 0005 0006 0007 0008 0003 000A 0007 0008 0003 000A 0007 0008 0003 000A 0007 0008 0003 000A 0007 0008 0003 000A 0007 0008 0005 0006 0007 0008
0003 000B 0006 0007 0008 0005 0006 0007 0003 000B 0006 0007 0003 000B 0015 0007 0003 000B 0006 0007 0003 000B 0006 0007 0003 000B 0006 0007 0008 0005 0006 0007
0003 0004 0005 0006 0007 0008 0005 0006 0003 0004 0005 0006 0003 0004 0005 0006 0003 0016 000E 000F 0017 0004 0005 0006 0003 0004 0005 0006 0007 0008 0005 0006
0003 0009 0008 0005 0006 0007 0008 0005 0003 0009 0008 0005 0003 0009 0008 0005 0018 0002 0002 0002 0019 001A 0008 0005 0003 0009 0008 0005 0006 0007 0008 0005
0003 000A 0007 0008 0005 0006 0007 0008 0003 000A 0007 0008 0003 000A 0007 0008 0005 0006 0007 0008 0005 0006 0007 0008 0003 000A 0007 0008 0005 0006 0007 0008
0003 000B 0006 0007 0008 0005 0006 0007 0003 000B 0006 0007 0003 000B 0006 0007 0008 0005 0006 0007 0008 0005 0006 0007 0003 000B 0006 0007 0008 0005 0006 0007
0003 0004 0005 0006 0007 0008 0005 0006 0003 0004 0005 0006 0003 0016 000E 000F 0010 000D 000E 000F 0010 000D 000E 000F 0017 0004 0005 0006 0007 0008 0005 0006
0003 0009 0008 0005 0006 0007 0008 0005 0003 0009 0008 0005 0018 0002 0002 0002 0002 0002 0002 0002 0002 0002 0002 0002 0019 001A 0008 0005 0006 0007 0008 0005
0003 000A 0007 0008 0005 0006 0007 0008 0003 000A 0007 0008 0005 0006 0007 0008 0005 0006 0007 0008 0005 0006 0007 0008 0005 0006 0007 0008 0005 0006 0007 0008
0003 000B 0006 0007 0008 0005 0006 0007 0003 000B 0006 0007 0008 0005 0006 0007 0008 0005 0006 0007 0008 0005 0006 0007 0008 0005 0006 0007 0008 0005 0006 0007
0003 0004 0005 0006 0007 0008 0005 0006 0003 0016 000E 000F 0010 000D 000E 000F 0010 000D 000E 000F 0010 000D 000E 000F 0010 000D 000E 000F 0010 0011 0005 0006
0003 0009 0008 0005 0006 0007 0008 0005 0018 0002 0002 0002 0002 0002 0002 0002 0002 0002 0002 0002 0002 0002 0002 0002 0002 0002 0002 0002 001B 001A 0008 0005
0003 000A 0007 0008 0005 0006 0007 0008 0005 0006 0007 0008 0005 0006 0007 0008 0005 0006 0007 0008 0005 0006 0007 0008 0005 0006 0007 0008 0005 0006 0007 0008
0003 000B 0006 0007 0008 0005 0006 0007 0008 0005 0006 0007 0008 0005 0006 0007 0008 0005 0006 0007 0008 0005 0006 0007 0008 0005 0006 0007 0008 0005 0006 0007
0003 0004 0005 0006 0007 0008 0005 0006 0007 0008 0005 0006 0007 0008 0005 0006 0007 0008 0005 0006 0007 0008 0005 0006 0007 0008 0005 0006 0007 0008 0005 0006
0003 0009 0008 0005 0006 0007 0008 0005 0006 0007 0008 0005 0006 0007 0008 0005 0006 0007 0008 0005 0006 0007 0008 0005 0006 0007 0008 0005 0006 0007 0008 0005
0017 001C 0010 000D 000E 000F 0010 000D 000E 000F 0010 000D 000E 000F 0010 000D 000E 000F 0010 000D 000E 000F 0010 000D 000E 000F 0010 000D 000E 000F 0010 000D
