ATARI GAUNTLET MOTION OBJECT 16X16 TILEMAP
SOURCE: level-099.png
GRID: 32 X 32
TILE_SIZE: 16 X 16
ATLAS_TILES: 832
UNIQUE_PIXEL_TILES: 144
CONNECTED_OBJECT_GROUPS: 13

0000 0000 0000 0000 0000 0000 0000 0000 0000 0000 0000 0000 0025 0026 0027 0028 0029 002A 0000 0000 0000 0000 0000 0000 0000 0000 0000 0000 0000 0000 0000 0000
0000 002C 002D 002E 0000 0000 0000 0040 0041 0042 0000 0044 0045 0046 0047 0048 0049 004A 0000 0000 0000 0000 002F 0030 0031 0000 0000 0032 0033 0034 0000 0000
0000 004C 004D 004E 0000 0000 0000 0060 0061 0062 0000 0000 0000 0000 0067 0068 0069 006A 0000 0000 0000 0000 004F 0050 0051 0000 0000 0052 0053 0054 0000 0000
0000 0000 0000 0000 0000 0000 0000 0000 0000 0000 0083 0084 0085 0086 0087 0088 0089 008A 008B 0000 0000 0000 0000 0000 0000 0000 0000 0000 0000 0000 0000 0000
0000 0000 0000 0000 0000 0000 0000 0000 0000 0000 0000 0000 0000 0000 0000 0000 0000 0000 0000 0000 0000 0000 0000 0000 0000 0000 0000 0000 0000 0000 0000 0000
0000 0000 0000 0000 0000 0000 0000 0000 0000 0000 0000 0000 0000 0000 0000 0000 0000 0000 0000 0000 0000 0000 0035 0000 0000 0000 0000 0000 0000 0000 0000 0000
0000 0000 0000 0000 0000 0000 0000 0000 0000 0000 0000 0000 0000 0000 0000 0000 0000 0000 0000 0000 0000 0000 0000 0000 0000 0000 0000 0000 0000 0000 0000 0000
0000 0000 0000 0000 0000 00A0 00A1 00A2 00A3 0000 0000 0000 0000 0000 0000 0000 0000 0000 0000 0000 0000 0000 0000 0000 00B8 00B9 00BA 0000 0000 0000 0000 0000
0000 0000 0000 0000 0000 0000 0000 0000 00C3 0000 0000 0000 0000 0000 0000 0000 0000 0000 0000 0000 0000 0000 0000 0000 00D8 00D9 00DA 0000 0000 0000 0000 0000
0000 0000 0000 0000 0000 0000 0000 0000 00E3 0000 0000 0000 0000 0000 0000 0000 0000 0000 0000 0000 0000 0000 0000 0000 0000 0000 0000 0000 0000 0000 0000 0000
0000 0000 0000 0000 0000 0000 0000 0102 0103 0104 0105 0106 0107 0108 0000 0000 0000 0000 0000 0000 010F 0110 0111 0112 0113 0000 0000 0000 0000 0000 0000 0000
0000 0000 0000 0000 0000 0000 0000 0122 0123 0124 0125 0126 0127 0128 0129 012A 0000 012C 012D 012E 012F 0130 0131 0132 0133 0134 0000 0000 0000 0000 0000 0000
0000 0000 0000 0000 0000 0000 0000 0142 0143 0144 0145 0146 0147 0148 0149 014A 0000 014C 014D 014E 014F 0150 0151 0152 0153 0154 0000 0000 0000 0000 0000 0000
0000 0000 0000 0000 0000 0000 0000 0162 0163 0164 0165 0166 0167 0168 0000 016A 016B 016C 0000 016E 016F 0170 0171 0172 0173 0174 0000 0000 0000 0000 0000 0000
0000 0000 0000 0000 0000 0000 0000 0182 0183 0184 0185 0186 0187 0188 0000 018A 018B 018C 0000 018E 018F 0190 0191 0192 0193 0194 0195 0196 0197 0000 0000 0000
0000 0000 0000 0000 0000 0000 0000 01A2 01A3 01A4 01A5 01A6 01A7 01A8 01A9 01AA 0000 01AC 01AD 01AE 01AF 01B0 01B1 01B2 01B3 01B4 01B5 01B6 01B7 0000 0000 0000
0000 0000 0000 0000 0000 0000 0000 01C2 01C3 01C4 01C5 01C6 01C7 01C8 01C9 01CA 0000 01CC 01CD 01CE 01CF 01D0 01D1 01D2 01D3 01D4 0000 0000 0000 0000 0000 00BB
0000 0000 0000 0000 0000 0000 0000 01E2 01E3 01E4 01E5 01E6 01E7 01E8 0000 0000 0000 0000 0000 01EE 01EF 01F0 01F1 01F2 01F3 01F4 0000 0000 0000 0000 0000 0000
0000 0000 0000 0000 0000 0000 0000 0000 0203 0204 0205 0206 0207 0000 0000 0000 0000 0000 0000 020E 020F 0210 0211 0212 0213 0214 0000 0000 0000 0000 0000 0000
0000 0000 0000 0000 0000 0000 0000 0000 0000 0000 0000 0000 0000 0000 0000 0000 0000 0000 0000 0000 0000 0000 0000 0000 0000 0000 0000 0000 0000 0000 0000 0000
0000 0000 0000 0000 0000 0000 0000 0000 0000 0000 0000 0000 0000 0000 0000 0000 0000 0000 0000 0000 0000 0000 0000 0000 0000 0000 0000 0000 0000 0000 0000 0000
0000 0000 0000 0000 0000 0000 0000 0000 0000 0000 0000 0000 0000 0000 0000 0000 0000 0000 0000 0000 0000 0000 0000 0000 0000 0000 0000 0000 0000 0000 0000 0000
0000 0000 0000 0000 0000 0000 0000 0000 0000 0000 0000 0000 0000 0000 0000 0000 0000 0000 0000 0000 0000 0000 0000 0000 00BC 00BD 00BE 0000 0000 0000 0000 0000
0000 0000 0000 0223 0224 0225 0226 0227 0000 0000 0000 0000 0000 0000 0000 0000 0000 0000 0000 0000 0000 0000 0000 0000 00DC 00DD 00DE 0000 0000 0000 0000 0000
0000 0000 0242 0243 0244 0245 0246 0247 0000 0000 0000 0000 0000 0000 0000 0000 0000 0000 0000 0000 0000 0000 0000 0000 0000 0000 0000 0000 0000 0000 0000 0000
0000 0000 0262 0263 0264 0265 0266 0267 0000 0000 0000 0000 0000 0000 0000 0000 0000 0000 0000 0000 0000 0228 0229 022A 0000 0000 0000 0000 0000 0000 0000 0000
0000 0000 0282 0283 0284 0285 0286 0287 0000 0000 0000 0000 0000 0000 0000 0000 0000 0000 0000 0000 0000 0248 0249 024A 0000 0000 0000 0000 0000 0000 0000 0000
0000 02A1 02A2 02A3 02A4 02A5 02A6 02A7 0000 0000 0000 0000 0000 0000 0000 0000 0000 0000 0000 0000 0000 0000 0000 0000 0000 0000 0000 0000 0000 0000 0000 0000
0000 02C1 02C2 02C3 02C4 02C5 02C6 02C7 0000 0000 0000 0000 0000 0000 0000 0000 0000 0000 022B 022C 022D 0000 0000 0000 0000 0000 0000 0000 0000 0000 0000 0000
0000 02E1 02E2 02E3 02E4 02E5 02E6 02E7 0000 0000 0000 0000 0000 0000 0000 0000 0000 0000 024B 024C 024D 0000 0000 0000 0000 0000 0000 0000 0000 0000 0000 0000
0300 0301 0302 0303 0304 0305 0306 0307 0000 0000 0000 0000 0000 0000 022E 0000 0000 0000 0000 0000 0000 0000 0000 0000 0000 0000 0000 0000 0000 0000 0000 0000
0320 0321 0322 0323 0324 0325 0326 0327 0000 0000 0000 0000 0000 0000 0000 0000 0000 0000 0000 0000 0000 0000 0000 0000 0000 0000 0000 0000 0000 0000 0000 0000
