ATARI GAUNTLET MOTION OBJECT 16X16 TILEMAP
SOURCE: level-095.png
GRID: 32 X 32
TILE_SIZE: 16 X 16
ATLAS_TILES: 1504
UNIQUE_PIXEL_TILES: 218
CONNECTED_OBJECT_GROUPS: 17

0020 0021 0022 0000 0000 0000 0000 0000 0000 0000 0000 0000 0000 0000 0000 0000 0000 0033 0034 0035 0000 0000 0000 0000 026E 026F 0270 0000 0000 0275 0276 0277
0040 0041 0042 0000 0000 0000 0000 0000 0000 0000 0000 0000 0000 0000 0000 0000 0000 0053 0054 0055 0000 0000 028C 028D 028E 028F 0290 0000 0000 0295 0296 0297
0060 0000 0000 0000 0000 0000 0000 0000 0000 0000 0000 0000 0000 0000 0000 0000 0000 0073 0074 0075 0000 0000 02AC 02AD 02AE 0000 0000 0000 0000 0000 02B6 02B7
0000 0000 0000 0000 0000 0000 0000 0000 0000 0000 0000 0000 0000 0000 0000 0000 0000 0093 0094 0095 0000 0000 0000 02CD 0000 0000 0000 0000 0000 0000 0000 0000
0000 0000 0000 0000 0000 0000 0000 0000 00AA 00AB 00AC 0000 0000 0000 00B0 00B1 00B2 00B3 00B4 0000 0000 0000 02EC 02ED 02EE 0000 0000 0000 02F2 02F3 02F4 0000
0000 0000 0000 0000 0000 0000 0000 0000 00CA 00CB 00CC 00CD 0000 0000 0000 0000 0000 00D3 00D4 00D5 0000 030B 030C 030D 030E 0000 0000 0000 0312 0313 0314 0000
0000 0278 0279 027A 027B 0000 0000 0000 0000 0000 00EC 00ED 00EE 0000 0000 0000 0000 00F3 00F4 00F5 0000 032B 032C 032D 032E 0000 0330 0331 0332 0333 0334 0000
0000 0298 0299 029A 029B 0000 0000 0000 0000 0000 010C 010D 010E 010F 0000 0000 0112 0113 0114 0115 0000 0000 034C 0000 0000 034F 0350 0351 0352 0000 0000 0000
0000 0000 0000 0000 0000 0000 0000 0000 0000 0000 012C 012D 012E 0000 0130 0131 0132 0133 0134 0135 0000 0000 0000 0000 036E 036F 0370 0371 0372 0000 0000 0000
0000 0000 0000 0000 0000 0000 0000 0000 014A 014B 014C 0000 0000 0000 0150 0151 0152 0153 0154 0000 0000 0000 0000 038D 038E 038F 0390 0391 0392 0000 0000 0000
0000 0000 0000 0000 0000 0000 0000 0000 016A 016B 016C 0000 0000 016F 0170 0171 0000 0000 0000 0000 0000 0000 0000 03AD 03AE 03AF 03B0 03B1 0000 0000 0000 0000
0000 0000 0000 0000 0000 0187 0188 0189 018A 018B 0000 0000 0000 018F 0190 0191 0000 0000 0000 0000 0000 03CB 03CC 03CD 03CE 03CF 03D0 0000 0000 0000 0000 0000
0000 0000 0000 0000 0000 0000 0000 01A9 01AA 01AB 01AC 0000 0000 0000 0000 0000 0000 0000 0000 0000 03EA 03EB 03EC 03ED 0000 0000 03F0 03F1 03F2 03F3 0000 0000
0000 0000 0000 0000 0000 0000 0000 01C9 01CA 01CB 01CC 01CD 01CE 0000 0000 0000 0000 0000 0000 0409 040A 040B 040C 0000 0000 0000 0410 0411 0412 0413 0414 0000
0000 0000 0000 0000 0000 01E7 01E8 01E9 0000 0000 01EC 01ED 01EE 01EF 0000 0000 0000 0427 0428 0429 042A 042B 0000 0000 0000 0000 0430 0431 0432 0433 0434 0000
0000 0203 0204 0205 0206 0207 0208 0209 0000 0000 0000 0000 0000 0000 0000 0000 0446 0447 0448 0449 044A 0000 0000 0000 0000 0000 0450 0451 0452 0453 0454 0000
0000 0223 0224 0225 0226 0227 0228 0229 0000 0000 0000 0000 0000 0000 0000 0000 0000 0467 0468 0469 046A 0000 0000 0000 0000 0000 0000 0000 0000 0000 0000 0000
0000 0000 0000 0000 0000 0247 0248 0249 0000 0000 0000 0000 0000 0483 0484 0485 0486 0487 0488 0489 048A 0000 0000 0000 0000 0000 0000 0000 0000 0000 0000 0000
0000 0000 0000 0000 0000 0000 0000 0000 0000 0000 04A0 04A1 04A2 04A3 04A4 04A5 0000 0000 0000 0000 0000 0000 0000 0000 0000 0000 0000 0000 0000 0000 0000 0000
0000 0000 0000 0000 0000 0000 0000 0000 0000 0000 0000 0000 0000 0000 0000 0000 0000 0000 0000 0000 0000 0000 0000 0000 0000 0000 0000 0000 0000 0000 0000 0000
0000 0000 0000 0000 0000 0000 027C 0000 0000 0000 0000 04C2 0000 0000 0000 0000 0000 0000 0000 0000 0000 0000 0000 0000 0000 0000 0000 0000 0000 0000 0000 0000
0000 0000 0000 0000 0000 0000 0000 0000 0000 0000 04E1 04E2 04E3 0000 0000 0000 04C4 04C5 04C6 0000 0000 0000 0000 0000 0000 0000 0000 0000 0000 0000 0000 0000
0000 0000 0000 0000 0000 0000 0000 0000 0000 0500 0501 0502 0503 0000 0000 0000 04E4 04E5 04E6 0000 0000 0000 0000 0000 0000 0000 0000 0000 0000 0000 0000 0000
0000 0000 0000 0000 0000 0000 04C7 04C8 0000 0520 0521 0522 0000 0000 0000 0000 0000 0000 0000 0000 0000 0000 0000 0000 0000 0000 0000 0000 0000 0000 0000 0000
0000 0000 0000 0000 0000 0000 04E7 04E8 0000 0000 0541 0000 0000 0000 0000 0000 0000 0000 0000 0000 0000 0000 0000 0000 0000 04C9 04CA 04CB 0000 0000 0000 0000
0000 0000 0000 0000 0000 0000 0000 0000 0000 0000 0000 0000 0000 0000 0000 0000 0000 0000 0000 04D1 0000 0000 0000 0000 0000 04E9 04EA 04EB 04EC 04ED 04EE 0000
0000 0000 0000 0000 0000 0000 0000 04DB 0000 0000 0000 0000 0000 0000 0000 0000 0000 0000 0000 04F1 04F2 0000 0000 0000 0000 0000 050A 050B 050C 050D 050E 0000
0000 0000 0000 0000 0000 0000 04FA 0000 0000 0000 0000 0000 0000 0000 0000 0000 0000 050F 0510 0511 0512 0513 0000 0000 0000 0000 052A 052B 052C 0000 0000 0000
0000 0000 0000 0000 0000 0000 0000 0000 0000 0000 0000 0000 0000 0000 0000 0000 0000 052F 0530 0531 0000 0533 0534 0000 0000 0000 0000 0000 0000 0000 0000 0000
0000 0000 0000 04DC 0000 0000 0000 0000 04DD 0000 0000 0000 0000 0000 0000 0000 0000 0000 0000 0000 0000 0000 0554 0555 0000 0000 0000 0000 0000 0000 0000 0000
04DE 0000 0000 04FC 0000 0000 0000 0000 04FD 0000 0000 0000 05A0 05A1 05A2 0000 0000 0000 0000 0571 0572 0573 0000 0575 0576 0577 0578 0579 0000 0000 05A4 05A5
04FE 0000 0000 051C 0000 0000 0000 0000 051D 0000 0000 0000 05C0 05C1 05C2 05C3 0000 0000 0000 0591 0592 0593 0000 0000 0596 0597 0598 0599 0000 0000 05C4 05C5
