ATARI GAUNTLET MOTION OBJECT 16X16 TILEMAP
SOURCE: level-085.png
GRID: 32 X 32
TILE_SIZE: 16 X 16
ATLAS_TILES: 1344
UNIQUE_PIXEL_TILES: 152
CONNECTED_OBJECT_GROUPS: 23

0020 0000 0000 0000 0000 0023 0024 0025 0000 0027 0028 0029 0000 0000 0000 0000 0000 0000 0000 0000 0000 0000 002A 002B 002C 0000 0000 0000 0000 0000 002D 002E
0040 0041 0042 0000 0000 0043 0044 0045 0000 0047 0048 0049 0000 0000 0000 0000 0000 0000 0000 0000 0000 0000 004A 004B 004C 0000 0000 0000 0000 0000 004D 004E
0060 0061 0062 0000 0000 0063 0064 0065 0066 0000 0000 0000 0000 00A1 00A2 0000 0000 00A5 00A6 00A7 0000 0000 0000 0000 0000 0000 0000 0000 0000 0000 0000 0000
0000 0000 0000 0000 0000 0083 0084 0085 0086 0000 0000 0000 00C0 00C1 00C2 0000 0000 00C5 00C6 00C7 0000 0000 0000 0000 0000 0000 0000 0000 0000 0000 0000 0000
00B4 00B5 00B6 0000 0000 0000 0000 0000 0000 0000 0000 0000 0000 00E1 00E2 00E3 00E4 00E5 0000 0000 0000 0000 0000 0000 0000 0000 0000 0000 0000 0000 0000 0000
00D4 00D5 00D6 0000 0000 0000 0000 0000 0000 0000 0000 0000 0000 0101 0102 0103 0104 0105 0000 0000 0000 0000 0000 0000 0000 0000 0000 0000 0000 0000 0000 0000
0000 0000 0000 0000 0000 0000 0000 0000 0000 0000 0000 0000 0000 0121 0122 0123 0000 0000 0000 0000 0000 0000 0000 0000 0000 0000 0000 0000 0000 0000 0000 0000
0000 0000 0000 0000 0000 0000 0000 0000 0000 0000 0000 0000 0000 0141 0142 0143 0000 0000 0000 0000 0000 0000 0000 0000 0000 0000 0000 0000 0000 0000 0000 0000
00B7 0000 0000 0000 0000 0000 0000 0000 0000 0000 0000 0000 0000 0161 0162 0163 0164 0165 0000 0000 0000 0000 0000 0000 0000 0000 0000 0000 0000 0000 0172 0173
00D7 0000 0000 00B9 00BA 00BB 00BC 00BD 00BE 0000 0000 0000 0000 0181 0182 0183 0184 0185 0000 0000 0000 0000 0000 0000 0000 0000 0000 0000 0000 0000 0192 0193
00F7 0000 00D8 00D9 00DA 00DB 00DC 00DD 00DE 0000 0000 0000 0000 01A1 01A2 01A3 0000 0000 0000 0000 01A8 01A9 01AA 01AB 01AC 01AD 01AE 01AF 01B0 01B1 01B2 01B3
0117 0000 0000 0000 0000 0000 0000 0000 0000 0000 0000 0000 0000 01C1 01C2 01C3 01C4 0000 0000 01C7 01C8 01C9 01CA 01CB 01CC 01CD 01CE 01CF 01D0 01D1 01D2 01D3
0000 0000 0000 0000 0000 0000 0000 0000 0000 0000 0000 0000 0000 01E1 01E2 01E3 01E4 0000 0000 01E7 01E8 01E9 01EA 01EB 01EC 01ED 01EE 01EF 01F0 01F1 01F2 01F3
0000 0000 0000 0000 0000 0000 0000 0000 0000 0000 0000 0000 0000 0201 0202 0203 0204 0205 0206 0207 0208 0209 020A 020B 020C 020D 020E 020F 0210 0211 0212 0213
0000 0000 0000 0000 0000 0000 0000 0000 0000 0000 0000 0000 0000 0221 0222 0223 0000 0225 0226 0227 0228 0000 022A 0000 022C 0000 022E 0000 0230 0000 0232 0000
0000 0000 0000 0243 0000 0000 0000 0245 0246 0247 0000 0000 0000 0000 0000 0000 0000 0000 0000 0000 0000 0000 0000 0000 0000 0000 0000 0000 0000 0000 0000 0000
0000 0000 0262 0263 0000 0000 0000 0265 0266 0267 0000 0000 0000 0000 0000 0000 0000 0000 0000 0000 0000 0000 0000 0000 0000 0000 0000 0000 0000 0000 0000 0000
0000 0281 0282 0000 0000 0000 0284 0285 0286 0000 0288 0289 028A 028B 0000 0000 0000 0000 0000 0000 0000 0460 0461 0462 0463 0464 0465 0466 0467 0000 0000 0000
02A0 02A1 0000 0000 046A 0000 02A4 02A5 02A6 0000 02A8 02A9 02AA 02AB 0000 046B 046C 046D 0000 0000 0000 0480 0481 0482 0483 0484 0485 0486 0487 0000 046E 046F
02C0 0000 0000 0489 048A 0000 02C4 02C5 02C6 0000 0000 0000 0000 0000 0000 048B 048C 048D 0000 0000 0000 0000 0000 0000 0000 0000 0000 0000 0000 0000 048E 048F
0000 0000 04A8 04A9 0000 0000 02E4 02E5 02E6 0000 0000 0000 0000 0000 0000 04AB 04AC 04AD 0000 0000 0000 0000 0000 0000 0000 0000 0000 0000 0000 0000 0000 0000
0470 0000 04C8 0000 0000 0000 0000 0305 0000 0307 0000 0000 0000 0000 0000 0000 0000 0000 0000 0000 0000 0313 0314 0000 0000 0000 0000 0000 0000 0000 0471 0472
0490 0000 0000 0000 0000 0000 0000 0325 0326 0327 0328 0000 0000 0000 0474 0475 0000 0000 0000 0000 0332 0333 0334 0000 0000 0000 0000 0000 0000 0000 0491 0492
04B0 0000 0000 0000 0000 0000 0000 0345 0346 0347 0348 0000 0000 0493 0494 0495 0000 0000 0000 0000 0000 0000 0000 0355 0356 0357 0358 0359 035A 0000 04B1 04B2
04D0 0000 0000 0479 0000 0000 0000 0365 0366 0367 0368 0000 0000 04B3 04B4 04B5 0000 0000 0000 0000 0000 0000 0000 0375 0376 0377 0378 0379 037A 0000 04D1 04D2
0000 0000 0498 0499 0000 0000 0000 0385 0386 0387 0388 0000 0000 0000 0000 0000 0000 0000 0000 0000 0000 0393 0394 0395 0396 0397 0000 0000 0000 0000 0000 0000
0000 04B7 04B8 0000 0000 0000 0000 03A5 03A6 03A7 03A8 0000 0000 0000 0000 0000 0000 0000 0000 0000 03B2 03B3 03B4 0000 0000 0000 0000 0000 0000 0000 0000 0000
04D6 04D7 0000 0000 0000 0000 0000 03C5 03C6 03C7 03C8 0000 0000 03CB 03CC 03CD 03CE 03CF 03D0 03D1 03D2 03D3 03D4 03D5 0000 0000 0000 0000 0000 0000 047A 047B
04F6 0000 0000 0000 0000 0000 0000 03E5 03E6 03E7 03E8 03E9 03EA 03EB 03EC 03ED 03EE 03EF 03F0 03F1 03F2 03F3 03F4 03F5 0000 0000 0000 047C 0000 0000 049A 049B
0000 0000 0000 0000 0000 047D 0000 0000 0406 0000 0408 0409 040A 0000 0000 0000 0000 0000 0000 0000 0000 0413 0414 0000 0000 0000 0000 0000 0000 0000 0000 0000
047E 0000 0000 0000 0000 0000 0000 0000 0000 0000 0000 0000 0000 0000 0000 0000 0000 0000 0000 0000 0432 0433 0434 0435 0436 0437 0000 0000 0000 0000 0500 0501
049E 0000 0000 0000 0000 0000 0000 0000 0000 0000 0000 0000 0000 0000 0000 0000 0000 0000 0000 0451 0000 0000 0000 0455 0456 0457 0000 0000 0000 0000 0520 0521
