ATARI GAUNTLET MOTION OBJECT 16X16 TILEMAP
SOURCE: level-022.png
GRID: 32 X 32
TILE_SIZE: 16 X 16
ATLAS_TILES: 2176
UNIQUE_PIXEL_TILES: 348
CONNECTED_OBJECT_GROUPS: 16

0020 0000 0000 0000 0000 0000 0025 0026 0027 0028 0029 002A 0000 0000 0000 0000 0000 0000 0000 0340 0341 0342 0343 0000 0000 0346 0347 0348 0349 034A 034B 034C
0040 0000 0041 0042 0043 0044 0045 0046 0047 0048 0049 004A 004B 004C 004D 0000 0000 034D 0000 0360 0361 0362 0363 0364 0365 0366 0367 0368 0369 036A 036B 036C
0000 0000 0061 0062 0063 0000 0000 0000 0000 0000 0000 006A 006B 006C 006D 0000 0000 0000 0000 0000 0000 0382 0383 0384 0385 0386 0000 0000 0000 0000 0000 038C
034E 0000 0081 0082 0083 0000 0000 0000 0000 0000 0000 008A 008B 008C 0000 0000 0000 0090 0091 0092 0000 0000 03A3 03A4 03A5 0000 03A7 03A8 03A9 03AA 03AB 03AC
036E 0000 00A1 00A2 00A3 0000 0000 0350 0351 0000 0000 00AA 00AB 00AC 00AD 00AE 0000 00B0 00B1 00B2 00B3 0000 0000 0000 0000 03C6 03C7 03C8 03C9 03CA 03CB 03CC
038E 0000 0000 0000 0000 0000 036F 0370 0371 0000 0000 00CA 00CB 00CC 00CD 00CE 00CF 0000 00D1 00D2 00D3 00D4 0000 0000 0000 03E6 03E7 03E8 03E9 03EA 03EB 03EC
03AE 0000 0000 0000 0000 0000 0000 0000 0000 0000 0000 0000 0000 00EC 0000 0000 0000 0000 0000 00F2 00F3 00F4 00F5 0000 0000 0406 0407 0408 0409 040A 040B 040C
03CE 0000 0000 0000 0000 0000 0000 0000 0000 0353 0354 0000 0000 010C 0000 0356 0000 0000 0000 0000 0000 0000 0000 0116 0000 0000 0000 0428 0429 042A 042B 042C
0000 0000 0000 0000 0000 0000 0000 0000 0372 0373 0374 0375 0000 012C 0000 0000 0000 0000 0000 0000 0000 0000 0000 0136 0137 0138 0000 0448 0449 044A 0000 0000
0000 0000 0000 0000 0000 0000 0000 0000 0392 0393 0394 0000 0000 0000 0000 0000 0000 0000 0000 0000 0000 0000 0000 0156 0000 0158 0000 0468 0469 046A 046B 046C
0000 0000 0357 0358 0359 0000 0000 0000 0000 0000 0000 0000 0000 0000 0000 0000 0000 0170 0171 0172 0173 0174 0000 0176 0177 0178 0000 0488 0489 048A 0000 0000
0000 0000 0377 0378 0379 0000 0185 0186 0187 0000 0000 0000 0000 0000 0000 0000 018F 0000 0000 0192 0193 0194 0195 0000 0000 0000 0000 04A8 04A9 04AA 0000 0000
06C0 0000 0000 0000 0000 0000 01A5 01A6 01A7 01A8 01A9 01AA 0000 0000 0000 0000 0000 0000 0000 0000 01B3 01B4 01B5 01B6 0000 0000 0000 04C8 04C9 04CA 0000 04CC
06E0 06E1 06E2 06E3 06E4 0000 0000 0000 01C7 01C8 01C9 01CA 0000 0000 0000 01CE 01CF 01D0 0000 0000 01D3 01D4 01D5 01D6 01D7 0000 04E7 04E8 04E9 04EA 04EB 04EC
0700 0701 0702 0703 0704 0000 01E5 01E6 01E7 0000 0000 01EA 0000 0000 0000 01EE 01EF 01F0 01F1 01F2 0000 0000 0000 0000 01F7 0000 0507 0508 0509 050A 050B 050C
0720 0721 0722 0000 0000 0000 0205 0206 0207 0208 0209 020A 020B 0000 0000 020E 020F 0210 0211 0212 0000 0000 0000 0000 0000 0000 0000 0528 0529 052A 052B 052C
0740 0741 0742 0000 0223 0224 0225 0226 0227 0228 0229 022A 022B 0000 0000 022E 022F 0230 0231 0000 0000 0000 0000 0000 0000 0000 0000 0000 0549 054A 054B 054C
0760 0761 0762 0000 0243 0244 0245 0246 0247 0248 0000 024A 024B 024C 024D 024E 024F 0250 0251 0252 0000 0000 0000 0000 0000 0000 0000 0000 0000 0000 056B 056C
0780 0781 0782 0000 0000 0000 0265 0266 0267 0000 0000 026A 026B 026C 0000 0000 026F 0270 0271 0272 0000 0000 0000 0000 0000 0000 0000 0000 0000 058A 058B 058C
07A0 07A1 07A2 0000 0000 0284 0285 0286 0287 0000 0000 0000 028B 028C 028D 0000 028F 0290 0291 0292 0293 0294 0000 0000 05A5 0000 0000 05A8 0000 05AA 05AB 05AC
07C0 07C1 07C2 0000 0000 02A4 02A5 02A6 02A7 0000 0000 0000 02AB 02AC 02AD 0000 02AF 02B0 02B1 02B2 02B3 02B4 02B5 0000 05C5 0000 0000 05C8 0000 05CA 05CB 05CC
0000 0000 07E2 0000 0000 0000 0000 0000 0000 0000 0000 0000 0000 0000 0000 0000 0000 02D0 02D1 02D2 02D3 0000 0000 0000 05E5 0000 05E7 05E8 05E9 05EA 05EB 05EC
0000 0000 0802 0000 0000 0000 0000 0000 0000 0000 0000 0000 0000 0000 0000 0000 0000 02F0 02F1 02F2 0000 0000 0000 0000 0605 0606 0607 0000 0000 060A 060B 060C
0000 0000 0822 0823 0000 0000 0000 0000 0000 06C9 06CA 06CB 0000 0000 0000 0000 030F 0310 0311 0000 0000 0000 0000 0000 0625 0626 0627 0628 0000 062A 062B 062C
0000 0000 0000 0000 0844 0845 0846 0000 06E8 06E9 06EA 06EB 06EC 0000 0000 0000 032F 0330 0331 0000 0000 06D3 0000 0644 0645 0646 0647 0648 0000 064A 064B 064C
0000 0000 0000 0000 0864 0865 0866 0000 0708 0709 070A 070B 070C 0000 0000 0000 0000 0000 0000 0000 0000 0000 0000 0664 0665 0666 0667 0000 0000 0000 0000 0000
06D4 0000 0000 0000 0000 0000 0000 0000 0728 0729 072A 0000 0000 0000 0000 0000 0000 0000 0000 0000 0000 0000 0000 0000 0685 0686 0687 0688 0000 0000 06D5 06D6
06F4 0000 0000 0000 0000 0000 0000 0747 0748 0000 074A 074B 074C 0000 0000 0000 0000 0000 0000 0000 0000 0000 0000 06A4 0000 0000 0000 0000 0000 0000 06F5 06F6
0000 0000 0000 0000 0000 0000 0000 0767 0768 0769 076A 076B 076C 0000 076E 0000 0000 0000 0000 0000 0000 0000 0000 0000 0000 0000 0000 0000 0000 0000 0000 0000
0000 0000 0000 0000 0000 0000 0000 0787 0788 0789 078A 078B 078C 078D 0000 0000 0790 0791 0792 0000 0000 0000 0000 0000 0000 0000 0000 0000 0000 0000 0000 0000
06D7 06D8 06D9 06DA 06DB 0000 0000 0000 0000 0000 0000 07AB 07AC 07AD 0000 07AF 07B0 07B1 07B2 0000 0000 0000 0000 0000 0000 0000 06DC 06DD 06DE 06DF 0000 0000
06F7 06F8 06F9 06FA 06FB 0000 0000 0000 0000 0000 0000 0000 0000 0000 07CE 07CF 07D0 07D1 07D2 0000 0000 0000 0000 0000 0000 0000 06FC 06FD 06FE 06FF 0000 0000
