ATARI GAUNTLET PLAYFIELD 16X16 TILEMAP
SOURCE: level-077-playfield.png
GRID: 32 X 32
TILE_SIZE: 16 X 16
UNIQUE_TILES: 54

0000 0001 0002 0001 0003 0003 0003 0003 0003 0003 0003 0003 0003 0003 0003 0003 0003 0003 0003 0003 0003 0003 0003 0003 0003 0003 0003 0003 0003 0003 0003 0003
0004 0005 0006 0007 0008 0009 000A 000B 0008 0009 000A 000B 0008 0009 000A 000B 0008 0009 000A 000B 0008 0009 000A 000B 0008 0009 000A 000B 0008 0009 000A 000B
000C 0001 000D 000E 000F 0010 0011 0012 0013 0010 0011 0012 0013 0010 0011 0012 0013 0010 0011 0012 0013 0010 0011 0012 0013 0010 0011 0012 0013 0010 0014 000A
0004 0007 0015 0014 0016 0001 0003 0017 0003 0003 0003 0017 0003 0003 0003 0017 0003 0003 0003 0017 0003 0003 0003 0017 0003 0003 0003 0017 0003 0018 0019 0009
0004 001A 001B 0019 001C 001A 000F 0010 0011 0012 0013 0010 001D 0012 0013 0010 001D 0012 0013 0010 001D 0012 0013 0010 001D 0012 0013 0010 0014 0004 0007 0008
0004 001E 001C 0007 0004 001E 0016 0001 0017 0003 0003 0003 0017 0003 0003 0003 0017 0003 0003 0003 0017 0003 0003 0003 0017 0003 0003 0018 001F 0004 001A 000B
0004 0019 0004 0020 0004 0019 0004 001A 000F 0010 0011 0021 0013 0010 0011 0012 0013 0010 0011 0012 0013 0022 0011 0012 0013 0010 0014 001C 0023 0004 001E 000A
0004 0007 0004 0024 0004 0007 001C 001E 0016 0025 0003 0003 0003 0017 0003 0003 0003 0017 0003 0003 0003 0017 0003 0003 0003 0026 0019 0004 001A 0004 0019 0009
0004 001A 0004 0019 001C 001A 0004 0019 0004 001A 000F 0010 0011 0012 0027 0010 0011 0012 0013 0010 0011 0012 0013 0010 0014 0004 0007 0004 001E 0004 0007 0008
0004 001E 001C 0007 0004 001E 0004 0007 0004 001E 0016 0001 0017 0003 0003 0003 0017 0003 0003 0003 0017 0003 0003 0018 0019 0004 001A 0004 0019 0004 001A 000B
0004 0019 0004 001A 0004 0019 0004 0020 001C 0019 0004 001A 0028 0010 0011 0012 0013 0010 0011 0012 0013 0010 0014 001C 0023 0004 001E 001C 0023 0004 001E 000A
0004 0007 0004 0024 0004 0007 001C 001E 0004 0007 001C 001E 0016 0001 0003 0017 0003 0003 0003 0017 0003 0018 0019 0004 001A 001C 0019 0004 001A 0004 0019 0009
0004 001A 0004 001F 001C 001A 0004 0019 0004 001A 0004 0019 001C 001A 000F 0010 0011 0012 0013 0022 0014 0004 0007 0004 001E 0004 0007 0004 001E 0004 0007 0008
0004 001E 001C 0023 0004 001E 0004 0007 0004 001E 0004 0023 0004 001E 0016 0001 0003 0003 0017 0018 0019 001C 001A 0004 0019 0004 001A 0004 001F 0004 001A 000B
0004 0019 0004 001A 0004 0019 0004 001A 001C 001F 0004 001A 0004 001F 0004 001A 000F 0010 0014 0004 0007 0004 001E 001C 0007 0004 001E 001C 0023 0004 001E 000A
0004 0007 0004 001E 0004 0007 001C 001E 0004 0007 001C 001E 0004 0007 0004 001E 0029 0018 0019 0004 001A 0004 001F 0004 001A 001C 0019 0004 001A 0004 0019 0009
0004 001A 0004 0019 001C 001A 0004 0019 0004 001A 0004 0019 001C 001A 0004 002A 0011 002B 0023 0004 001E 0004 0007 0004 001E 0004 0007 0004 001E 0004 0007 0008
0004 001E 001C 0023 0004 001E 0004 0007 0004 001E 0004 0007 0004 001E 002C 0003 0003 000D 000E 001C 001F 0004 001A 0004 0019 0004 001A 0004 0019 0004 001A 000B
0004 0019 0004 0020 0004 0019 0004 001A 001C 0019 0004 001A 0004 002A 0011 0012 0013 0010 0011 0006 0007 001C 001E 0004 0007 0004 001E 001C 0007 0004 001E 000A
0004 0007 0004 001E 0004 0007 001C 001E 0004 0007 001C 001E 002D 0017 0003 0003 0003 0017 0003 000D 000E 0004 0019 001C 0020 0004 0019 0004 001A 0004 0019 0009
0004 001A 0004 0019 001C 001A 0004 0019 0004 001A 0004 002A 0011 0012 0013 0010 0011 0012 0013 0010 0011 0006 0007 0004 001E 0004 0007 0004 001E 0004 0007 0008
0004 001E 001C 0007 0004 001E 0004 0007 0004 001E 002D 0003 0017 0003 0003 0003 0017 0003 0003 0003 0017 000D 000E 0004 0019 0004 001A 001C 001F 0004 001A 000B
0004 0019 0004 001A 0004 0019 0004 001A 001C 002A 0011 0012 0013 0010 0011 0012 0013 0010 0011 0012 0013 0010 0011 0006 0007 001C 001E 0004 0023 0004 001E 000A
0004 0007 0004 0024 0004 0007 001C 001E 002D 0003 0003 0017 0003 0003 0003 0017 0003 0003 0003 0017 0003 0003 0003 002E 000E 0004 001F 0004 001A 0004 0019 0009
0004 001A 0004 0019 001C 001A 0004 002A 0011 0012 0013 0010 0011 0012 0013 0010 0011 0012 0013 0010 0011 0012 0013 0010 0011 0006 0007 0004 001E 0004 0007 0008
0004 001E 001C 0007 0004 001E 002D 0003 0017 0003 0003 0003 0017 0003 0003 0003 0017 0003 0003 0003 0017 0003 0003 0003 0017 000D 000E 001C 0019 0004 001A 000B
0004 0019 0004 001A 0004 002A 0011 0012 0013 0010 0011 0012 0013 0010 0011 0012 0027 0010 0011 0012 0013 0010 0011 0012 0013 0010 0011 0006 0007 0004 001E 000A
0004 0007 0004 001E 002D 0017 0003 0003 0003 0017 0003 0003 0003 0017 0003 0003 0003 0017 0003 0003 0003 0017 0003 0003 0003 0017 0003 000D 000E 0004 002A 0014
0004 001A 0004 002A 0011 0012 0027 0022 0011 0012 0013 0010 0011 0012 0013 0010 0011 0012 0013 0022 0011 0012 0027 0022 0011 0012 0013 0010 0011 002F 0030 0031
0004 001E 002D 0003 0003 0003 0003 0003 0003 0003 0003 0003 0003 0003 0003 0003 0003 0003 0003 0003 0003 0003 0003 0003 0003 0003 0003 0003 0002 0032 000E 000B
0004 0019 0009 000A 000B 0008 0009 000A 000B 0008 0009 000A 000B 0008 0009 000A 000B 0008 0009 000A 000B 0008 0009 000A 000B 0008 0009 000A 0033 0031 0009 000A
0006 0034 0010 0011 0012 0013 0010 0011 0012 0013 0010 0011 0012 0013 0010 0011 0012 0013 0010 0011 0012 0013 0010 0011 0012 0013 0010 0011 0012 0013 0010 0035
