ATARI GAUNTLET PLAYFIELD 16X16 TILEMAP
SOURCE: level-033-playfield.png
GRID: 32 X 32
TILE_SIZE: 16 X 16
UNIQUE_TILES: 83

0000 0000 0000 0000 0000 0000 0000 0000 0000 0000 0000 0000 0001 0000 0000 0001 0000 0000 0000 0000 0000 0000 0000 0000 0000 0000 0000 0000 0000 0000 0000 0000
0002 0003 0004 0005 0002 0003 0004 0005 0002 0003 0004 0005 0002 0003 0004 0005 0002 0003 0004 0005 0002 0003 0004 0005 0002 0003 0004 0005 0002 0003 0004 0005
0005 0002 0003 0004 0005 0002 0003 0004 0005 0002 0003 0004 0005 0002 0003 0004 0005 0002 0003 0004 0005 0002 0003 0004 0005 0002 0003 0004 0005 0002 0003 0004
0006 0007 0008 0009 0006 000A 0008 0009 0006 0007 0008 0009 0006 0007 0008 0009 000A 0007 0008 0009 0006 0007 0008 0009 0006 0007 0008 000A 0006 0007 0008 0009
0000 0000 0000 0000 0000 0000 0000 0000 0000 0000 0000 0000 0000 0000 0000 0000 000B 0000 0000 0000 0000 0000 0000 0000 0000 0000 0000 0000 0000 0000 0000 0000
0002 0003 0004 0005 0002 000A 0004 0005 0002 0003 0004 0005 0002 0003 0004 000C 000D 000E 000F 0005 0002 0003 0004 0005 0002 0003 0004 000A 0002 0003 0004 0005
0005 0002 0003 0004 0005 0002 0003 0004 0005 0002 0003 0004 0005 0002 0003 0010 0011 0010 0012 0004 0005 0002 0003 0004 0005 0002 0003 0004 0005 0002 0003 0004
0006 0007 0008 0009 0006 0007 0008 0009 0006 0007 0008 0009 0006 0007 0008 0009 0006 0007 0008 0009 0006 0007 0008 0009 0006 0007 0008 0009 0006 0007 0008 0009
0000 0000 0000 0000 0000 0000 000B 0000 0000 0000 0000 0000 0000 0013 0014 0000 000B 0000 0000 0013 0014 0000 0000 0000 0000 0000 000B 0000 0000 0000 0000 0000
0002 0003 0004 0005 0002 0003 0004 0005 0002 0003 0004 0005 0015 0016 0017 0005 000A 0018 0004 0019 001A 0018 0004 0005 0002 0003 0004 0005 0002 0003 0004 0005
0005 0002 0003 0004 0005 0002 0003 0004 0005 0002 0003 001B 001C 001A 0018 001B 001D 001A 0018 001B 001C 001A 0018 0004 0005 0002 0003 0004 0005 0002 0003 0004
000A 0007 0008 0009 0006 0007 0008 0009 0006 0007 0008 001C 0017 001E 001A 001C 0017 001E 001A 001C 0017 0010 001A 0009 0006 0007 0008 0009 0006 0007 0008 0009
0014 0013 0014 0013 0014 0000 0000 0000 0000 0013 001F 001A 0018 001B 001C 001A 0018 001B 001C 001A 0018 001B 0020 0013 0014 0000 0000 0000 0000 0013 0014 0013
000A 0021 0017 0022 0023 0003 0004 0005 0002 0022 0024 0010 001A 001D 0017 0010 001A 001C 0017 001E 001A 001D 0017 0022 0023 0003 0004 0005 0002 0022 0024 0025
001E 0026 0003 0022 0027 0002 0003 0004 0005 0022 0028 001B 001C 001A 0018 001B 001C 001A 0018 001B 001C 001A 0018 0022 0027 0002 0003 0004 0005 0022 0028 0004
001B 0029 0002 0022 0024 0005 0002 000E 000F 0025 001A 001D 0017 001E 001A 001C 0017 0010 001A 001D 0017 0010 001A 0021 0017 000C 000D 0003 0004 0022 0023 0003
001C 002A 0029 0022 0028 0004 0005 002B 0028 001B 001C 001A 0018 001B 001C 001A 0018 001B 001C 001A 0018 001B 001C 001A 0018 002B 0027 0002 0003 0022 0027 0015
0026 001E 0017 0022 0023 0003 0004 0022 002C 001C 0017 0010 001A 001D 0017 001E 001A 001D 0017 001E 001A 001D 0017 001E 001A 002D 0024 0005 0002 0022 0024 001E
0005 0002 0003 0022 0027 0002 0003 002E 002F 001A 0018 001B 001C 001A 0018 001B 001C 001A 0018 001B 001C 001A 0018 001B 0030 0031 0028 0004 0005 0022 0028 0004
0004 0005 0015 002D 0024 0005 0002 0022 0024 001E 001A 001D 0017 001E 001A 001D 0017 0010 001A 001D 0017 0010 001A 001C 0017 0022 0023 0003 0004 0022 002C 0018
000E 000F 0032 0031 0028 0004 0005 0022 0028 001B 0033 002C 0018 001B 001C 001A 0018 001B 001C 001A 0018 001B 0033 002C 0018 0022 0027 0002 0003 002E 001F 0026
001E 0012 0004 0022 0023 0003 0004 0022 002C 0034 0035 0036 001A 001C 0017 001E 001A 001D 0017 001E 001A 0020 0037 0038 002C 002D 0024 0005 0002 0022 0024 0005
0005 0002 0003 0022 0027 0002 0003 002E 0039 003A 003B 0006 001C 001A 0018 001B 001C 001A 0018 001B 001C 001A 0009 003C 0039 0031 0028 0004 0005 0022 0028 0004
0004 0005 0002 0022 0024 0005 0002 0022 0024 003D 003E 002F 0017 0010 001A 001D 0017 0010 001A 001C 0017 003F 003E 0040 0017 0022 0023 0003 0004 0022 0023 0003
0003 0004 0005 0022 0028 0004 0005 0022 0028 001B 0021 001A 0018 001B 001C 001A 0018 001B 001C 001A 0018 001B 0021 001A 0018 0022 0027 0002 0003 0022 0027 0002
0008 0009 000F 0022 0023 0003 0004 0022 002C 001D 0017 001E 001A 001C 0017 001E 001A 001C 0017 001E 001A 001C 0017 001E 001A 002D 0024 0005 0002 0022 0024 000C
0013 001F 0012 0022 0041 0041 0041 0042 0043 002C 0009 0006 0044 002C 0009 0006 0044 002C 0009 0006 0044 002C 0009 0006 0045 0046 0041 0041 0041 002D 0028 0032
0022 0027 0002 003D 0013 0014 0013 0047 0048 0000 0000 0000 0001 0000 0000 0000 0001 0013 0014 0000 0049 0014 0000 0000 004A 0048 0013 0014 0013 0040 0026 0003
0025 0017 0005 0015 0021 002A 002D 0023 0003 0004 0005 0002 0003 0004 0005 0015 004B 0022 004C 0008 002D 0024 0005 0002 0003 0004 0022 002C 0021 002A 0029 0002
0002 0003 001B 001C 001A 0020 004D 0011 0002 0003 0004 0005 0015 0009 0006 0033 0023 004E 0039 0000 004D 0012 0004 0005 0002 0003 004F 0050 001A 001C 002A 0029
0005 0002 001E 0017 001E 0026 0003 0004 0005 0002 0003 0004 0051 0014 000B 003A 0027 0025 0012 0004 0005 0002 0003 0004 0005 0002 0003 0004 001E 0026 001E 0017
0006 0007 0008 0009 0006 0007 0008 0009 0006 0007 0008 0009 002D 004C 0008 002D 0052 0007 0008 0009 0006 0007 0008 0009 0006 0007 0008 0009 0006 0007 0008 0009
