ATARI GAUNTLET MOTION OBJECT 16X16 TILEMAP
SOURCE: level-083.png
GRID: 32 X 32
TILE_SIZE: 16 X 16
ATLAS_TILES: 736
UNIQUE_PIXEL_TILES: 179
CONNECTED_OBJECT_GROUPS: 25

0000 0000 0000 0000 0000 0000 0000 0023 0024 0025 0000 0000 0028 0029 002A 0000 0000 0000 002C 002D 002E 0000 0000 0000 0000 0000 0000 0000 0000 0000 0000 0000
002F 0030 0031 0000 0040 0041 0042 0043 0044 0045 0000 0000 0048 0049 004A 0000 0000 004B 004C 004D 004E 0000 0000 0000 0000 0000 0033 0034 0000 0000 0000 0000
004F 0050 0051 0000 0060 0061 0062 0000 0064 0065 0066 0067 0000 0000 0000 0000 0000 006B 006C 006D 006E 0000 0000 0000 0000 0052 0053 0054 0055 0056 0057 0000
0000 0000 0000 0000 0000 0000 0000 0000 0084 0085 0086 0087 0000 0000 0000 0000 0000 0000 008C 008D 008E 0000 0000 0000 0000 0000 0000 0000 0075 0076 0077 0000
0000 0000 0000 0000 0000 0000 0000 0000 0000 0000 0000 0000 0000 0000 0000 0000 0000 0000 00AC 00AD 00AE 0000 0000 0000 0000 0000 0000 0000 0000 0000 0000 0000
0000 0000 0000 0000 0000 0000 0000 0000 0000 0000 0000 0000 0107 0108 0109 010A 010B 0000 00CC 00CD 00CE 0000 0000 0000 0000 0000 0000 0000 0000 0000 0000 0000
0000 0000 0000 0000 0000 0000 0000 0000 0000 0000 0000 0000 0127 0128 0129 012A 012B 0000 00EC 00ED 00EE 0000 0000 0000 0000 0000 0000 0000 0000 0000 0000 0000
0000 0000 0000 0000 0000 0000 0000 0142 0143 0144 0145 0146 0000 0000 0000 0000 0000 0000 0000 0000 0000 0000 0000 0000 0000 0000 0000 0000 0000 0000 0000 0000
0000 0000 0000 011A 011B 011C 0000 0162 0163 0164 0165 0166 0000 0000 0000 0000 0000 0000 0000 0000 0000 0000 0000 0000 0000 0000 0000 0000 0000 0000 0000 0000
0000 0000 0000 013A 013B 013C 0000 0000 0183 0184 0000 0186 0187 0188 0189 018A 018B 018C 018D 018E 018F 0190 0000 0000 0000 0194 0195 0000 0000 0000 0000 0000
0000 0000 0000 0000 0000 0000 0000 01A2 01A3 01A4 01A5 01A6 01A7 01A8 01A9 01AA 01AB 01AC 01AD 01AE 01AF 01B0 01B1 0000 01B3 01B4 01B5 0000 0000 0000 0000 0000
0000 0000 0000 0000 0000 0000 0000 0000 01C3 01C4 01C5 01C6 01C7 01C8 01C9 01CA 01CB 01CC 01CD 01CE 01CF 01D0 01D1 01D2 01D3 0000 0000 0000 01D7 01D8 01D9 0000
011D 011E 011F 0000 0000 01E0 01E1 01E2 01E3 01E4 01E5 01E6 01E7 01E8 01E9 01EA 01EB 01EC 01ED 01EE 01EF 01F0 01F1 01F2 01F3 01F4 01F5 01F6 01F7 01F8 01F9 0000
013D 013E 013F 0000 0000 0200 0201 0202 0000 0000 0205 0206 0207 0000 0000 0000 0000 0000 0000 0000 020F 0210 0211 0000 0000 0214 0215 0216 0000 0000 0000 0000
0000 0000 0000 0000 0000 0000 0000 0000 0000 0000 0000 0000 0000 0000 0220 0221 0222 0223 0224 0000 0000 0000 0000 0000 0000 0000 0000 0000 0000 0000 0000 0000
0000 0000 0000 0000 0000 0000 0000 0000 0000 0000 0000 0000 0000 0000 0240 0241 0242 0243 0244 0000 0000 0000 0000 0000 0000 0000 0000 0225 0226 0227 0000 0000
0000 0000 0228 0229 022A 0000 0000 0000 0000 0000 0000 0000 0000 0000 0000 0000 0000 0000 0000 0000 0000 0000 0000 0000 0000 0000 0000 0245 0246 0247 0000 0000
0000 0000 0248 0249 024A 0000 0000 0000 0000 0000 0000 0000 0000 0000 0000 0000 0000 0000 0000 0000 0000 0000 022B 022C 022D 0000 0000 0000 0000 0000 0000 0000
0000 0000 0000 0000 0000 0000 0000 0000 0000 0000 0000 0000 0000 0000 0000 0000 0000 0000 0000 0000 0000 0000 024B 024C 024D 0000 0000 0000 022E 022F 0230 0000
0000 0000 0000 0000 0000 0000 0000 0000 0000 0000 0000 0000 0000 0000 0000 0000 0000 0000 0000 0000 0000 0000 0000 0000 0000 0000 0000 0000 024E 024F 0250 0000
0000 0000 0000 0000 0000 0000 0000 0000 0000 0000 0000 0231 0232 0233 0000 0000 0000 0000 0000 0000 0000 0000 0000 0000 0000 0000 0000 0000 0000 0000 0000 0000
0000 0000 0234 0235 0236 0000 0237 0238 0239 0000 0000 0251 0252 0253 0000 0000 0000 0000 0000 0000 0000 0000 0000 0000 0000 0000 0000 0000 0000 0000 0000 0000
0000 0000 0254 0255 0256 0000 0257 0258 0259 0000 0000 0000 0000 0000 0000 0000 023A 0000 0000 0000 0000 0000 0000 0000 0000 0000 0000 0000 023C 023D 023E 0000
0000 0000 0000 0000 0000 0000 0000 0000 0000 0000 0000 0000 0000 0000 0000 0000 0000 0000 0000 0000 0000 0000 0000 0000 0000 0000 0000 025B 025C 025D 025E 0000
0000 0000 0000 0000 0000 0000 0000 0000 0000 0000 0000 0000 0000 0000 0000 0000 0000 0260 0261 0262 0000 0000 0000 0000 0000 0000 0000 0000 0000 0000 0000 0000
0000 0000 0000 0000 0000 0000 0263 0264 0265 0000 0000 0000 0000 0000 0000 0000 0000 0280 0281 0282 0000 0000 0000 0266 0267 0268 0000 0000 0000 0000 0000 0000
0000 0000 0000 0000 0000 0000 0283 0284 0285 0000 0000 0000 0000 0000 0000 0000 0000 02A0 02A1 02A2 0000 0000 0000 0286 0287 0288 0000 0000 0000 0000 0000 0000
0000 0000 0000 0000 0000 0000 0000 0000 0000 0000 0000 0000 0000 0000 0000 0000 0000 0000 0000 0000 0000 0000 0000 0000 0000 0000 0000 0000 0000 0000 0000 0000
0000 0000 0000 0000 0000 0000 0269 026A 026B 0000 0000 0000 0000 0000 0000 026E 026F 0270 0000 0000 0000 0000 0000 0000 0000 0000 0274 0275 0276 0000 0000 0000
0000 0000 0000 0000 0000 0000 0289 028A 028B 0000 0000 0000 0000 0000 0000 028E 028F 0290 0000 0000 0000 0000 0000 0000 0000 0000 0294 0295 0296 0000 0000 0000
0277 0278 0279 0000 0000 0000 0000 0000 0000 0000 0000 0000 0000 02AC 02AD 02AE 0000 0000 0000 0000 0000 0000 0000 02B1 02B2 02B3 0000 0000 0000 0000 027A 027B
0297 0298 0299 0000 0000 0000 0000 0000 0000 0000 0000 0000 0000 02CC 02CD 02CE 0000 0000 0000 0000 0000 0000 0000 02D1 02D2 02D3 0000 0000 0000 0000 029A 029B
