ATARI GAUNTLET MOTION OBJECT 16X16 TILEMAP
SOURCE: level-027.png
GRID: 32 X 32
TILE_SIZE: 16 X 16
ATLAS_TILES: 1120
UNIQUE_PIXEL_TILES: 144
CONNECTED_OBJECT_GROUPS: 2

0020 0021 0022 0000 0000 0025 0000 0000 0000 0000 0000 0000 0000 002D 002E 002F 0030 0031 0032 0000 0000 0000 0000 0000 0000 0000 003A 0000 0000 0000 0420 0421
0040 0041 0042 0000 0000 0045 0000 0000 0000 0000 0000 0000 0000 004D 004E 004F 0050 0051 0052 0000 0000 0000 0000 0000 0000 0000 005A 0000 0000 0000 0440 0441
0060 0000 0000 0000 0064 0065 0066 0067 0000 0000 0000 0000 0000 0000 006E 006F 0070 0071 0000 0000 0000 0000 0000 0000 0078 0079 007A 007B 0000 0000 0000 0000
0080 0000 0000 0083 0084 0000 0000 0087 0088 0000 0000 0000 0000 008D 008E 008F 0090 0091 0092 0000 0000 0000 0000 0097 0098 0099 009A 009B 009C 0000 0000 0000
00A0 0000 00A2 00A3 00A4 00A5 00A6 0000 00A8 00A9 0000 0000 00AC 00AD 0000 00AF 00B0 00B1 00B2 00B3 0000 0000 00B6 00B7 00B8 00B9 00BA 00BB 00BC 00BD 0000 0000
00C0 00C1 00C2 0000 00C4 00C5 00C6 00C7 00C8 00C9 00CA 00CB 00CC 00CD 00CE 0000 0000 0000 0000 00D3 00D4 00D5 00D6 0000 0000 0000 00DA 00DB 00DC 00DD 00DE 00DF
00E0 0000 00E2 0000 0000 0000 00E6 00E7 00E8 00E9 0000 0000 0000 00ED 00EE 00EF 0000 0000 0000 0000 0000 0000 0000 0000 0000 00F9 00FA 00FB 00FC 00FD 0000 0000
0100 0000 0102 0103 0000 0105 0106 0107 0108 0000 0000 0000 0000 0000 0000 0000 0000 0000 0000 0000 0000 0000 0000 0000 0000 0119 011A 011B 011C 011D 0000 0000
0120 0000 0000 0123 0124 0125 0126 0127 0128 0129 012A 012B 012C 012D 012E 012F 0130 0131 0132 0133 0134 0135 0000 0000 0000 0000 013A 013B 013C 0000 0000 0000
0140 0000 0000 0000 0144 0000 0000 0000 0148 0149 014A 0000 0000 0000 014E 014F 0150 0000 0000 0153 0154 0155 0000 0000 0000 0000 0000 015B 0000 0000 0000 0000
0160 0000 0000 0000 0164 0000 0000 0000 0168 0169 016A 016B 0000 0000 0000 0000 0000 0000 0172 0173 0174 0175 0000 0000 0000 0000 0000 017B 0000 0000 0000 0000
0180 0181 0182 0183 0184 0000 0000 0000 0188 0189 018A 018B 0000 0000 0000 0000 0000 0000 0192 0193 0194 0195 0000 0000 0198 0199 0000 019B 019C 0000 019E 019F
01A0 01A1 01A2 01A3 0000 0000 0000 0000 01A8 0000 0000 01AB 01AC 01AD 01AE 01AF 01B0 01B1 01B2 0000 0000 01B5 0000 0000 01B8 01B9 01BA 0000 01BC 01BD 01BE 01BF
01C0 0000 01C2 0000 0000 0000 0000 0000 01C8 0000 0000 01CB 01CC 0000 0000 01CF 0000 0000 01D2 0000 0000 01D5 0000 0000 0000 0000 0000 0000 01DC 01DD 0000 0000
01E0 01E1 01E2 0000 01E4 01E5 0000 0000 01E8 0000 01EA 01EB 0000 0000 0000 0000 0000 0000 01F2 01F3 0000 01F5 01F6 01F7 0000 0000 0000 0000 0000 01FD 01FE 01FF
0200 0201 0202 0203 0204 0205 0206 0000 0208 0209 020A 020B 0000 0000 0000 0000 0000 0000 0000 0213 0214 0215 0216 0217 0218 0000 0000 0000 021C 021D 021E 021F
0220 0000 0000 0223 0224 0000 0000 0000 0228 0229 022A 0000 0000 0000 0000 0000 0000 0000 0000 0233 0234 0235 0000 0000 0000 0000 0000 023B 023C 0000 0000 0000
0240 0000 0000 0000 0244 0245 0246 0000 0248 0000 024A 024B 0000 0000 0000 0000 0000 0251 0252 0253 0000 0255 0000 0000 0000 0000 0000 025B 0000 0000 0000 0000
0260 0000 0000 0000 0264 0265 0266 0267 0268 0000 0000 026B 026C 0000 0000 0000 0000 0000 0272 0000 0000 0275 0000 0000 0000 0000 0000 027B 0000 0000 0000 0000
0280 0281 0282 0283 0284 0000 0000 0000 0288 0000 028A 028B 028C 028D 028E 028F 0290 0291 0292 0293 0294 0295 0000 0000 0000 0000 0000 029B 029C 0000 0000 0000
02A0 02A1 02A2 02A3 0000 0000 0000 0000 02A8 0000 02AA 02AB 02AC 0000 0000 0000 0000 0000 02B2 02B3 02B4 02B5 02B6 02B7 0000 0000 0000 0000 02BC 02BD 0000 0000
02C0 02C1 02C2 0000 0000 0000 0000 0000 02C8 02C9 02CA 0000 0000 0000 02CE 02CF 02D0 0000 0000 02D3 02D4 02D5 02D6 02D7 02D8 0000 0000 0000 02DC 02DD 02DE 02DF
02E0 0000 02E2 0000 0000 0000 0000 0000 02E8 02E9 02EA 0000 0000 0000 02EE 02EF 02F0 0000 0000 02F3 02F4 02F5 0000 0000 0000 02F9 02FA 0000 0000 02FD 0000 0000
0300 0000 0302 0000 0000 0000 0000 0000 0308 0309 030A 030B 030C 030D 030E 030F 0310 0311 0312 0313 0314 0315 0000 0000 0000 0319 031A 031B 031C 031D 0000 0000
0320 0000 0322 0323 0324 0000 0000 0000 0000 0000 0000 0000 032C 032D 032E 0000 0000 0000 0000 0000 0000 0000 0000 0000 0000 0000 0000 033B 033C 0000 0000 0000
0340 0000 0342 0343 0344 0345 0346 0347 0348 0000 0000 0000 0000 0000 0000 0000 0000 0000 0000 0000 0000 0000 0000 0000 0000 0000 0000 035B 0000 0000 0000 0000
0360 0000 0362 0363 0364 0365 0366 0367 0368 0369 0000 0000 0000 0000 0000 036F 0370 0000 0000 0000 0000 0000 0000 0000 0378 0379 0000 037B 0000 0000 0000 0000
0380 0381 0382 0383 0384 0000 0000 0000 0000 0389 038A 038B 038C 0000 0000 038F 0390 0391 0000 0393 0394 0395 0396 0000 0398 0399 039A 039B 039C 0000 0000 0000
03A0 0000 03A2 03A3 0000 03A5 03A6 03A7 03A8 03A9 0000 0000 03AC 03AD 0000 0000 0000 0000 03B2 03B3 0000 0000 03B6 03B7 0000 0000 03BA 03BB 03BC 03BD 0000 0000
03C0 03C1 03C2 03C3 03C4 03C5 03C6 03C7 03C8 0000 0000 0000 03CC 03CD 03CE 0000 0000 03D1 03D2 03D3 0000 0000 0000 03D7 03D8 0000 03DA 03DB 03DC 03DD 03DE 03DF
03E0 03E1 03E2 0000 03E4 0000 0000 03E7 0000 0000 0000 0000 03EC 03ED 03EE 0000 0000 03F1 03F2 03F3 0000 0000 0000 0000 03F8 0000 0000 0000 03FC 03FD 03FE 03FF
0400 0000 0000 0000 0404 0000 0000 0407 0000 0000 0000 0000 0000 0000 040E 0000 0000 0411 0000 0000 0000 0000 0000 0000 0418 0000 0000 0000 0000 0000 041E 0000
