ATARI GAUNTLET MOTION OBJECT 16X16 TILEMAP
SOURCE: level-032.png
GRID: 32 X 32
TILE_SIZE: 16 X 16
ATLAS_TILES: 1344
UNIQUE_PIXEL_TILES: 204
CONNECTED_OBJECT_GROUPS: 15

0020 0000 0000 0000 0000 0000 0000 0000 0000 0000 0000 0000 0000 0000 0000 002F 0030 0031 0032 0033 0000 0000 0000 0000 0038 0039 003A 0000 0000 0000 003E 003F
0040 0041 0042 0000 0000 0000 0000 0000 0000 0000 0000 0000 0000 0000 0000 004F 0050 0051 0052 0053 0054 0055 0056 0000 0058 0059 005A 005B 005C 005D 005E 005F
0060 0000 0000 0000 0000 0000 0000 0000 0000 0000 0000 0000 0000 0000 0000 006F 0070 0071 0072 0073 0074 0075 0076 0000 0000 0000 0000 007B 007C 007D 007E 007F
0080 0000 0000 0000 0000 0000 0000 0000 0000 0089 008A 008B 008C 008D 008E 008F 0090 0091 0092 0093 0094 0000 0000 0000 0000 0099 009A 0000 0000 009D 009E 009F
00A0 00A1 00A2 00A3 0000 0000 0000 00A7 00A8 00A9 00AA 00AB 00AC 00AD 00AE 00AF 00B0 00B1 00B2 00B3 00B4 00B5 0000 0000 00B8 00B9 00BA 0000 0000 00BD 00BE 00BF
00C0 00C1 00C2 00C3 0000 0000 0000 00C7 00C8 00C9 00CA 00CB 00CC 00CD 00CE 00CF 00D0 00D1 00D2 00D3 00D4 00D5 00D6 0000 0000 0000 0000 0000 0000 00DD 00DE 00DF
00E0 0000 0000 0000 00E4 00E5 00E6 0000 0000 0000 0000 0000 0000 0000 00EE 00EF 00F0 0000 0000 0000 00F4 00F5 00F6 0000 0000 0000 0000 0000 0000 00FD 00FE 00FF
0100 0000 0000 0000 0104 0105 0106 0000 0000 0000 0000 0000 0000 0000 010E 010F 0110 0000 0112 0113 0114 0000 0116 0117 0000 0000 0000 0000 0000 011D 011E 011F
0120 0000 0000 0000 0000 0000 0000 0000 0000 0000 0000 0000 0000 0000 0000 0000 0000 0000 0132 0133 0134 0135 0136 0137 0000 0000 013A 013B 013C 013D 013E 013F
0140 0000 0000 0000 0000 0000 0000 0000 0000 0000 0000 0000 0000 0000 0000 0000 0000 0000 0000 0000 0000 0000 0000 0000 0000 0000 015A 015B 015C 015D 015E 015F
0160 0000 0000 0000 0000 0000 0000 0000 0000 0000 0000 0000 0000 0000 0000 0000 0000 0000 01C0 01C1 01C2 0000 0000 0000 0178 0179 017A 0000 0000 017D 017E 017F
0180 0181 0182 0000 0000 0000 0000 0000 0000 0000 0000 0000 0000 0000 0000 0000 0000 0000 01E0 01E1 01E2 0000 0000 0000 0198 0199 019A 0000 0000 019D 019E 019F
01A0 01A1 01A2 0000 0000 0000 0000 0000 0000 0000 01C7 01C8 01C9 0000 0000 0000 0000 0000 0000 0000 0000 0000 0000 0000 0000 0000 0000 0000 0000 0000 0000 0000
0000 0000 0000 0000 0000 0000 0000 0000 0000 0000 01E7 01E8 01E9 0000 0000 0000 0000 0000 01D1 01D2 01D3 0000 0000 01D4 01D5 01D6 0000 0000 0000 0000 0000 0000
0000 0000 0000 0000 0000 0000 0203 0204 0205 0206 0000 0000 0000 0000 01ED 0000 0000 0000 01F1 01F2 01F3 0000 0000 01F4 01F5 01F6 0000 0000 0000 0000 0000 0000
0000 0000 0000 0000 0000 0000 0223 0224 0225 0226 0000 0000 0000 0000 020D 0000 0000 0210 0211 0000 0000 0000 0000 0000 0000 0000 0000 0000 0000 0000 0000 0000
0000 0000 0000 0000 0000 0000 0000 0000 0000 0000 0000 022A 022B 0000 022D 0000 022F 0000 0231 0000 0000 01D8 01D9 01DA 01DB 01DC 01DD 0000 0000 0000 0000 0000
0000 0000 0000 0000 0000 0000 0000 0281 0282 0283 0000 0000 024B 024C 024D 024E 0000 0000 0251 0000 0000 0000 0000 01FA 01FB 01FC 01FD 0000 0000 0000 0000 0000
0000 0000 0000 0000 0000 0000 0000 02A1 02A2 02A3 0000 0000 026B 026C 026D 0000 0000 0000 0000 0000 0217 0218 0219 0000 0000 0000 0000 0000 0000 0000 0000 0000
0284 0000 0000 0000 0000 0000 02C0 02C1 02C2 0000 0000 0000 0000 0000 0000 0000 0000 0000 0000 0000 0237 0238 0239 0000 0000 0000 0000 0000 0000 0000 028E 028F
02A4 02A5 02A6 02A7 0000 0000 02E0 02E1 02E2 0000 0000 0000 0290 0291 0292 0000 0000 0000 0000 0000 0000 0000 0000 0000 0000 0000 0000 0000 0000 0000 02AE 02AF
02C4 02C5 02C6 02C7 0000 0000 0000 0000 0000 0000 0000 0000 02B0 02B1 02B2 0000 0000 0000 0000 0000 0000 0000 0000 0000 0000 0000 0000 0000 0000 0000 0000 0000
02E4 02E5 02E6 02E7 02E8 02E9 02EA 0000 0000 0000 0000 0000 0000 0000 0000 0000 0000 0000 0000 0000 0000 0000 0000 0000 0000 0000 0000 0000 0000 0000 0000 0000
0304 0305 0306 0307 0308 0309 030A 0000 0000 0000 0421 0422 0000 0000 0425 0426 0427 0000 0000 0000 0000 0000 0000 0000 0000 0000 0000 0000 0000 0000 0000 0000
0324 0325 0326 0327 0000 0000 0000 0000 0000 0440 0441 0442 0000 0000 0445 0446 0447 0000 0449 044A 044B 0000 0000 0000 0000 0000 042E 042F 0430 0000 0000 0000
0344 0345 0346 0347 0000 0000 0000 0000 0000 0000 0000 0462 0463 0464 0000 0000 0000 0000 0469 046A 046B 0000 0000 0000 0000 0000 044E 044F 0450 0000 0000 0000
0364 0365 0366 0367 0000 0000 0000 0000 0000 0000 0000 0482 0483 0484 0485 0486 0487 0488 0489 048A 048B 048C 048D 0000 0000 0000 0000 0000 0000 0471 0472 0473
0384 0385 0386 0387 0000 0000 0000 0000 038C 038D 0000 0000 04A3 04A4 04A5 04A6 04A7 04A8 04A9 04AA 04AB 04AC 04AD 0000 0434 0435 0436 0000 0000 0491 0492 0493
03A4 03A5 03A6 03A7 0000 0000 0000 03AB 03AC 03AD 0000 04C2 04C3 04C4 04C5 04C6 04C7 04C8 04C9 04CA 04CB 04CC 0000 0000 0454 0455 0456 0000 0000 0000 0000 0000
03C4 03C5 03C6 03C7 03C8 03C9 03CA 0000 0000 0000 0000 04E2 04E3 04E4 04E5 04E6 04E7 04E8 04E9 0000 0000 0000 0000 0000 0000 0000 0000 0000 0000 0000 0000 0000
03E4 03E5 03E6 03E7 03E8 03E9 03EA 03EB 03EC 03ED 0000 0000 0000 0000 0505 0506 0507 0508 0509 0000 0000 0000 0000 0000 0000 0000 0000 0000 0000 0000 0000 0000
0404 0405 0406 0407 0000 0000 0000 040B 040C 040D 0000 0000 0000 0000 0525 0526 0527 0528 0529 0000 0000 0000 0000 0000 0000 0000 0000 0000 0000 0000 0000 0437
