ATARI GAUNTLET MOTION OBJECT 16X16 TILEMAP
SOURCE: level-076.png
GRID: 32 X 32
TILE_SIZE: 16 X 16
ATLAS_TILES: 960
UNIQUE_PIXEL_TILES: 235
CONNECTED_OBJECT_GROUPS: 19

0000 0000 0000 0000 0023 0024 0025 0000 0000 0000 0000 0000 0000 0000 0000 0000 0000 0000 0000 0000 0000 0000 0000 0000 0000 0000 0000 0000 003C 003D 003E 0000
0000 0000 0041 0042 0043 0044 0045 0000 0000 0000 0000 0000 0000 0000 0000 0000 0000 0000 0000 0000 0000 0000 0000 0000 0000 0000 0000 0000 005C 005D 005E 0000
0000 0000 0061 0062 0063 0064 0065 0066 0067 0068 0069 006A 0000 0000 0000 0000 0000 0000 0000 0000 0073 0074 0075 0076 0077 0078 0079 0000 0000 0000 0000 0000
0000 0000 0081 0082 0083 0084 0085 0086 0087 0088 0089 008A 008B 008C 0000 0000 0000 0090 0091 0092 0093 0094 0095 0096 0097 0098 0099 0000 0000 0000 0000 0000
0000 00A0 00A1 00A2 00A3 0000 0000 00A6 00A7 00A8 00A9 00AA 00AB 00AC 00AD 00AE 00AF 00B0 00B1 00B2 0000 0000 0000 0000 0000 00B8 00B9 0000 0000 0000 0000 0000
0000 00C0 00C1 00C2 00C3 0000 0000 00C6 00C7 00C8 00C9 00CA 00CB 00CC 00CD 00CE 00CF 00D0 00D1 0000 0000 00D4 00D5 00D6 00D7 00D8 00D9 00DA 00DB 0000 0000 0000
0000 0000 00E1 00E2 00E3 0000 0000 00E6 00E7 00E8 00E9 00EA 00EB 0000 0000 0000 0000 0000 00F1 00F2 00F3 00F4 00F5 00F6 00F7 00F8 00F9 00FA 00FB 0000 0000 0000
0000 0000 0000 0000 0000 0000 0000 0000 0000 0000 0109 010A 010B 0000 0000 0000 0000 0000 0111 0112 0113 0000 0000 0000 0000 0000 0119 011A 011B 0000 0000 0000
003F 0000 0000 0000 0000 0000 0000 0000 0000 0000 0000 0000 0000 0000 0000 0000 0000 0000 0000 0000 0000 0000 0000 0000 0000 0000 0000 0000 0000 0000 0120 0121
005F 0000 0000 0000 0000 0000 0000 0000 0000 0122 0123 0124 0000 0000 0125 0126 0127 0000 0000 0128 0129 012A 0000 0000 0000 0000 0000 0000 0000 0000 0140 0141
0000 0000 0000 0000 012D 012E 012F 0000 0000 0142 0143 0144 0000 0000 0145 0146 0147 0000 0000 0148 0149 014A 0000 0000 0000 0000 0000 0000 0000 0000 0000 0000
0000 0000 0000 0000 014D 014E 014F 0000 0000 0000 0000 0000 0000 0000 0000 0000 0000 0000 0000 0000 0000 0000 0000 0000 0000 0000 0000 0000 0000 0000 0000 0000
0000 0000 0000 0000 0000 016E 016F 0000 0000 0000 0000 0000 0000 0000 0000 0000 0000 0000 0000 0000 0000 0000 0000 0000 0131 0132 0000 0134 0135 0000 0000 0000
0000 0000 0000 018C 0000 018E 018F 0190 0000 0000 0000 0000 0000 0000 0000 0000 0000 0000 0000 0000 0000 0000 0000 0000 0151 0152 0153 0154 0155 0156 0000 0000
0000 0000 01AB 01AC 01AD 01AE 01AF 01B0 0000 0137 0138 0139 0000 0000 0000 0000 0000 0000 0000 013A 013B 013C 0000 0000 0171 0172 0173 0174 0175 0176 0000 0000
0000 0000 01CB 01CC 01CD 01CE 01CF 01D0 0000 0157 0158 0159 0000 0000 0000 013D 0000 0000 0000 015A 015B 015C 0000 0000 0191 0192 0193 0194 0195 0196 0000 0000
0000 0000 01EB 01EC 01ED 01EE 01EF 01F0 0000 0000 0000 0000 0000 0000 0000 0000 0000 0000 0000 0000 0000 0000 0000 0000 01B1 01B2 01B3 01B4 01B5 01B6 0000 0000
0000 0000 0000 0000 0000 020E 020F 0210 0000 0000 0000 0000 0000 0000 0000 0000 0000 0000 0000 0000 0000 0000 0000 0000 01D1 01D2 01D3 01D4 01D5 0000 0000 0000
0000 0000 0000 0000 022D 022E 022F 0000 0000 0000 0000 0000 0000 0000 0000 0000 0000 0000 0000 0000 0000 0000 0000 0000 0000 0000 0000 0000 0000 0000 0000 0000
0000 0000 0000 0000 024D 024E 024F 0250 0000 0280 0281 0282 0000 0000 0283 0284 0285 0000 0000 0286 0287 0288 0000 0289 028A 028B 0000 0000 0000 0000 0000 0000
0000 0000 0000 0000 0000 026E 026F 0270 0000 02A0 02A1 02A2 0000 0000 02A3 02A4 02A5 0000 0000 02A6 02A7 02A8 0000 02A9 02AA 02AB 0000 0000 0000 0000 0000 0000
0000 0000 0000 0000 0000 0000 0000 0000 0000 0000 0000 0000 0000 0000 0000 0000 0000 0000 0000 0000 0000 0000 0000 0000 0000 0000 0000 0000 0000 0000 0000 0000
0000 0000 0000 0000 0000 0000 0000 0000 0000 0000 0000 0000 0000 0000 0000 0000 0000 0000 0000 0000 0000 0000 0000 0000 02D6 02D7 0000 0000 0000 0000 0000 0000
0000 0000 0000 0000 02E2 02E3 02E4 0000 02E6 02E7 02E8 02E9 0000 0000 0000 0000 0000 0000 0000 02F1 02F2 02F3 02F4 02F5 02F6 02F7 02F8 0000 0000 0000 0000 0000
0000 0000 0000 0000 0302 0303 0304 0305 0306 0307 0308 0309 030A 030B 030C 030D 030E 030F 0000 0311 0312 0313 0314 0315 0316 0317 0318 0000 0000 0000 0000 0000
0000 0000 0000 0321 0322 0323 0324 0325 0000 0000 0000 0000 032A 032B 032C 032D 032E 032F 0330 0000 0332 0333 0334 0335 0336 0337 0338 0339 0000 0000 0000 0000
0000 0000 0000 0341 0342 0343 0000 0000 0000 0347 0348 0349 0000 034B 034C 034D 034E 034F 0350 0000 0352 0353 0354 0000 0000 0357 0358 0359 035A 0000 0000 0000
0000 0000 0360 0361 0362 0000 0000 0000 0000 0367 0368 0369 0000 0000 0000 0000 036E 036F 0370 0000 0000 0000 0000 0000 0000 0000 0378 0379 037A 0000 0000 0000
02DB 0000 0380 0381 0382 0000 0000 0000 0000 0000 0388 0389 038A 038B 038C 038D 0000 0000 0000 0000 0000 0000 0000 0000 0000 0000 0000 0000 0000 0000 02DD 02DE
02FB 0000 0000 0000 0000 0000 0000 0000 0000 03A7 03A8 03A9 03AA 03AB 03AC 03AD 0000 0000 0000 0000 0000 0000 0000 0000 0000 0000 0000 0000 0000 02FC 02FD 02FE
031B 0000 0000 0000 0000 0000 0000 0000 0000 0000 0000 0000 0000 0000 0000 0000 0000 0000 0000 0000 0000 0000 0000 0000 0000 0000 0000 0000 0000 031C 031D 031E
033B 0000 0000 0000 0000 0000 0000 0000 0000 0000 0000 0000 0000 0000 0000 0000 0000 0000 0000 0000 0000 0000 0000 0000 0000 0000 0000 0000 0000 033C 033D 033E
