ATARI GAUNTLET MOTION OBJECT 16X16 TILEMAP
SOURCE: level-018.png
GRID: 32 X 32
TILE_SIZE: 16 X 16
ATLAS_TILES: 1600
UNIQUE_PIXEL_TILES: 310
CONNECTED_OBJECT_GROUPS: 14

0000 0000 0000 0000 0000 0000 0000 0000 0028 0029 002A 0000 0000 0000 002E 002F 0030 0000 0000 0000 0000 0000 0000 0000 0000 0000 0000 0000 0000 0000 0000 0000
0000 0041 0042 0043 0000 0000 0000 0047 0048 0049 004A 0000 0000 004D 004E 004F 0050 0000 0000 0000 0000 0000 0000 0000 0000 0000 0000 0000 0000 0000 0000 0000
0060 0061 0062 0063 0000 0000 0066 0067 0068 0069 0000 0000 006C 006D 006E 006F 0070 0071 0072 0073 0074 0075 0076 0077 0078 0079 007A 007B 0000 0000 003C 003D
0080 0081 0000 0083 0000 0085 0086 0087 0088 0000 0000 008B 008C 0000 0000 0000 0000 0000 0000 0000 0000 0000 0000 0000 0000 0000 0000 009B 0000 0000 005C 005D
00A0 00A1 00A2 00A3 00A4 00A5 00A6 00A7 0000 0000 00AA 00AB 0000 0000 0000 0000 0000 016B 016C 016D 016E 016F 0170 0171 0172 0173 0000 00BB 0000 0000 007C 007D
00C0 00C1 00C2 00C3 00C4 00C5 00C6 0000 0000 00C9 00CA 0000 0000 0000 0000 0189 018A 018B 018C 018D 018E 018F 0190 0191 0192 0193 0000 0000 0000 0000 0000 0000
0000 00E1 0000 0000 0000 0000 0000 00E7 00E8 00E9 0000 0000 0000 0000 0000 01A9 01AA 01AB 0000 01AD 01AE 01AF 01B0 01B1 01B2 01B3 01B4 01B5 01B6 01B7 0000 0000
0000 0101 0000 0000 0000 0000 0000 0107 0108 0109 0000 0000 0000 0000 0000 0000 0000 01CB 01CC 01CD 01CE 01CF 01D0 01D1 01D2 01D3 01D4 01D5 01D6 01D7 01D8 01D9
0120 0121 0122 0000 0000 0000 0000 0000 0000 0000 0000 0000 0000 0000 01E8 01E9 01EA 01EB 01EC 01ED 01EE 01EF 01F0 01F1 01F2 01F3 01F4 01F5 01F6 01F7 01F8 01F9
0140 0141 0142 0000 0000 0000 0000 0000 0000 0000 0000 0000 0000 0000 0208 0209 020A 020B 020C 020D 020E 020F 0210 0211 0212 0213 0214 0215 0216 0217 0218 0219
0000 0000 0000 0000 0000 0000 0000 0000 0000 0000 0000 0225 0226 0227 0228 0229 022A 022B 022C 022D 022E 022F 0230 0231 0232 0233 0234 0235 0236 0000 0000 0000
0000 0000 0000 0000 0000 0000 0000 0000 0000 0000 0000 0245 0246 0247 0248 0249 024A 024B 024C 024D 024E 024F 0250 0251 0252 0253 0254 0255 0256 0257 0000 0000
0000 0000 0000 0000 0000 0000 0000 0261 0262 0263 0264 0265 0266 0267 0268 0000 0000 0000 0000 0000 0000 0000 0000 0000 0272 0273 0274 0275 0276 0277 0000 0000
017A 0000 0000 0000 0000 0000 0000 0281 0282 0283 0284 0285 0286 0287 0288 0000 0000 0000 0000 0000 0000 0000 0000 0000 0292 0293 0294 0295 0296 0297 0298 0299
019A 0000 019C 019D 0000 0000 02A0 02A1 02A2 0000 0000 02A5 02A6 02A7 02A8 0000 0000 0000 0000 0000 0000 0000 0000 02B1 02B2 02B3 02B4 02B5 02B6 02B7 02B8 02B9
01BA 01BB 01BC 01BD 0000 0000 0000 0000 0000 0000 0000 0000 02C6 02C7 02C8 0000 0000 0000 0000 0000 0000 0000 0000 02D1 02D2 02D3 02D4 02D5 02D6 02D7 02D8 02D9
0000 0000 0000 0000 0000 0000 0000 0000 0000 0000 0000 0000 0000 0000 02E8 02E9 02EA 0000 0400 0401 0402 0000 0000 0000 0000 02F3 02F4 02F5 02F6 02F7 0000 0000
0000 0000 0000 0000 0000 0000 0000 0000 0000 0000 0000 0000 0000 0000 0308 0309 030A 0000 0420 0421 0422 0000 0000 0000 0000 0313 0314 0315 0000 0000 0000 0000
0000 0000 0000 0000 0407 0408 0409 0000 0000 0000 0000 0000 0000 0000 0328 0329 032A 0000 0000 0000 0000 0000 0000 0331 0332 0333 0334 0335 0000 0414 0415 0416
0000 0000 0425 0426 0427 0428 0429 0000 0000 0000 0000 0000 0000 0000 0000 0000 0000 0000 0000 0000 0000 0000 0000 0351 0352 0353 0354 0355 0000 0434 0435 0436
0000 0444 0445 0446 0447 0448 0449 044A 044B 044C 044D 0000 0000 0000 0451 0452 0453 0000 0000 0000 036E 036F 0370 0371 0372 0373 0374 0375 0000 0454 0455 0456
0000 0000 0000 0000 0467 0468 0469 046A 046B 046C 046D 046E 0000 0000 0471 0472 0473 0000 0000 0000 038E 038F 0390 0391 0392 0393 0394 0395 0000 0000 0000 0000
0000 0000 0000 0000 0000 0000 0000 0000 0000 0000 0000 0000 048F 0490 0491 0492 0493 0000 0000 0000 0000 0000 0000 0000 0000 0000 0000 03B5 0000 0000 0000 0000
0000 0000 0000 0000 04A7 04A8 04A9 04AA 04AB 04AC 04AD 0000 04AF 04B0 04B1 04B2 04B3 0000 0000 0000 0000 0418 0419 0000 0000 0000 0000 03D5 0000 0000 0000 0000
04C3 0000 0000 0000 04C7 04C8 04C9 04CA 04CB 04CC 04CD 0000 04CF 04D0 04D1 0000 0000 0000 0000 0000 0437 0438 0439 0000 041F 0000 0000 03F5 0000 0000 05C0 05C1
04E3 0000 04E5 04E6 0000 04E8 04E9 04EA 04EB 04EC 0000 0000 04EF 04F0 04F1 0000 05C2 05C3 05C4 0000 0457 0458 0459 0000 0000 0000 0000 0000 0000 0000 05E0 05E1
0503 0504 0505 0506 0000 0508 0509 050A 050B 050C 050D 050E 050F 0000 0000 0000 05E2 05E3 05E4 0000 0477 0478 0479 0000 0000 0000 047D 0000 0000 0000 0600 0601
0000 0000 0000 0000 0000 0000 0000 0000 0000 0000 052D 052E 052F 0000 0000 0000 0000 0603 0000 0000 0497 0498 0499 049A 049B 049C 0000 049E 0000 0000 0000 0000
0000 0544 0545 0546 0547 0548 0549 054A 054B 054C 054D 054E 054F 0550 0000 0000 0622 0623 0624 0000 04B7 04B8 04B9 04BA 04BB 04BC 0000 04BE 0000 05C5 05C6 05C7
0000 0564 0565 0566 0567 0568 0569 056A 056B 056C 056D 056E 056F 0570 0000 0000 0000 0000 0000 0000 0000 0000 0000 0000 0000 0000 0000 0000 0000 05E5 05E6 05E7
0000 0584 0585 0586 0587 0000 0000 0000 058B 0000 0000 0000 058F 0000 0000 0000 0000 0000 0000 0000 0000 0000 0000 0000 0000 0000 0000 0000 0000 0000 0000 0000
0000 05A4 05A5 05A6 05A7 0000 0000 0000 05AB 0000 0000 0000 05AF 0000 0000 0000 0000 05C8 0000 05C9 0000 0000 0000 0000 0000 0000 0000 0000 0000 0000 0000 0000
