ATARI GAUNTLET MOTION OBJECT 16X16 TILEMAP
SOURCE: level-026.png
GRID: 32 X 32
TILE_SIZE: 16 X 16
ATLAS_TILES: 1312
UNIQUE_PIXEL_TILES: 196
CONNECTED_OBJECT_GROUPS: 19

0000 0000 0000 0000 0000 0000 0021 0022 0023 0000 0000 0000 0027 0028 0029 002A 002B 0000 0000 0000 0000 0000 002C 002D 002E 002F 0000 0000 0000 0000 0000 0000
0000 0000 0000 0000 0000 0000 0041 0042 0043 0000 0000 0046 0047 0048 0049 004A 004B 0000 0000 0000 0000 0000 004C 004D 004E 004F 0000 0000 0000 0000 0000 0000
0000 0000 0030 0031 0000 0060 0061 0062 0063 0000 0000 0066 0067 0068 0069 006A 006B 0000 0000 0000 0000 0000 0000 0000 0000 0000 0000 0000 0000 0032 0033 0000
0000 0000 0000 0000 0000 0080 0081 0082 0083 0084 0085 0000 0000 0000 0000 0000 0000 0000 0000 0000 0000 0034 0035 0036 0000 0000 0000 0000 0000 0000 0000 0000
0000 0000 0000 0000 0000 0000 0000 0000 00A3 00A4 00A5 0000 0000 0000 0000 0000 0000 0000 0000 0000 0000 0054 0055 0056 0057 0000 0000 0000 0000 0000 0000 0000
0000 0000 003B 003C 0000 0000 0000 0000 0000 0000 0000 0000 0000 0000 0000 0000 0000 0000 0000 0000 0000 0074 0075 0076 0077 0078 0000 0000 0000 0000 0000 0000
0059 005A 005B 005C 005D 0000 0000 0000 0000 0000 0000 00C1 00C2 00C3 00C4 0000 00C7 00C8 00C9 0000 0000 0094 0095 0096 0097 0098 0000 0000 0000 017D 017E 017F
0079 007A 007B 007C 007D 0000 0000 0000 0000 0000 00E0 00E1 00E2 00E3 00E4 0000 00E7 00E8 00E9 0000 0000 0000 00B5 00B6 00B7 0000 0000 0000 0000 019D 019E 019F
0000 0000 0000 0000 0000 0000 0000 0000 0000 0000 0100 0101 0102 0103 0104 0000 0000 0000 0000 0000 0000 0000 0000 0000 0000 0000 01BA 01BB 01BC 0000 0000 0000
0000 0000 0000 0000 0000 0000 0000 0000 0000 0000 0000 0000 0000 0000 0124 0125 0126 0000 0000 0000 0000 0000 0000 0000 0000 0000 01DA 01DB 01DC 0000 0000 0000
0000 0000 0000 0000 0000 0000 0000 0000 0000 0000 0000 0000 0000 0000 0144 0145 0146 0000 0000 0000 0000 0000 0000 01F7 01F8 01F9 0000 0000 0000 0000 0000 0000
0200 0201 0202 0203 0204 0205 0000 0000 0000 0000 0000 0000 0000 0000 0000 0000 0000 0000 0000 0000 0000 0000 0000 0217 0218 0219 0000 0000 0000 0000 0000 0000
0220 0221 0222 0223 0224 0225 0000 0000 0000 0229 022A 022B 0000 0000 0000 0000 0000 0000 0000 0000 0234 0235 0236 0000 0000 0000 0000 0000 0000 0000 0000 0000
0240 0241 0242 0243 0000 0000 0246 0247 0248 0249 024A 024B 0000 0000 0000 0000 0000 0000 0000 0000 0254 0255 0256 0000 0000 0000 0000 0000 0000 0000 0000 0000
0000 0000 0000 0000 0000 0000 0266 0267 0268 0000 0000 0000 026C 026D 026E 0000 0000 0000 0000 0000 0274 0275 0276 0000 0000 0000 0000 0000 0000 0000 0000 0000
0000 0000 0000 0000 0000 0000 0286 0287 0288 0289 0000 0000 028C 028D 028E 0000 0000 0291 0292 0293 0000 0000 0000 0000 0000 0000 0300 0301 0302 0303 0304 0000
0000 0000 0000 0000 0000 0000 02A6 02A7 02A8 02A9 0000 0000 0000 0000 0000 02AF 0000 02B1 02B2 02B3 0000 0000 0000 0000 0000 0000 0320 0321 0322 0323 0324 0000
0305 0306 0307 0308 0000 0000 02C6 02C7 02C8 02C9 0000 0000 0000 0000 0000 02CF 02D0 02D1 0000 0000 0000 0000 0000 0000 0000 0000 0000 0000 0000 0000 0000 0000
0325 0326 0327 0328 0000 0000 0000 0000 0000 0000 0000 0000 0000 0000 0000 02EF 02F0 02F1 0000 0000 0000 0000 0000 0000 0000 0000 0000 0000 0000 0000 0000 0000
0345 0346 0347 0348 0000 0000 0000 0000 0000 0000 0000 0000 0000 0000 0000 0000 0000 0000 0000 0000 0000 0000 0000 0000 0000 0000 0000 0000 0000 0000 0000 0000
0000 0000 0000 0000 0000 0000 0000 0000 0000 0000 0000 0000 0309 030A 030B 0000 0000 030D 030E 030F 0000 0311 0312 0313 0314 0000 0000 0000 0000 0000 0000 0000
0000 0000 0000 03E3 03E4 03E5 0000 0000 0000 0000 0000 0000 0329 032A 032B 0000 0000 032D 032E 032F 0330 0331 0332 0333 0334 0335 0336 0337 0338 0000 0000 0000
0000 0000 0000 0403 0404 0405 0000 0407 0408 0000 0000 0000 0000 0000 0000 0000 0000 0000 0000 034F 0350 0351 0352 0353 0354 0355 0356 0357 0358 0000 0000 0000
0420 0421 0422 0423 0424 0000 0426 0427 0428 0429 0000 0000 0000 0000 0000 0000 0000 0000 0000 036F 0370 0371 0372 0373 0374 0375 0376 0377 0000 0379 037A 037B
0440 0441 0442 0443 0444 0445 0446 0447 0448 0449 0000 0000 0000 0000 0000 0000 0000 0000 0000 038F 0390 0391 0000 0000 0394 0395 0396 0000 0000 0399 039A 039B
0000 0461 0462 0463 0464 0000 0466 0467 0468 0000 0000 0000 0000 0000 0000 0000 03AC 03AD 03AE 03AF 0000 0000 0000 0000 0000 0000 0000 0000 0000 0000 0000 0000
0000 0000 0000 0000 0000 0000 0000 0000 0488 0489 048A 0000 0000 0000 0000 0000 03CC 03CD 03CE 03CF 0000 0000 0000 0000 0000 0000 0000 0000 0000 0000 0000 0000
0000 0000 0000 0000 0000 0000 0000 04A7 04A8 04A9 04AA 0000 0000 0000 0000 0000 0000 0000 0000 0000 0000 0000 0000 0000 0000 0000 0000 0000 0000 0000 0000 0000
0000 0000 0000 0000 0000 0000 04C6 04C7 04C8 0000 0000 0000 0000 0000 0000 0000 0000 0000 0000 0000 0000 0000 0000 0000 0000 0000 0000 0000 0000 0000 0000 0000
0000 0000 03EB 03EC 0000 04E5 04E6 04E7 04E8 0000 0000 0000 03ED 03EE 03EF 03F0 0000 03F1 03F2 03F3 0000 0000 0000 03F4 03F5 03F6 0000 0000 0000 03F7 03F8 0000
0000 0000 0000 0000 0000 0000 0506 0507 0508 0000 0000 0000 040D 040E 040F 0410 0000 0411 0412 0413 0000 0000 0000 0414 0415 0416 0000 0000 0000 0000 0000 0000
0000 0000 0000 0000 0000 0000 0000 0000 0000 0000 0000 0000 0000 0000 0000 0000 0000 0000 0000 0000 0000 0000 0000 0000 0000 0000 0000 0000 0000 0000 0000 0000
