ATARI GAUNTLET PLAYFIELD 16X16 TILEMAP
SOURCE: level-047-playfield.png
GRID: 32 X 32
TILE_SIZE: 16 X 16
UNIQUE_TILES: 37

0000 0001 0002 0002 0002 0002 0002 0002 0002 0002 0002 0002 0002 0002 0002 0002 0002 0002 0002 0002 0002 0002 0002 0002 0002 0002 0002 0002 0002 0002 0002 0002
0003 0004 0005 0006 0007 0008 0005 0006 0007 0008 0005 0006 0007 0008 0005 0006 0007 0008 0005 0006 0007 0008 0005 0006 0007 0008 0005 0006 0007 0008 0005 0006
0003 0009 0008 0005 0006 0007 0008 0005 0006 0007 0008 0005 0006 0007 0008 0005 0006 0007 0008 0005 0006 0007 0008 0005 0006 0007 0008 0005 0006 0007 0008 0005
0003 000A 0007 0008 0005 0006 0007 0008 0005 0006 0007 0008 0005 0006 0007 0008 0005 0006 0007 0008 0005 0006 0007 0008 0005 0006 0007 0008 0005 0006 0007 0008
0003 000B 0006 0007 0008 0005 0006 0007 0008 0005 0006 0007 0008 0005 0006 0007 0008 0005 0006 0007 0008 0005 0006 0007 0008 0005 0006 0007 0008 0005 0006 0007
0003 0004 0005 0006 0007 0008 0005 0006 0007 0008 0005 0006 0007 0008 0005 0006 0007 0008 0005 0006 0007 0008 0005 0006 0007 0008 0005 0006 0007 0008 0005 0006
0003 0009 0008 0005 0006 0007 0008 0005 0006 0007 0008 0005 0006 0007 0008 0005 0006 0007 0008 0005 0006 0007 0008 0005 0006 0007 0008 0005 0006 0007 0008 0005
0003 000A 0007 0008 0005 0006 0007 0008 0005 0006 0007 0008 0005 0006 0007 0008 0005 0006 0007 0008 0005 0006 0007 0008 0005 0006 0007 0008 0005 0006 0007 0008
0003 000B 0006 0007 0008 0005 0006 0007 0008 0005 0006 0007 0008 0005 0006 0007 0008 0005 0006 0007 0008 0005 0006 0007 0008 0005 0006 0007 0008 0005 0006 0007
0003 0004 0005 0006 0007 0008 0005 0006 0007 0008 0005 0006 0007 0008 0005 0006 0007 0008 0005 0006 0007 0008 0005 0006 0007 0008 0005 0006 0007 0008 0005 0006
0003 0009 0008 0005 0006 0007 0008 0005 0006 0007 0008 0005 0006 0007 0008 0005 0006 0007 0008 0005 0006 0007 0008 0005 0006 0007 0008 0005 0006 0007 0008 0005
0003 000A 0007 0008 0005 0006 0007 0008 0005 0006 0007 0008 0005 0006 0007 0008 0005 0006 0007 0008 0005 0006 0007 0008 0005 0006 0007 0008 0005 0006 0007 0008
0003 000B 0006 0007 0008 0005 0006 0007 0008 0005 0006 0007 0008 0005 0006 0007 0008 0005 0006 0007 0008 0005 0006 0007 0008 0005 0006 0007 0008 0005 0006 0007
0003 0004 0005 0006 0007 0008 0005 0006 0007 0008 0005 0006 0007 0008 0005 0006 0007 0008 0005 0006 0007 0008 0005 0006 0007 0008 0005 0006 0007 0008 0005 0006
0003 0009 0008 0005 0006 0007 0008 0005 0006 0007 0008 0005 0006 0007 0008 0005 0006 0007 0008 0005 0006 0007 0008 0005 0006 0007 0008 0005 0006 0007 0008 0005
0003 000A 0007 0008 0005 0006 0007 0008 0005 0006 0007 0008 0005 0006 0007 0008 0005 0006 0007 0008 0005 0006 0007 0008 0005 0006 0007 0008 0005 0006 0007 0008
0003 000B 0006 0007 0008 0005 0006 0007 0008 0005 0006 0007 0008 0005 0006 0007 0008 0005 0006 0007 0008 0005 0006 0007 0008 0005 0006 0007 0008 0005 0006 0007
0003 0004 0005 000C 000D 0008 0005 0006 0007 0008 0005 0006 0007 0008 0005 0006 0007 0008 0005 0006 0007 0008 0005 0006 0007 0008 0005 0006 0007 0008 0005 0006
0003 0009 0008 000E 000F 0007 0008 0005 0006 0007 0008 0005 0006 0007 0008 0005 0006 0007 0008 0005 0006 0007 0008 0005 0006 0007 0008 0005 0006 0007 0008 0005
0003 000A 0007 0008 0005 0006 0007 0008 0005 0006 0007 0008 0005 0006 0007 0008 0005 0006 0007 0008 0005 0006 0007 0008 0005 0006 0007 0008 0005 0006 0007 0008
0003 0010 0011 0007 0012 0013 0006 0007 0008 0005 0006 0007 0008 0005 0006 0007 0008 0005 0006 0007 0008 0005 0006 0007 0008 0005 0006 0007 0008 0005 0006 0007
0014 0015 0016 0006 000E 0017 0005 0006 0007 0008 0005 0006 0018 0019 0013 0006 0007 0008 0005 0006 0007 0008 0005 0006 0007 0008 0005 0006 0007 0008 0005 0006
0003 0009 0008 001A 0011 0007 0008 0005 0006 0007 0008 0005 001B 001C 0017 0005 0006 0007 0008 0005 0006 0007 0008 0005 0006 0007 0008 0005 0006 0007 0008 0005
0003 000A 0007 000E 0016 0006 0007 0008 0005 0006 0007 0012 0013 0006 0018 001D 0005 0006 0007 0008 0005 0006 0007 0008 0005 0006 0007 0008 0005 0006 0007 0008
0003 000B 0006 0007 0008 0005 0006 0007 0008 0005 0006 000E 0017 0005 000E 001E 0008 0005 0006 0007 0008 0005 0006 0007 0008 0005 0006 0007 0008 0005 0006 0007
0003 0004 001A 0011 0007 0008 0005 0006 0007 0008 001A 0011 0007 0008 0005 000C 000D 0008 0005 0006 0007 0008 0005 0006 0007 0008 0005 0006 0007 0008 0005 0006
0003 0009 000E 0016 0006 0007 0008 0005 0006 0007 000E 0016 0006 0007 0008 000E 000F 0007 0008 0005 0006 0007 0008 0005 0006 0007 0008 0005 0006 0007 0008 0005
0003 000A 0007 0008 001A 0011 0007 0008 0005 0006 0007 0008 001A 001F 000D 0008 0005 0006 0007 0008 0005 0006 0007 0008 0005 0006 0007 0008 0005 0006 0007 0008
0003 000B 0006 0007 000E 0016 0006 0007 0008 0005 0006 0007 001B 001C 000F 0007 0008 0005 0006 0007 0008 0005 0006 0007 0008 0005 0006 0007 0008 0005 0006 0007
0003 0004 0005 0006 0007 0008 0005 0006 0007 0008 0005 0006 0007 0008 0005 0006 0007 0008 0005 0006 0007 0008 0005 0006 0007 0008 0005 0006 0007 0008 0005 0006
0003 0009 0008 0005 0006 0007 0008 0005 0006 0007 0008 0005 0006 0007 0008 0005 0006 0007 0008 0005 0006 0007 0008 0005 0006 0007 0008 0005 0006 0007 0008 0005
0020 0021 0022 0019 0023 001F 0022 0019 0023 001F 0022 0019 0023 001F 0022 0019 0023 001F 0022 0019 0023 001F 0022 0019 0023 001F 0022 0019 0023 001F 0022 0024
