ATARI GAUNTLET MOTION OBJECT 16X16 TILEMAP
SOURCE: level-037.png
GRID: 32 X 32
TILE_SIZE: 16 X 16
ATLAS_TILES: 1792
UNIQUE_PIXEL_TILES: 300
CONNECTED_OBJECT_GROUPS: 17

0000 0000 0022 0023 0024 0025 0026 0027 0028 0029 002A 0000 0000 0000 0000 0000 0000 0000 0000 0000 0000 0000 0000 0000 002B 002C 002D 0000 0000 0000 0000 0000
0000 0000 0042 0043 0044 0045 0046 0047 0048 0049 004A 0000 0000 0000 0000 0000 0000 0000 0000 0000 0000 0000 0000 0000 004B 004C 004D 0000 0000 0000 0000 0000
0060 0061 0062 0063 0064 0065 0066 0067 0000 0000 0000 0000 0000 0000 0000 0000 0000 0000 0000 0000 0000 0000 0000 0000 0000 0000 0000 0000 0000 0000 0000 0000
0080 0081 0082 0083 0000 0085 0086 0087 0000 0000 0000 0000 0000 0000 0000 002E 002F 0030 0000 0000 0000 0000 0000 0000 0036 0000 0000 0000 0000 003E 0000 0000
0000 0000 0000 0000 0000 0000 0000 0000 0000 0000 0000 0000 0000 0000 0000 004E 004F 0050 0000 0000 0052 0053 0054 0055 0056 0000 0058 0059 0000 0000 0000 0000
0000 0281 0282 0283 0284 0285 0000 0000 0000 0000 0000 0000 0000 0000 0000 0000 0000 0000 0000 0000 0072 0073 0074 0075 0076 0077 0078 0079 007A 0000 0000 0000
0000 02A1 02A2 02A3 02A4 02A5 0000 0000 0000 02A9 02AA 02AB 0000 0000 0000 0000 0000 0000 0000 0000 0092 0093 0094 0095 0096 0097 0098 0099 009A 009B 0000 0000
02C0 0000 0000 0000 0000 0000 02C6 02C7 02C8 02C9 02CA 02CB 0000 0000 0000 0000 0000 0000 0000 0000 00B2 00B3 00B4 00B5 00B6 00B7 00B8 00B9 00BA 00BB 00BC 00BD
02E0 0000 0000 0000 0000 0000 02E6 02E7 02E8 0000 0000 0000 02EC 02ED 02EE 0000 0000 0000 0000 0000 0000 0000 0000 0000 00D6 00D7 00D8 00D9 00DA 00DB 00DC 00DD
0000 0000 0000 0000 0000 0000 0000 0000 0000 0000 0000 0000 030C 030D 030E 0000 0000 0000 0000 00F1 00F2 00F3 0000 00F5 00F6 00F7 00F8 00F9 00FA 0000 0000 0000
0292 0000 0000 0000 0000 0000 0000 0000 0000 0329 032A 032B 0000 0000 0000 0000 0000 0000 0000 0111 0112 0113 0000 0115 0116 0117 0118 0000 0000 0000 0294 0295
02B2 02B3 0000 0296 0297 0298 0299 0000 0000 0349 034A 034B 034C 034D 034E 034F 0350 0351 0000 0131 0132 0133 0000 0135 0136 0137 0138 0139 013A 0000 02B4 02B5
02D2 02D3 0000 02B6 02B7 02B8 02B9 0000 0000 0000 0000 0000 036C 036D 036E 036F 0370 0371 0000 0151 0152 0153 0000 0155 0156 0157 0158 0159 015A 0000 02D4 02D5
02F2 0000 0000 0000 0000 0000 0000 0000 0000 0000 0000 0000 0000 0000 0000 038F 0390 0391 0000 0171 0172 0173 0174 0175 0176 0000 0178 0179 017A 0000 02F4 02F5
0000 0000 0000 0000 0000 0000 0000 0000 0000 0000 0000 0000 0000 03AD 03AE 03AF 0000 0000 0000 0000 0192 0193 0194 0195 0196 0000 0000 0000 0000 0000 0000 0000
029A 029B 0000 0000 0000 0000 0000 0000 0000 0000 0000 0000 0000 03CD 03CE 03CF 0000 0000 0000 0000 0000 0000 01B4 01B5 01B6 0000 01B8 01B9 01BA 0000 0000 01BD
02BA 02BB 0000 0000 0000 0000 0000 0000 0000 0000 03EA 03EB 03EC 03ED 03EE 03EF 03F0 0000 0000 0000 0000 0000 01D4 01D5 01D6 01D7 01D8 01D9 01DA 0000 01DC 01DD
02DA 0000 0000 0000 0000 0000 0406 0407 0408 0409 040A 040B 040C 040D 040E 040F 0410 0411 0000 0000 029D 0000 01F4 01F5 01F6 01F7 01F8 01F9 01FA 01FB 01FC 01FD
02FA 0000 0000 0000 0000 0425 0426 0427 0428 0429 042A 042B 042C 042D 042E 042F 0430 0431 0000 0000 0000 0000 0214 0215 0216 0000 0000 0219 021A 021B 0000 021D
031A 031B 0000 0000 0000 0445 0446 0447 0000 0449 044A 044B 0000 044D 044E 044F 0450 0451 0000 0000 0000 0000 0000 0000 0000 0000 0000 0000 0000 0000 023C 023D
033A 033B 033C 0000 0464 0465 0466 0467 0468 0469 046A 046B 046C 0000 0000 0000 0000 0000 0000 0000 0000 0000 0000 0000 0000 0000 0546 0547 0548 0000 025C 025D
035A 035B 0000 0000 0484 0485 0486 0487 0488 0489 048A 048B 048C 0000 0000 0000 0000 0000 0000 0000 0560 0561 0562 0563 0564 0565 0566 0567 0568 0000 0000 027D
0000 0000 0000 0000 04A4 04A5 04A6 0000 04A8 04A9 04AA 04AB 04AC 0000 0000 0000 0000 0000 0000 0000 0580 0581 0582 0583 0584 0585 0000 0000 0000 0000 0000 0000
0549 054A 054B 0000 04C4 04C5 04C6 0000 04C8 04C9 04CA 04CB 04CC 04CD 04CE 0000 0000 0000 0000 0000 0000 05A1 05A2 05A3 0000 0000 0000 0000 0000 0559 055A 055B
0569 056A 056B 0000 0000 0000 0000 04E7 04E8 04E9 04EA 04EB 04EC 04ED 04EE 0000 0000 0000 0000 0000 05C0 05C1 05C2 0000 0000 0000 0576 0577 0578 0579 057A 057B
0000 058A 058B 058C 0000 0000 0000 0507 0508 0509 050A 050B 050C 0000 0000 0000 0000 0000 0000 0000 05E0 05E1 05E2 0000 0000 0000 0596 0597 0598 0000 0000 0000
0000 05AA 05AB 05AC 0000 0000 0000 0527 0528 0529 052A 052B 0000 0000 0000 055C 055D 055E 0000 0000 0000 0000 0000 0000 0000 0000 0000 0000 0000 0000 0000 0000
0000 05CA 05CB 05CC 0000 0000 0000 0000 0000 0000 0000 0000 0000 0000 0000 057C 057D 057E 0000 0000 0000 0000 0000 0000 0000 0000 0000 0000 0000 0663 0664 0665
05E9 05EA 05EB 05EC 05ED 05EE 05EF 05F0 05F1 05F2 05F3 05F4 05F5 0000 0000 0000 0000 0000 0000 066B 066C 066D 066E 066F 0670 0000 0000 0681 0682 0683 0684 0685
0609 060A 060B 060C 060D 060E 060F 0610 0611 0612 0613 0614 0615 0000 0000 0000 0000 0000 0000 068B 068C 068D 068E 068F 0690 0000 0000 06A1 06A2 06A3 0000 0000
0000 0000 0000 062C 062D 062E 062F 0630 0631 0632 0633 0000 0000 0000 06A6 06A7 06A8 06A9 06AA 06AB 06AC 06AD 06AE 0000 0000 0000 06C0 06C1 06C2 0000 0000 0000
0000 0000 0000 064C 064D 064E 0000 0000 0651 0652 0653 0000 0000 0000 06C6 06C7 06C8 06C9 06CA 0000 0000 0000 0000 0000 0000 0000 06E0 06E1 06E2 0000 0000 0000
