ATARI GAUNTLET PLAYFIELD 16X16 TILEMAP
SOURCE: level-065-playfield.png
GRID: 32 X 32
TILE_SIZE: 16 X 16
UNIQUE_TILES: 58

0000 0001 0002 0002 0002 0002 0002 0002 0002 0002 0002 0002 0002 0002 0002 0003 0002 0002 0004 0001 0002 0002 0002 0002 0002 0002 0002 0002 0002 0002 0002 0002
0005 0006 0007 0008 0009 000A 000B 0008 0009 000C 0007 0008 0009 000C 0007 000D 000E 000C 0005 000F 0009 000C 0007 0008 0009 000C 0007 0008 0010 0011 0007 0008
0005 0012 0011 0007 0008 0013 0014 000B 0008 0009 000C 0007 0008 0009 000C 0015 000F 0009 0005 0016 0008 0009 000C 0007 0008 0009 000C 0017 0018 0019 000C 0007
001A 001B 001C 0011 0007 0008 0013 0014 000B 0008 0009 000C 0007 0008 0009 0005 0016 0008 0005 0006 0007 0008 0009 000C 0007 0008 0010 0018 001D 0008 0009 000C
0005 0016 0013 001C 0011 0007 0008 0013 0014 000B 0008 0009 000C 0007 0008 0005 0006 0007 0005 001E 000C 0007 0008 0009 000C 0017 0018 0019 000C 0007 000D 000E
0005 0006 0007 0013 001C 0011 0007 0008 0013 0014 000B 0008 0009 000C 0007 0005 001E 000C 0005 000F 0009 000C 0007 0008 0010 0018 001D 0008 0009 000A 0018 001F
0005 001E 000C 0007 0013 001C 0011 0007 0008 0013 0014 000B 0008 0009 000C 0005 000F 0009 0005 0016 0008 0009 000C 0017 0018 0019 000C 0007 000D 0018 0020 0007
0005 000F 0009 000C 0007 0013 0019 000C 0007 0008 0013 0014 000B 0008 0009 0005 0016 0008 0005 0006 0007 0008 0010 0018 001D 0008 0009 000A 0018 001F 0009 000C
0005 0016 0008 0009 000C 0007 0008 0010 0011 0007 0008 0013 0014 000B 0008 0005 0006 0007 0005 001E 000C 0017 0018 0019 000C 0007 000D 0018 0020 0007 0008 0009
0005 0006 0007 0008 0009 000C 0007 0013 001C 0011 0007 0008 0013 0014 000B 0005 001E 000C 0021 001F 0010 0018 001D 0008 0009 000A 0018 001F 0009 000C 0007 0008
0005 001E 000C 0007 0008 0009 000C 0007 0013 001C 0011 0007 0008 0013 0020 0005 000F 0009 000A 0022 0018 0019 000C 0007 000D 0018 0020 0007 0008 0009 000C 0007
0005 000F 0009 000C 0007 0008 0009 000C 0007 0013 001C 0011 0007 0008 0009 0005 0016 0008 0023 0024 001D 0008 0009 000A 0018 001F 0009 000C 0007 0008 0009 000C
0005 0016 0008 0009 000C 0007 0008 0009 000C 0007 0013 001C 0025 0022 0026 0027 0028 0022 0026 000E 000C 0007 000D 0018 0020 0007 0008 0009 000C 0007 0008 0009
0027 0029 0022 0026 002A 0025 0022 0026 002A 0025 0022 002B 002C 002D 0001 0003 0002 0002 002E 000F 0009 000C 0015 000F 0009 000A 0022 0026 002A 0025 0022 0026
0000 0001 0002 0002 0002 0002 0002 0002 0002 0002 0002 002F 0030 0031 0020 0007 0008 0009 0005 0016 0008 0009 0005 0016 0008 0023 0002 0002 0002 0002 0002 0002
0005 000F 0009 000C 0007 0008 0009 000C 0007 0008 0009 000C 0007 0008 0009 000C 0007 0008 0005 0006 0007 0008 0005 0006 0007 0008 0009 000C 0007 0008 0009 000C
0005 0016 000D 002A 0025 0022 0026 002A 0025 0022 0026 002A 0025 0022 0032 0009 000C 0007 0005 001E 000A 0022 0027 0012 0025 0022 0026 002A 0025 0022 0026 000E
0005 0006 0023 0002 0002 0002 0002 0002 0002 0002 0002 0002 0002 002E 0033 0026 002A 0025 0027 0034 0035 0001 0003 0002 0002 0002 0002 0002 0002 0002 0024 001F
0005 001E 000C 0007 0008 0009 000C 0007 0008 0009 000A 000B 0008 001A 0001 0002 0002 0002 0000 0001 0036 0019 000C 0007 0008 0009 000C 0007 0008 0009 000C 0007
0005 000F 0009 000C 0007 0008 0009 000C 0007 000D 0018 0020 0007 0005 001E 000C 0007 0008 0005 0028 000B 0008 0009 000C 0017 0032 0009 000C 0007 0008 0009 000C
0005 0016 0008 0009 000C 0007 0008 0009 000A 0018 001F 0009 000C 0005 000F 0010 0011 0007 001A 001B 0014 000B 0008 0009 0013 0037 0032 0009 000C 0007 0008 0009
0005 0006 0007 0008 0009 000C 0007 000D 0018 0020 0007 0008 0010 0038 001D 0015 001E 000C 0005 000F 0013 0014 000B 0008 0009 0013 0037 0032 0009 000C 0007 0008
0005 001E 000C 0007 0008 0009 000A 0018 001F 0009 000C 0017 0018 0019 000C 0005 000F 0009 0005 0016 0008 0013 0014 000B 0008 0009 0013 0037 0032 0009 000C 0007
0005 000F 0009 000C 0007 000D 0018 0020 0007 0008 0010 0018 001D 0008 0009 0005 0016 0008 0005 0006 0007 0008 0013 0014 000B 0008 0009 0013 0037 0032 0009 000C
0005 0016 0008 0009 000A 0018 001F 0009 000C 0017 0018 0019 000C 0007 0008 0005 0006 0007 0005 001E 000C 0007 0008 0013 0014 000B 0008 0009 0013 0037 0032 0009
0005 0006 0007 000D 0018 0020 0007 0008 0010 0018 001D 0008 0009 000C 0007 0005 001E 000C 0005 000F 0009 000C 0007 0008 0013 0014 000B 0008 0009 0013 0037 0032
0027 001E 000A 0018 001F 0009 000C 0017 0018 0019 000C 0007 0008 0009 000C 0005 000F 0009 0005 0016 0008 0009 000C 0007 0008 0013 0014 000B 0008 0009 0013 0037
0039 0034 0018 0020 0007 0008 0010 0018 001D 0008 0009 000C 0007 0008 0009 0005 0016 0008 0005 0006 0007 0008 0009 000C 0007 0008 0013 0014 000B 0008 0009 0023
001A 001B 001F 0009 000C 0017 0018 0019 000C 0007 0008 0009 000C 0007 0008 0005 0006 0007 0005 001E 000C 0007 0008 0009 000C 0007 0008 0013 0014 000B 0008 0009
0005 0006 0007 0008 0010 0018 001D 0008 0009 000C 0007 0008 0009 000C 0007 0005 001E 000C 0005 000F 0009 000C 0007 0008 0009 000C 0007 0008 0013 0014 000B 0008
0005 001E 000C 0007 0013 0019 000C 0007 0008 0009 000C 0007 0008 0009 000C 0005 000F 0009 0021 001D 0008 0009 000C 0007 0008 0009 000C 0007 0008 0013 0020 0007
0027 0034 002A 0025 0022 0026 002A 0025 0022 0026 002A 0025 0022 0026 002A 0027 0033 0026 002A 0025 0022 0026 002A 0025 0022 0026 002A 0025 0022 0026 002A 0025
