ATARI GAUNTLET PLAYFIELD 16X16 TILEMAP
SOURCE: level-022-playfield.png
GRID: 32 X 32
TILE_SIZE: 16 X 16
UNIQUE_TILES: 61

0000 0001 0002 0003 0003 0003 0003 0003 0004 0001 0003 0004 0001 0003 0003 0003 0003 0003 0003 0002 0003 0003 0003 0003 0003 0004 0005 0003 0003 0004 0001 0003
0006 0007 0008 0009 000A 000B 0008 0009 000C 000D 0008 0006 000E 000F 0010 0011 0012 0013 0014 0011 0012 0013 0015 0016 0017 000C 0018 0009 0019 000C 0018 0009
0006 000E 001A 0014 001B 001C 0013 0014 0011 0012 000B 0006 001D 000A 001E 0003 0003 0003 0003 0003 0003 001F 0020 0021 0022 0012 0013 0014 0011 0012 0013 0015
0006 001D 0023 0001 0002 0003 0003 0003 0004 0024 0025 0006 0026 0027 000E 000F 0010 0028 0019 001A 0015 0009 0027 0007 0029 0004 0001 0003 0003 0004 0024 000D
0006 0026 0006 000E 000F 0010 0011 0017 0006 0026 0009 0006 0007 000C 0022 0017 002A 002B 0028 002A 0020 0015 000C 002C 000B 0006 001D 000A 000B 0006 001D 0019
0006 0007 0006 002D 0017 0023 0024 002E 0006 0007 0008 0006 000E 000F 002A 0022 0012 0021 002B 0028 002A 0020 0015 0027 000E 0006 0026 0027 000E 0006 0026 0009
0006 000E 002F 0024 002E 0006 0007 0008 0006 000E 000F 0006 001D 0019 001A 001E 001F 002C 0021 002B 0028 0027 0007 0006 001D 000C 0020 0030 001D 0006 0007 0008
0006 001D 0006 0007 0008 0006 000E 001A 0030 001D 0019 0006 0026 0009 0027 0007 0008 0027 000E 0027 0026 0006 000E 000C 0018 0009 0029 0031 0026 0006 000E 000F
0030 0026 0006 000E 001A 0030 001D 0029 0031 0026 0016 0030 0032 0014 0030 000E 000F 0006 001D 0006 0007 0006 001D 0019 000F 0008 0009 0006 0007 0006 001D 000A
0031 0007 0006 001D 0029 0031 0026 0009 0006 0007 0029 0000 0001 0003 0033 002E 0019 0006 0026 0006 000E 0006 0026 0009 0019 000F 0008 0006 000E 0006 0026 0029
0006 000E 0006 0026 0009 0006 0007 0008 0006 000E 000F 000C 002E 0019 000F 0008 0009 0006 0007 0006 001D 000C 0020 0015 0009 0019 000F 0006 001D 0006 0007 0008
0006 001D 0006 0034 0015 0006 001C 000B 0006 002D 0012 0013 0014 0011 0012 0013 0014 0030 000E 000C 002B 0028 002A 0020 0015 0009 0019 0006 0026 0006 000E 000F
0006 0026 002F 0024 000D 002F 0024 0025 0035 0003 0003 0003 0003 0003 0004 0001 0003 0031 001D 0019 002A 002B 0028 002A 0020 0014 0011 0030 0007 0006 001D 0019
0006 0007 0006 001D 0019 0006 0026 0016 0017 000F 0008 0016 0017 000F 0006 002D 0012 0030 0026 0009 0019 002A 002B 0028 0029 0003 0003 0033 0025 0006 0026 0009
0006 000E 0006 0026 0009 0006 0007 002A 0022 0017 000F 0027 001D 0019 0035 0003 0003 0033 000D 0008 0009 0019 002A 0018 0009 0019 000F 0008 0009 0006 0007 0008
0006 001D 0006 0007 0008 0006 001C 000B 002A 0022 0012 0036 002B 0011 0012 0013 0014 0028 000A 0013 0014 0011 0012 0013 0014 0011 0012 0013 0014 0036 0025 000F
0030 0026 0006 000E 000F 0035 001F 002C 000B 0029 001F 0025 0029 0003 0004 0001 001F 002B 001E 0003 0003 0003 0003 0003 0003 0004 0001 0003 001F 0018 0009 000A
0031 0007 0006 001D 000A 0013 0015 002A 002C 0013 0014 0011 0017 000F 0006 001D 0019 002A 0018 0009 0019 001A 0015 0009 0019 000C 0018 0009 0019 000F 0010 001E
0006 000E 0006 0026 0023 0024 0020 0015 0023 0001 0003 001F 0022 0017 0006 0026 0016 0017 000F 0010 0011 001B 0034 0014 0011 0012 0013 0014 0011 0012 0021 0018
0030 001D 0006 0007 0006 001D 002A 000D 0006 001D 000A 000B 0027 001D 000C 000D 0027 001D 000A 001E 0003 0002 0004 0001 0003 0003 0003 0003 0003 0037 000E 001A
0038 0026 0006 000E 0006 0026 0016 0012 0030 0026 0027 000E 000C 002B 0011 0012 0036 002B 0021 0025 001A 0015 000C 0025 000F 0008 0009 0019 000F 0006 001D 0039
003A 0007 000C 002E 0006 0007 0029 0003 0033 000D 0006 001D 0019 0029 0003 001F 0025 002A 0018 0016 0021 0020 0014 0011 0012 0013 0015 0009 0019 0006 0026 003B
0006 000E 001A 0015 0006 001C 0013 0014 0011 0012 0030 003C 0011 0012 0013 0014 0011 0012 0013 0021 002E 0029 0003 0003 0003 001F 0020 0014 0028 0006 0034 0015
0006 002D 001B 0007 0035 0004 0001 0003 0003 0003 0002 0003 0003 0003 0004 0001 0003 0003 001F 000D 0008 0009 000A 000B 0010 0028 0029 0037 0026 002F 0024 000D
002F 0001 0033 0025 000F 000C 002E 0019 000F 0008 0016 0017 000F 0008 000C 0025 000F 0010 0028 0019 000F 0010 0021 002C 0021 0018 0016 0036 000D 0006 001D 0019
0006 0007 0010 0011 0012 0013 0014 0011 0012 000B 0027 002D 0012 0013 0014 0011 0012 001B 003C 0028 000A 0021 0018 0027 000E 001A 0021 0022 0017 0006 0026 0009
0006 000E 0023 0001 0003 0004 0001 0003 0037 000E 0035 0003 0003 0003 0004 0001 0003 0002 001F 002B 0021 0025 001A 0036 0022 0021 0020 0021 002E 0006 0007 0008
0030 001D 0006 0007 0010 0036 002C 000B 0006 001D 000A 000B 0008 0009 000C 000D 0008 0009 0019 002A 0018 0009 0027 0007 002A 002E 002A 000D 0008 0006 000E 001A
0031 0026 000C 0025 002A 0018 002A 002C 0036 002B 001B 000E 001A 0014 0011 0012 0013 0014 0028 0019 000F 0010 0036 002C 0013 0014 0011 0012 0013 0030 001D 0029
0006 0007 0008 0016 0012 000B 0010 0021 002C 001E 0031 002D 001E 0003 0003 0003 0003 001F 002B 0028 0019 002A 0018 0023 0001 0003 0003 0003 0003 0031 0026 0009
0006 000E 001A 001E 001F 0025 002A 0018 002A 0025 0035 001F 002E 0019 000F 0008 0009 0019 002A 002B 0028 0019 000F 000C 002E 0019 001A 0015 0009 000C 000D 0008
0030 002D 001B 0034 0014 0011 0012 0013 0014 0011 0012 0013 0014 0011 0012 0013 0014 0011 0012 001B 003C 0011 0012 0013 0014 0011 001B 0034 0014 0011 0012 0013
