ATARI GAUNTLET PLAYFIELD 16X16 TILEMAP
SOURCE: level-083-playfield.png
GRID: 32 X 32
TILE_SIZE: 16 X 16
UNIQUE_TILES: 81

0000 0001 0002 0002 0002 0002 0002 0002 0002 0002 0002 0003 0001 0002 0002 0002 0002 0002 0002 0002 0002 0002 0002 0002 0002 0002 0002 0002 0002 0002 0002 0002
0004 0005 0006 0007 0008 0009 0006 0007 0008 0009 0006 0004 000A 000B 0006 0007 0008 0009 0006 000C 000D 000E 000F 0010 000D 000E 0011 000C 000D 000E 000F 0012
0004 000A 000E 000F 0010 000D 000E 000F 0010 0013 0009 0014 0015 0016 0009 0017 0012 0018 000B 0019 001A 001B 001B 001B 001B 0015 001C 001D 001E 0001 001F 0020
0014 001B 001B 001B 001B 001B 001B 001B 0015 0021 0008 0022 0023 0021 0008 0024 0020 0024 0025 0009 0022 0026 0026 0027 0028 0029 001E 002A 002B 0021 0018 000B
002C 0028 002D 002D 002D 002D 002E 0026 0023 002F 0007 0022 0023 002F 0007 0018 000B 0017 0012 0008 0022 0027 0028 0030 0031 0032 0030 0025 0033 0034 0035 0016
0004 0005 0006 0007 0008 0009 0022 0026 0023 0005 0006 0022 0023 0005 0006 0024 0025 0024 0020 0007 002C 0036 0020 000C 000D 000E 000F 0010 0013 0019 0037 0038
0039 0016 0009 0017 0012 0008 002C 0028 0030 0025 0009 0022 0023 000A 000E 000F 0010 000D 000E 000F 0039 000A 000B 0019 0002 0002 0002 003A 003B 000D 000E 000F
003C 0021 0008 003D 002F 0007 0033 0031 0006 0007 0008 0022 003E 001B 001B 001B 001B 001B 001B 001B 003F 0015 000A 000E 0011 000C 0013 0040 0002 0002 0002 0002
0004 002F 0007 0004 0005 0006 0007 0018 000E 000F 0010 0041 0026 0026 0026 0026 0026 0026 0026 0026 0026 003E 001B 0015 001C 0035 003B 000D 000B 0017 0012 0008
0004 0005 0006 0004 000A 000E 000F 0042 0001 0002 0002 0043 002D 002D 002D 002D 002D 002D 002D 002D 002D 002D 002D 0044 0002 0045 001A 0015 000A 0035 002F 0007
0004 0016 0009 0040 0002 0002 0002 0037 0038 0008 0009 0006 0007 0008 0009 0006 0007 0008 0009 0006 0007 0008 0009 0006 0007 0008 0032 0044 001A 0046 0005 0006
0004 0021 0008 0009 0006 0007 0008 0009 0006 0007 0008 0009 0006 0007 0008 0009 0006 0007 0008 0009 0006 0007 0008 0009 0006 0007 0008 0009 002C 0036 0025 0009
0004 002F 000C 000D 000E 0011 0007 0008 0009 0006 0007 0008 0009 0006 0007 0008 0009 0006 0007 0008 0009 0006 0007 0008 0009 0006 0007 0008 0004 0047 0012 0008
0004 0005 0019 0002 001F 0031 0017 0010 000D 000E 000F 0010 000D 000E 000F 0012 0008 0009 0017 0010 000D 000E 000F 0010 000D 000E 000F 0012 0014 0015 002F 0007
0004 0016 0009 0006 0007 0008 0019 0002 0002 0002 0002 0002 0002 0002 003A 002F 0007 0008 0048 0001 0002 0002 0002 0002 0002 0002 001F 0020 0022 0023 0005 0006
0004 0021 0008 0049 000F 0010 0013 0009 0006 0007 0008 0009 0006 0007 0004 0005 0006 0007 0004 0005 0006 0007 0008 0009 0006 0007 0008 0009 0032 002B 0016 0009
0004 002F 0007 0019 0002 003A 003B 000D 000E 000F 0010 000D 000B 0006 0004 0016 0009 0006 0004 0016 0009 0017 0010 000D 000E 000F 0010 000D 000E 0039 0021 0008
0004 0005 0006 000C 0013 0040 001A 001B 001B 001B 001B 0015 0016 0009 0004 0021 0008 0009 0004 0021 0008 004A 001E 0001 0002 0002 0002 0002 0002 003C 002F 0007
0004 0016 0009 003D 0021 0008 0032 002D 002D 002D 002D 0030 0038 0008 0004 002F 0007 0008 0004 002F 0007 0022 0023 002F 0007 0008 0009 0006 0007 0033 0031 0006
0004 0021 0008 0004 002F 0007 0018 000B 0006 0007 0008 0009 0006 0007 0004 0005 0006 0007 0004 0005 0006 0022 0023 0005 0006 000C 0013 0009 0006 000C 0013 0009
0004 002F 0007 0004 0005 0006 0024 0025 0049 000F 0010 000D 000B 0017 0039 0016 0009 0006 0004 0016 0009 0022 0023 0016 0009 003D 0021 0008 0009 003D 0021 0008
0004 0005 0006 0033 0025 0009 0006 0007 0048 0001 0002 001F 0025 0019 003C 0021 0008 0009 0004 0021 0008 0032 0030 0038 0008 0004 002F 000C 0013 0004 002F 0007
0004 0016 0009 0017 0012 0008 0049 000F 0039 0016 0009 0017 0012 0008 0004 002F 0007 0008 0004 002F 0007 0008 0009 0006 0007 0004 0005 0024 004B 004C 0031 0006
0004 0021 0008 003D 002F 0007 0019 0002 0037 0038 0018 004D 0034 0012 0004 001C 000F 0010 0039 001C 000F 0010 000D 000E 000F 0039 0016 0009 0024 004B 0013 0009
0004 002F 0007 0004 0005 0006 0007 0018 000B 0006 0024 0025 0024 0034 004E 0002 0002 0003 004F 0002 0002 0002 0002 0002 0002 0037 0038 0008 0009 003D 0021 0008
0004 0005 0006 0004 0016 0009 0017 004D 0025 0009 0017 0012 0008 0024 0020 0007 0050 0033 0020 000C 0013 0009 0006 000C 0013 0009 0006 000C 0013 0004 002F 0007
0004 0016 0009 0004 0021 0008 0024 0034 0012 0008 0024 0020 000C 0013 0009 0006 0007 0008 0049 004D 0038 0008 0009 0024 004B 0013 0009 0024 0038 0004 0005 0006
0004 0021 0008 0004 002F 0007 0008 0024 0020 0007 0008 0009 0024 0038 0008 0049 0011 0007 0024 0031 0006 0007 0008 0009 0024 0038 0008 0009 0006 0004 0016 0009
0004 002F 0007 0004 001C 000F 0010 0013 0049 000F 0010 000D 000E 000F 0010 0035 0005 0017 0010 000D 000E 000F 0010 000D 000E 000F 0010 0013 0049 0039 0021 0008
0004 0005 0006 0040 0002 0002 001F 0038 0019 0002 0002 0002 0002 0002 0002 0037 0025 0019 0002 0002 0002 0002 0002 0002 0002 0002 001F 0038 0019 0037 0020 0007
0004 0016 0009 0006 0007 0008 0009 0006 0007 0008 0009 0006 0007 0008 0009 0006 0007 0008 0009 0006 0007 0008 0009 0006 0007 0008 0009 0006 0007 0008 0009 0006
0039 003B 000D 000E 000F 0010 000D 000E 000F 0010 000D 000E 000F 0010 000D 000E 000F 0010 000D 000E 000F 0010 000D 000E 000F 0010 000D 000E 000F 0010 000D 000E
