ATARI GAUNTLET MOTION OBJECT 16X16 TILEMAP
SOURCE: level-013.png
GRID: 32 X 32
TILE_SIZE: 16 X 16
ATLAS_TILES: 672
UNIQUE_PIXEL_TILES: 116
CONNECTED_OBJECT_GROUPS: 18

0020 0021 0022 0000 0000 0000 0000 0000 0000 0000 0000 0000 0000 0000 0000 0000 0000 0000 0000 0000 0000 0000 0000 0000 0000 0000 0000 0000 0000 0000 0000 0026
0040 0041 0042 0043 0044 0000 0000 0000 0000 0000 0000 0000 0000 0000 0000 0000 0000 0000 0000 0000 0000 0000 0000 0000 0000 0000 0000 0000 0000 0000 0045 0046
0000 0061 0062 0063 0064 0000 0000 0000 0000 0000 0000 0000 0000 0000 0027 0028 0029 002A 002B 0000 0000 0000 0000 0000 0000 0000 0000 0000 0000 0000 0000 0000
0000 0081 0082 0083 0000 0000 0000 0000 0000 0000 0000 0000 0000 0000 0047 0048 0049 004A 004B 0000 0000 0000 0000 0000 0000 0000 0000 0000 0000 0000 0000 0000
0000 0000 0000 0000 0000 0000 0000 0000 0000 0000 0000 0000 0000 0000 0000 0068 0069 006A 0000 0000 0000 0000 0000 0000 0000 0000 0000 002C 002D 0000 0000 0000
0000 0000 0000 0000 0000 0000 0000 0000 0000 0000 0000 0000 0000 0000 0000 0088 0089 008A 0000 0000 0000 0000 0000 0000 0000 0000 0000 0000 004D 004E 0000 0000
0000 0000 0000 0000 0000 0000 0000 0000 0000 0000 0000 0000 0000 0000 0000 00A8 00A9 00AA 0000 0000 0000 0000 0000 0000 0000 0000 0000 0000 0000 0000 0000 0000
0000 0000 0000 0000 0000 0000 0000 0000 0000 0000 0000 0000 0000 0000 0000 00C8 00C9 00CA 0000 0000 0000 0000 0000 0000 0000 0000 0000 0000 0000 0000 0000 0000
0000 0000 0000 0000 0000 0000 0000 0000 0000 002F 0000 0000 0000 0000 0000 00E8 00E9 00EA 0000 0000 0000 0000 0000 0000 0000 0000 0000 0000 0000 0000 0000 0000
0000 0000 0000 0000 0000 0000 0000 0000 0000 004F 0000 0000 0000 0000 0000 0108 0109 010A 0000 0000 0000 0000 0000 0000 0000 0000 0000 0000 0000 0000 0000 0000
0000 0000 0000 0000 0000 0000 0000 0000 0000 0000 0000 0000 0000 0030 0000 0000 0000 0000 0000 0000 0000 0000 0000 0000 0000 0000 0000 0000 0000 0000 0000 0000
0000 0000 0000 0000 0000 0000 0000 0000 0000 0000 0000 0000 0000 0050 0000 0000 0000 0000 0000 0000 0000 0000 0000 0000 0000 0000 0000 0000 0000 0000 0000 0000
0000 0000 0000 0000 0000 0000 0000 0000 0000 0000 0000 0000 0000 0000 0000 0031 0032 0033 0000 0000 0000 0000 0000 0000 0000 0000 0000 0000 0000 0000 0000 0000
0000 0000 0000 0000 0000 0000 0000 0000 0000 0000 0000 0000 0000 0000 0000 0051 0052 0053 0000 0000 0000 0000 0000 0000 0000 0000 0000 0000 0000 0000 0000 0000
0000 0000 0034 0035 0036 0000 0000 0000 0000 0000 0000 0000 0000 0000 0000 0000 0000 0000 0000 0000 0000 0000 0000 0000 0000 0000 0000 0000 003D 003E 003F 0000
0000 0000 0054 0055 0056 0000 0120 0121 0122 0123 0124 0000 0000 0000 0000 0000 0126 0127 0128 0129 012A 0000 0057 0058 0059 005A 005B 005C 005D 005E 005F 0000
0000 0000 0074 0075 0076 0000 0140 0141 0142 0143 0144 0000 0000 0000 0000 0145 0146 0147 0148 0149 014A 0000 0077 0078 0079 007A 007B 007C 007D 007E 007F 0000
0000 0000 0094 0095 0096 0000 0000 0000 0000 0000 0000 0000 0000 0000 0000 0000 0000 0000 0000 0000 0000 0000 0097 0000 0000 0000 0000 0000 009D 009E 009F 0000
0000 0000 0000 0000 0000 0000 0000 0000 0000 0000 0000 0000 0000 0000 0000 0000 0000 0000 0000 0000 0000 0000 00B7 0000 0000 0000 0000 0000 0000 0000 0000 0000
0000 0000 0000 0000 0000 0000 0000 0000 0000 0000 0000 0000 0000 0000 0000 0000 0000 0000 0000 0000 0000 0000 0000 0000 0000 0000 0000 0000 0000 0000 0000 0000
0000 0000 0000 0000 0000 0000 0000 0000 0000 0000 0000 0000 0000 0000 0000 0000 0000 0000 0000 012B 0000 0000 0000 0000 0000 0000 0000 0000 0000 0000 0000 0000
0000 0000 0000 0000 0000 0000 0000 0000 0000 0000 0000 0000 0000 0000 0000 0000 0000 0000 0000 014B 0000 0000 0000 0000 0000 0000 0000 0000 0000 0000 0000 0000
0000 0000 0000 0000 012C 012D 012E 0000 0000 0000 0000 0000 0000 0000 0000 0000 0000 0000 0000 0000 0000 0000 0000 012F 0000 0000 0000 0000 0000 0000 0000 0000
0000 0000 0000 0000 014C 014D 014E 0000 0000 0000 0000 0000 0000 0000 0000 0000 0000 0000 0000 0000 0000 0000 0000 014F 0000 0000 0000 0000 0000 0000 0000 0000
0000 0000 0000 0000 0000 0000 0000 0000 0000 0000 0000 0000 0000 0000 0000 0137 0138 0139 0000 0000 0000 0000 0000 0000 0000 0000 0000 0000 0000 0000 0000 0000
0000 0000 0000 0000 0000 0000 0000 0000 0000 0000 0000 0000 0000 0000 0000 0157 0158 0159 0000 0000 0000 0000 0000 0000 0000 0000 0000 0000 0000 0000 0000 0000
013B 013C 013D 0000 0000 0000 0000 0000 0170 0171 0172 0000 0000 0000 0000 0177 0178 0179 0000 0000 0000 0000 0000 0000 0000 0000 0000 0000 0000 0000 0000 0000
015B 015C 015D 0000 0000 0000 0000 0000 0190 0191 0192 0000 0000 0000 0000 0197 0198 0199 0000 0000 0000 0000 0000 0000 0000 0000 0000 0000 0000 0000 0203 0204
017B 0000 0000 0000 0000 0000 0000 0000 0000 0000 01B2 0000 0000 0000 01B6 01B7 01B8 01B9 01BA 0000 0000 0000 0000 0000 0000 0000 0000 0000 0000 0222 0223 0224
0000 0000 0000 0000 0000 0000 0000 0000 0000 0000 0000 01D3 01D4 01D5 01D6 01D7 01D8 01D9 01DA 0000 0000 0000 0000 0000 0000 0000 0000 0000 0241 0242 0243 0244
0205 0000 0000 0000 0000 0000 0000 0000 0000 0000 0000 01F3 01F4 01F5 0000 0000 0000 0000 0000 0000 0000 0000 0000 0000 0000 0000 0000 0260 0261 0262 0263 0264
0225 0226 0000 0000 0000 0000 0000 0000 0000 0000 0000 0000 0000 0000 0000 0000 0000 0000 0000 0000 0000 0000 0000 0000 0000 0000 0000 0280 0281 0282 0283 0284
