ATARI GAUNTLET MOTION OBJECT 16X16 TILEMAP
SOURCE: level-079.png
GRID: 32 X 32
TILE_SIZE: 16 X 16
ATLAS_TILES: 2080
UNIQUE_PIXEL_TILES: 187
CONNECTED_OBJECT_GROUPS: 7

0000 0021 0022 0023 0024 0025 0026 0027 0028 0000 002A 002B 002C 0000 002E 002F 0030 0000 0000 0000 0000 0035 0036 0037 0000 0422 0423 0424 0425 0426 0427 0428
0040 0041 0042 0043 0044 0045 0046 0047 0048 0000 004A 004B 004C 004D 004E 004F 0050 0000 0000 0000 0000 0055 0056 0057 0000 0442 0443 0444 0445 0446 0447 0448
0000 0000 0000 0000 0000 0000 0000 0000 0068 0069 006A 0000 0000 0000 006E 006F 0070 0000 0000 0000 0000 0075 0000 0000 0000 0000 0463 0464 0465 0000 0000 0000
0080 0081 0082 0083 0084 0085 0086 0087 0088 0089 008A 0000 0000 0000 008E 008F 0090 0091 0092 0000 0000 0095 0000 0000 0000 0000 0483 0484 0485 0000 0000 0000
00A0 00A1 00A2 00A3 00A4 00A5 00A6 00A7 00A8 0000 00AA 00AB 00AC 0000 00AE 0000 00B0 00B1 00B2 0000 0000 00B5 0000 0000 04A1 04A2 0000 0000 04A5 0000 0000 0000
00C0 00C1 00C2 00C3 00C4 00C5 00C6 00C7 00C8 0000 00CA 00CB 00CC 0000 00CE 0000 0000 00D1 00D2 00D3 00D4 00D5 0000 04C0 04C1 04C2 0000 0000 04C5 0000 0000 0000
00E0 00E1 00E2 00E3 00E4 00E5 00E6 00E7 00E8 00E9 00EA 0000 0000 0000 00EE 0000 0000 00F1 00F2 00F3 00F4 00F5 0000 0000 0000 0000 0000 0000 04E5 0000 0000 042A
0100 0101 0102 0103 0104 0105 0106 0107 0108 0109 010A 0000 0000 0000 010E 0000 0000 0000 0000 0000 0000 0115 0000 0000 0000 0000 0503 0504 0505 0000 0449 044A
0000 0121 0122 0123 0124 0125 0126 0127 0128 0000 0000 0000 0000 0000 012E 0000 0000 0000 0000 0000 0000 0135 0000 0000 0000 0000 0523 0524 0525 0000 0000 0000
0000 0000 0000 0000 0000 0000 0000 0000 0148 0000 0000 0000 014C 014D 014E 0000 0000 0000 0000 0000 0000 0155 0000 0000 0000 0000 0000 0000 0545 0000 0000 0000
0000 0000 0000 0000 0000 0000 0000 0000 0168 0000 0000 0000 016C 016D 016E 0000 0000 0000 0000 0000 0000 0175 0000 0000 0000 0000 0000 0000 0565 0000 0000 0000
0000 0000 0000 0000 0000 0000 0000 0000 0188 0000 0000 0000 0000 0000 018E 0000 0000 0191 0192 0193 0194 0195 0000 0000 0000 0000 0000 0000 0585 0000 0000 0000
0000 0000 0000 0000 0000 0000 0000 0000 01A8 0000 01AA 01AB 01AC 0000 01AE 0000 0000 01B1 01B2 01B3 01B4 01B5 0000 0000 0000 0000 05A3 05A4 05A5 0000 0000 0000
0000 0000 0000 0000 0000 0000 0000 0000 01C8 01C9 01CA 01CB 01CC 0000 01CE 0000 0000 0000 0000 0000 0000 01D5 0000 0000 0000 0000 05C3 05C4 05C5 0000 0000 0000
0000 0000 0000 0000 0000 0000 0000 0000 01E8 01E9 01EA 0000 0000 0000 01EE 0000 0000 0000 0000 0000 0000 01F5 0000 0000 0000 0000 0000 0000 05E5 0000 0000 0000
0000 0000 042B 0000 0000 0000 0000 0000 0208 0000 020A 020B 020C 020D 020E 0000 0000 0000 0000 0000 0000 0215 0000 0000 042D 042E 0000 0000 0605 0000 0000 0000
0000 0000 0000 0000 0000 0000 0000 0000 0228 0000 022A 022B 022C 022D 022E 0000 0000 0000 0000 0233 0234 0235 0000 044C 044D 044E 0000 0000 0625 0000 0000 0000
0000 0000 0000 0000 0000 0000 0000 0000 0248 0000 0000 0000 0000 0000 024E 0000 0000 0000 0000 0253 0254 0255 0000 0000 0000 0000 0000 0000 0645 0000 0000 0000
0000 0000 0000 0000 0000 0000 0000 0000 0268 0000 0000 0000 0000 0000 026E 0000 0000 0000 0000 0000 0000 0275 0000 0000 0000 0000 0663 0664 0665 0000 0000 0000
0000 0000 0000 0000 0000 0000 0000 0000 0288 0289 028A 0000 0000 0000 028E 0000 0000 0000 0000 0000 0000 0295 0000 0000 0000 0000 0683 0684 0685 0000 0000 0000
0000 0000 0000 0000 0000 0000 0000 0000 02A8 02A9 02AA 0000 0000 0000 02AE 0000 0000 02B1 02B2 02B3 02B4 02B5 0000 0000 0000 0000 0000 0000 06A5 0000 0000 0000
02C0 02C1 02C2 02C3 02C4 02C5 02C6 02C7 02C8 0000 0000 0000 02CC 02CD 02CE 0000 0000 02D1 02D2 02D3 02D4 02D5 0000 0000 0000 0000 0000 0000 06C5 0000 0000 0000
02E0 02E1 02E2 02E3 02E4 02E5 02E6 02E7 02E8 0000 0000 0000 02EC 02ED 02EE 0000 0000 0000 0000 0000 0000 02F5 0000 0000 0000 0000 0000 0000 06E5 0000 0000 0000
0000 0301 0302 0303 0304 0305 0306 0307 0308 0000 0000 0000 0000 0000 030E 0000 0000 0000 0000 0000 0000 0315 0000 0000 0000 0000 0703 0704 0705 0000 0000 0000
0320 0321 0322 0323 0324 0325 0326 0327 0328 0000 0000 0000 0000 0000 032E 0000 0000 0000 0000 0333 0334 0335 0000 0000 0000 0000 0723 0724 0725 0000 0000 0430
0340 0341 0342 0343 0344 0345 0346 0347 0348 0349 034A 0000 0000 0000 034E 0000 0000 0000 0000 0353 0354 0355 0000 0000 0741 0742 0000 0000 0745 0000 044F 0450
0360 0361 0362 0363 0364 0365 0366 0367 0368 0369 036A 0000 0000 0000 036E 0000 0370 0371 0372 0000 0000 0375 0000 0760 0761 0762 0000 0000 0765 0000 0000 0000
0380 0381 0382 0383 0384 0385 0386 0387 0388 0000 038A 038B 038C 038D 038E 0000 0390 0391 0392 0393 0000 0395 0000 0000 0000 0000 0000 0000 0785 0000 0000 0000
03A0 03A1 03A2 03A3 03A4 03A5 03A6 03A7 03A8 0000 03AA 03AB 03AC 03AD 03AE 0000 0000 03B1 03B2 03B3 03B4 03B5 0000 0000 0000 0000 07A3 07A4 07A5 0000 0000 0000
03C0 03C1 03C2 0000 0000 0000 0000 0000 03C8 0000 0000 0000 0000 0000 03CE 0000 0000 0000 0000 03D3 03D4 03D5 0000 0000 0000 0000 07C3 07C4 07C5 0000 0000 0000
03E0 03E1 03E2 03E3 03E4 03E5 03E6 03E7 03E8 0000 0431 0432 0433 0000 03EE 03EF 03F0 0000 0000 0000 0000 03F5 03F6 03F7 0000 07E2 07E3 07E4 07E5 07E6 07E7 07E8
0400 0401 0402 0403 0404 0405 0406 0407 0408 0000 0451 0452 0453 0000 040E 040F 0410 0000 0000 0000 0414 0415 0416 0417 0000 0802 0803 0804 0805 0806 0807 0808
