ATARI GAUNTLET MOTION OBJECT 16X16 TILEMAP
SOURCE: level-063.png
GRID: 32 X 32
TILE_SIZE: 16 X 16
ATLAS_TILES: 800
UNIQUE_PIXEL_TILES: 117
CONNECTED_OBJECT_GROUPS: 27

0020 0021 0022 0023 0024 0000 0000 0000 0000 0000 0000 0000 0000 0025 0026 0027 0000 0028 0029 002A 0000 0000 0000 0000 0000 0000 0000 0000 0000 0000 002B 002C
0040 0041 0042 0043 0044 0000 0000 0000 0000 0000 0000 0000 0000 0045 0046 0047 0000 0048 0049 004A 0000 0000 0000 0000 0000 0000 0000 0000 0000 0000 004B 004C
0000 0000 0000 0000 0000 0000 0000 0000 0000 0000 0000 002D 0000 0000 0000 0000 0000 0000 0000 0000 0000 0000 0000 0000 0000 0000 0000 0032 0000 0000 0000 0000
0000 0000 0000 0000 0000 0000 0033 0000 0000 0000 0000 0000 004E 004F 0050 0000 0000 0000 0035 0036 0037 0000 0000 0000 0000 0000 0000 0052 0000 0000 0000 0000
0000 0000 0000 0000 0000 0000 0053 0000 0000 0000 0000 0000 006E 006F 0070 0071 0000 0054 0055 0056 0057 0000 0000 0000 0000 0000 0000 0000 0000 0000 0000 0000
0000 0000 0000 0000 0000 0000 0000 0000 0000 0000 0000 008D 008E 0000 0000 0000 0000 0000 0000 0000 0077 0078 0000 0000 0000 0000 0000 0000 0000 0000 0000 0000
0039 003A 003B 0000 0000 0000 0000 0000 0000 0000 0000 00AD 0000 0000 0000 0000 0000 0000 0000 0000 0000 0098 0000 0000 0000 0000 0000 0000 0000 0000 0000 0000
0059 005A 005B 0000 0000 0000 0000 0000 0000 0000 0000 0000 0000 0000 0000 0000 0000 0000 0000 0000 0000 0000 0000 0000 0000 0000 0000 0000 0000 0000 003C 003D
0079 007A 007B 0000 0000 0000 0000 0000 0000 0000 0000 00C7 00C8 00C9 0000 0000 0000 0000 0000 00CA 00CB 00CC 0000 0000 0000 0000 0000 0000 0000 0000 005C 005D
0099 009A 009B 0000 0000 0000 0000 0000 0000 0000 0000 00E7 00E8 00E9 0000 00D4 00D5 00D6 0000 00EA 00EB 00EC 0000 0000 00EF 00F0 00F1 0000 0000 0000 007C 007D
00B9 0000 0000 0000 0000 0000 0000 0000 0000 0105 0106 0107 0000 0000 0000 00F4 00F5 00F6 0000 0000 0000 010C 010D 010E 010F 0110 0111 0000 0000 0000 009C 009D
0000 0000 0000 0000 0000 0121 0000 0000 0000 0125 0126 0127 0000 0000 0000 0000 0000 0000 0000 0000 0000 012C 012D 012E 0000 0000 0000 0132 0000 0000 0000 0000
0000 0000 0000 0000 0140 0141 0000 0143 0144 0145 0000 0000 0000 0000 0000 0000 0000 0000 0000 0000 0000 0000 0000 014E 014F 0150 0000 0152 0153 0000 0000 0000
0000 0000 0000 0000 0160 0000 0000 0163 0164 0165 0000 0000 0000 0000 0000 0000 0000 0000 0000 0000 0000 0000 0000 016E 016F 0170 0000 0000 0173 0000 0000 0000
0000 0000 0000 0000 0000 0181 0182 0183 0000 0000 0000 0000 0000 0000 0000 0000 0000 0000 0000 0000 0000 0000 0000 0000 0000 0190 0191 0192 0000 0000 0000 0000
0000 0000 0000 0000 0000 01A1 01A2 01A3 0000 0000 0000 0000 0000 0000 0000 0000 0000 0000 0000 0000 0000 0000 0000 0000 0000 01B0 01B1 01B2 0000 0000 0000 0000
00D7 00D8 00D9 00DA 0000 0000 01C2 01C3 01C4 01C5 01C6 0000 0000 0000 0000 0000 00DB 0000 0000 0000 0000 0000 01CD 01CE 01CF 01D0 01D1 0000 0000 00DC 00DD 00DE
0000 00F8 00F9 00FA 0000 0000 01E2 01E3 01E4 01E5 01E6 0000 0000 0000 0000 0000 0000 0000 0000 0000 0000 0000 01ED 01EE 01EF 01F0 01F1 0000 0000 00FC 00FD 00FE
0000 0118 0119 011A 0000 0000 0000 0000 0000 0000 0000 0000 0000 0200 0201 0202 0000 0203 0204 0205 0000 0000 0000 0000 0000 0000 0000 0000 0000 011C 011D 011E
0000 0000 0000 0000 0000 0000 0000 0000 0000 0000 0000 0000 0000 0220 0221 0222 0000 0223 0224 0225 0000 0000 0000 0000 0000 0000 0000 0000 0000 0000 0000 0000
0000 0000 0000 0000 0000 0000 0000 0000 0000 0000 0000 0000 0000 0000 0000 0000 0000 0000 0000 0000 0000 0000 0000 0000 0000 0000 0000 0000 0000 0000 0000 0000
0000 0000 0000 0000 0000 020A 020B 020C 0000 0000 0000 0000 0000 0000 0000 0000 0000 0000 0000 0000 0000 0000 0000 0000 0000 020D 020E 020F 0000 0000 0000 0000
0000 0000 0000 0000 0000 022A 022B 022C 0000 0000 0000 0000 0000 0000 0000 0000 0000 0000 0000 0000 0214 0215 0216 0000 0000 022D 022E 022F 0000 0000 0000 0000
0000 0000 0000 0248 0249 024A 0000 0000 0000 0000 0000 0000 0000 0000 0000 0000 0000 0000 0000 0000 0234 0235 0236 0000 0000 0000 0000 024F 0250 0251 0000 0000
0000 0000 0000 0268 0269 026A 0000 0000 0000 0000 0000 0000 0000 0000 0000 0218 0219 021A 0000 0000 0000 0000 0000 0000 0000 0000 0000 026F 0270 0271 0000 0000
0000 0286 0287 0288 0000 0000 0000 0000 0000 0000 0000 0000 0000 0000 0237 0238 0239 023A 023B 0000 0000 0000 0000 0000 0000 0000 0000 0000 0000 0291 0292 0293
0000 02A6 02A7 02A8 0000 0000 0000 0000 0000 0000 0000 0000 0000 0000 0257 0258 0259 025A 025B 025C 025D 0000 0000 0000 0000 0000 0000 0000 0000 02B1 02B2 02B3
0000 0000 0000 0000 0000 0000 0000 0000 0000 0000 0000 0000 0000 0000 0277 0000 0000 0000 027B 027C 027D 0000 0000 0000 0000 02C0 02C1 02C2 0000 0000 0000 0000
0000 0000 0000 0000 0000 0000 0000 0000 0000 0000 0000 0000 0000 0000 0000 0000 0000 0000 0000 0000 0000 0000 0000 0000 0000 02E0 02E1 02E2 0000 0000 0000 0000
02C3 02C4 02C5 0000 0000 0000 0000 0000 0000 0000 0000 0000 0000 0000 0000 0000 0000 0000 0000 0000 0000 0000 0000 0000 0000 0000 0000 0000 0000 0000 0000 0000
02E3 02E4 02E5 0000 0000 0000 0000 0000 0000 0000 0000 0000 02C6 02C7 02C8 0000 0000 0000 02C9 02CA 02CB 0000 0000 0000 0000 0000 0000 0000 0000 02CC 02CD 02CE
0303 0304 0305 0000 0000 0000 0000 0000 0000 0000 0000 0000 02E6 02E7 02E8 0000 0000 0000 02E9 02EA 02EB 0000 0000 0000 0000 0000 0000 0000 0000 02EC 02ED 02EE
