ATARI GAUNTLET PLAYFIELD 16X16 TILEMAP
SOURCE: level-112-playfield.png
GRID: 32 X 32
TILE_SIZE: 16 X 16
UNIQUE_TILES: 40

0000 0001 0002 0002 0002 0002 0002 0002 0002 0002 0002 0002 0002 0002 0002 0002 0002 0002 0002 0002 0002 0002 0002 0002 0002 0002 0002 0002 0002 0002 0002 0002
0003 0004 0005 0006 0007 0008 0005 0006 0007 0008 0005 0006 0007 0008 0005 0006 0007 0008 0005 0006 0007 0008 0005 0006 0007 0008 0005 0006 0007 0008 0009 000A
0003 000B 0008 0005 0006 0007 0008 0005 0006 0007 0008 0005 0006 0007 0008 0005 0006 0007 0008 0005 0006 0007 0008 0005 0006 0007 0008 0005 0006 0007 000C 000D
0003 000E 0007 0008 0005 0006 0007 0008 0005 0006 0007 0008 0005 0006 0007 0008 0005 0006 0007 0008 0005 0006 0007 0008 0005 0006 0007 0008 0005 0006 0003 0004
0003 000D 0006 0007 0008 0005 0006 0007 0008 0005 0006 0007 0008 0005 0006 0007 0008 0005 0006 0007 0008 0005 0006 0007 0008 0005 0006 0007 0008 0005 0003 000B
0003 0004 0005 0006 0007 0008 0005 0006 0007 0008 0005 0006 0007 0008 0005 0006 0007 0008 0005 0006 0007 0008 0005 0006 0007 0008 0005 0006 0007 0008 0003 000E
0003 000B 0008 0005 0006 0007 0008 0005 0006 0007 0008 0005 0006 0007 0008 0005 0006 0007 0008 0005 0006 0007 0008 0005 0006 0007 0008 0005 0006 0007 0003 000D
0003 000E 0007 0008 0005 0006 0007 0008 0005 0006 0007 0008 0005 0006 0007 0008 0005 0006 0007 0008 0005 0006 0007 0008 0005 0006 0007 0008 0005 0006 0003 0004
0003 000D 0006 0007 0008 0005 0006 0007 0008 0005 0006 0007 0008 0005 0006 0007 0008 0005 0006 0007 0008 0005 0006 0007 0008 0005 0006 0007 0008 0005 0003 000B
0003 000F 0010 0011 0012 0013 0010 0011 0012 0013 0010 0011 0012 0013 0010 0011 0012 0013 0010 0011 0012 0013 0010 0011 0012 0013 0010 0011 0012 0013 0014 000E
0015 0016 0017 0018 0019 0018 0017 0018 0019 0018 0017 0018 0019 0018 0017 0018 0019 0018 0017 0018 0019 0018 0017 0018 0019 0018 0017 0018 0019 001A 001B 000D
0003 001C 001D 001E 0009 000A 001F 001E 0009 000A 001F 001E 0009 000A 001F 001E 0009 000A 001F 001E 0009 000A 001F 001E 0009 000A 001F 001E 0009 000A 0003 0004
0015 0001 0020 0021 0018 0022 0018 0021 0018 0022 0018 0021 0018 0022 0018 0021 0018 0022 0018 0021 0018 0022 0018 0021 0018 0022 0018 0021 0018 0022 0003 000B
0003 0004 0005 0011 001D 0023 0024 0025 001D 0023 0024 0025 001D 0023 0024 0025 001D 0023 0024 0025 001D 0023 0024 0025 001D 0023 0024 0025 001D 0023 0014 000E
0003 000B 0008 001A 0002 0002 0002 0002 0002 0002 0002 0002 0002 0002 0002 0002 0002 0002 0002 0002 0002 0002 0002 0002 0002 0002 0002 0002 0002 0002 001B 000D
0003 000E 0007 0008 0005 0006 0007 0008 0005 0006 0007 0008 0005 0006 0007 0008 0005 0006 0007 0008 0005 0006 0007 0008 0005 0006 0007 0008 0005 0006 0003 0004
0003 000D 0006 0007 0008 0005 0006 0007 0008 0005 0006 0007 0008 0005 0006 0007 0008 0005 0006 0007 0008 0005 0006 0007 0008 0005 0006 0007 0008 0005 0003 0026
0003 0004 0005 0011 001D 0023 0024 0025 001D 0023 0024 0025 001D 0023 0024 0025 001D 0023 0024 0025 001D 0023 0024 0025 001D 0023 0024 0025 001D 0023 0014 000E
0003 000B 0008 001A 0002 0002 0002 0002 0002 0002 0002 0002 0002 0002 0002 0002 0002 0002 0002 0002 0002 0002 0002 0002 0002 0002 0002 0002 0002 0002 001B 000D
0003 001C 001D 001E 0009 000A 001F 001E 0009 000A 001F 001E 0009 000A 001F 001E 0009 000A 001F 001E 0009 000A 001F 001E 0009 000A 001F 001E 0009 000A 0003 0004
0015 0001 0020 0021 0018 0022 0018 0021 0018 0022 0018 0021 0018 0022 0018 0021 0018 0022 0018 0021 0018 0022 0018 0021 0018 0022 0018 0021 0018 0022 0003 000B
0003 0004 0005 0011 0012 0013 0010 0011 0012 0013 0010 0011 0012 0013 0010 0011 0012 0013 0010 0011 0012 0013 0010 0011 0012 0013 0010 0011 0012 0013 0014 000E
0003 000B 0008 0018 0019 0018 0017 0018 0019 0018 0017 0018 0019 0018 0017 0018 0019 0018 0017 0018 0019 0018 0017 0018 0019 0018 0017 0018 0019 001A 001B 000D
0003 000E 0007 0008 0005 0006 0007 0008 0005 0006 0007 0008 0005 0006 0007 0008 0005 0006 0007 0008 0005 0006 0007 0008 0005 0006 0007 0008 0005 0006 0003 0004
0003 000D 0006 0007 0008 0005 0006 0007 0008 0005 0006 0007 0008 0005 0006 0007 0008 0005 0006 0007 0008 0005 0006 0007 0008 0005 0006 0007 0008 0005 0003 000B
0003 0004 0005 0006 0007 0008 0005 0006 0007 0008 0005 0006 0007 0008 0005 0006 0007 0008 0005 0006 0007 0008 0005 0006 0007 0008 0005 0006 0007 0008 0003 000E
0003 000B 0008 0005 0006 0007 0008 0005 0006 0007 0008 0005 0006 0007 0008 0005 0006 0007 0008 0005 0006 0007 0008 0005 0006 0007 0008 0005 0006 0007 0003 000D
0003 000E 0007 0008 0005 0006 0007 0008 0005 0006 0007 0008 0005 0006 0007 0008 0005 0006 0007 0008 0005 0006 0007 0008 0005 0006 0007 0008 0005 0006 0003 0004
0003 000D 0006 0007 0008 0005 0006 0007 0008 0005 0006 0007 0008 0005 0006 0007 0008 0005 0006 0007 0008 0005 0006 0007 0008 0005 0006 0007 0008 0005 0003 000B
0003 0004 0005 0006 0007 0008 0005 0006 0007 0008 0005 0006 0007 0008 0005 0006 0007 0008 0005 0006 0007 0008 0005 0006 0007 0008 0005 0006 0007 0008 0003 000E
0003 000B 0008 0005 0006 0007 0008 0005 0006 0007 0008 0005 0006 0007 0008 0005 0006 0007 0008 0005 0006 0007 0008 0005 0006 0007 0008 0005 0006 0007 0027 0022
0014 001C 001D 0023 0024 0025 001D 0023 0024 0025 001D 0023 0024 0025 001D 0023 0024 0025 001D 0023 0024 0025 001D 0023 0024 0025 001D 0023 0024 0025 001D 0023
