ATARI GAUNTLET PLAYFIELD 16X16 TILEMAP
SOURCE: level-099-playfield.png
GRID: 32 X 32
TILE_SIZE: 16 X 16
UNIQUE_TILES: 59

0000 0000 0000 0000 0000 0000 0000 0000 0000 0000 0001 0002 0000 0000 0000 0000 0003 0000 0004 0005 0002 0001 0002 0000 0000 0000 0000 0000 0000 0000 0000 0000
0006 0007 0008 0009 0006 0007 0008 0009 0006 0007 000A 000B 0006 0007 0008 0009 0006 0007 000C 000D 000E 000A 000F 0009 0006 0007 0008 0009 0006 0007 0008 0009
0009 0006 0007 0008 0009 0006 0007 0008 0009 0006 000A 000F 0009 0006 0007 0008 0009 0006 000C 000D 000B 000A 0010 0008 0009 0006 0007 0008 0009 0006 0007 0008
0011 0012 0013 0014 0011 0012 0015 0007 0008 0009 000A 0016 0011 0012 0013 0014 0011 0012 0017 000D 000F 000A 0018 0014 0011 0012 0013 0014 0011 0012 0013 0014
0000 0000 0000 0000 0000 0019 000B 0006 001A 0011 001B 001C 001C 001C 001C 001C 001C 001C 001D 000D 0010 001E 0002 0000 0000 0000 0000 0000 0000 0000 0000 0000
0006 0007 0008 0009 0006 000A 000F 0009 001F 0002 0020 0021 0021 0021 0021 0021 0021 0021 0021 0022 0023 000A 000F 0009 0006 0007 0008 0009 0006 0007 0008 0009
0009 0006 0007 0008 0024 000A 0010 0008 000A 0024 0014 0011 0012 0013 0014 0011 0012 0013 0014 0011 0012 0025 0010 0008 0009 0006 0007 0008 0009 0006 0007 0008
0011 0012 0013 0014 0011 0025 0026 0007 0027 0000 0000 0000 0000 0000 0000 0000 0000 0000 0000 0000 0000 0028 0023 0007 0008 0009 0029 0014 0011 0012 0013 0014
0000 0000 0000 0000 0000 0028 002A 0006 0007 0008 0009 0006 0007 0008 0009 0006 0007 0008 0009 0006 0007 0008 0009 0006 0007 002B 002C 0000 0000 0000 0000 0000
0006 0007 0008 0009 0006 0007 0008 002D 0013 0014 0011 0012 0013 0014 0011 0012 0013 0014 0011 0012 0013 0014 0011 0012 0013 002E 000F 0009 0006 0007 0008 0009
0009 0006 0007 0008 0009 0006 0007 001F 0002 0000 0000 0000 0000 0000 0000 0000 0000 0000 0000 0000 0000 0000 0000 0000 0000 002F 0010 0008 0009 0006 0007 0008
0008 0009 0006 0007 0008 0009 0006 000A 000F 0009 0006 0007 0008 0009 0006 0007 0008 0009 0006 0007 0008 0009 0006 0007 0008 000A 0026 0007 0008 0009 0006 0007
0014 0011 0030 0006 0007 0008 0009 000A 0010 0008 0009 0006 0007 0008 0009 0006 0007 0008 0009 0006 0007 0008 0009 0006 0007 000A 000B 0006 0007 002B 0012 0013
0000 0031 0032 0009 0006 0007 0008 000A 0026 0007 0008 0009 0006 0007 0008 0009 0006 0007 0008 0009 0006 0007 0008 0009 0006 000A 000F 0009 0006 001F 0002 0000
0009 0006 0007 0008 0009 0006 0007 000A 000B 0006 0007 0008 0009 0006 0007 0008 0009 0006 0007 0008 0009 0006 0007 0008 0009 000A 0010 0008 0009 000A 0010 0008
0008 0009 0006 0007 0008 0009 0006 000A 000F 0009 0006 0007 0008 0009 0006 0007 0008 0009 0006 0007 0008 0009 0006 0007 0008 000A 0026 0007 0008 000A 0026 0007
0007 0008 0009 0006 0007 0008 0009 000A 0010 0008 0009 0006 0007 0008 0009 0006 0007 0008 0009 0006 0007 0008 0009 0006 0007 000A 000B 0006 0007 000A 000B 0006
0006 0007 0008 0009 0006 0007 0008 000A 0026 0007 0008 0009 0006 0007 0008 0009 0006 0007 0008 0009 0006 0007 0008 0009 0006 000A 000F 0009 0006 000A 000F 0009
0012 0013 0014 0011 0012 0013 0014 0025 0033 0013 0014 0011 0012 0013 0014 0011 0012 0013 0014 0011 0012 0013 0014 0011 0012 0025 0010 0008 0009 000A 0016 0011
0000 0000 0000 0000 0000 0000 0000 0003 0000 0000 0000 0000 0000 0000 0034 0000 0000 0000 0000 0000 0000 0000 0000 0000 0000 002F 0026 0007 0008 0027 0000 0000
0007 0008 0009 0006 0007 0008 0009 0006 0007 0008 0009 0006 0007 0008 0009 0006 0007 0008 0009 0006 0007 0008 0009 0006 0007 000A 000B 0006 0007 0008 0009 0006
0006 0007 0008 0009 0006 0007 0008 0009 0006 0007 0008 0009 0006 0007 0008 0009 0006 0007 0008 0009 0006 0007 0008 0009 0006 000A 000F 0009 0006 0007 0008 0009
0012 0013 0014 0011 0012 0013 0014 0011 0012 0013 0014 0011 0012 0013 0014 0011 0012 0013 0014 0011 0012 0013 0014 0035 0009 0036 0037 0011 0012 0013 0014 0011
0000 0000 0000 0000 0000 0000 0000 0000 0000 0000 0000 0000 0000 0000 0000 0000 0000 0000 0000 0000 0000 0000 0019 0010 0008 0009 0038 0000 0000 0000 0000 0000
0007 0008 0009 0006 0007 0008 0009 0006 0007 0008 0009 0006 0007 0008 0009 0006 0007 0008 0009 0006 0007 0008 000A 0026 0007 0008 0009 0006 0007 0008 0009 0006
0013 0014 0011 0012 0013 0014 0011 0012 0013 0014 0011 0012 0013 0014 0011 0012 0013 0014 0011 0012 0015 0007 0036 0039 0013 0014 0011 0012 0013 0014 0011 0012
0000 0000 0000 0000 0000 0000 0000 0000 0000 0000 0000 0000 0000 0000 0000 0000 0000 0000 0000 0019 000B 0006 0007 0038 0000 0000 0000 0000 0000 0000 0000 0000
0008 0009 0006 0007 0008 0009 0006 0007 0008 0009 0006 0007 0008 0009 0006 0007 0008 0009 0006 000A 000F 0009 0006 0007 0008 0009 0006 0007 0008 0009 0006 0007
0014 0011 0012 0013 0014 0011 0012 0013 0014 0011 0012 0013 0014 0011 0012 0013 0014 0035 0009 0036 0037 0011 0012 0013 0014 0011 0012 0013 0014 0011 0012 0013
0000 0000 0000 0000 0000 0000 0000 0000 0000 0000 0000 0000 0000 0000 0000 0000 0019 0010 0008 0009 0038 0000 0000 0000 0000 0000 0000 0000 0000 0000 0000 0000
0009 0006 0007 0008 0009 0006 0007 0008 0009 0006 0007 0008 0009 0006 0007 003A 000A 0026 0007 0008 0009 0006 0007 0008 0009 0006 0007 0008 0009 0006 0007 0008
0011 0012 0013 0014 0011 0012 0013 0014 0011 0012 0013 0014 0011 0012 0013 003A 0025 0033 0013 0014 0011 0012 0013 0014 0011 0012 0013 0014 0011 0012 0013 0014
