ATARI GAUNTLET PLAYFIELD 16X16 TILEMAP
SOURCE: level-051-playfield.png
GRID: 32 X 32
TILE_SIZE: 16 X 16
UNIQUE_TILES: 60

0000 0001 0002 0002 0002 0002 0002 0003 0001 0002 0002 0004 0002 0002 0004 0003 0001 0004 0002 0003 0001 0004 0002 0003 0001 0004 0002 0002 0003 0001 0002 0002
0005 0006 0007 0008 0009 000A 0007 0005 000B 000A 0007 0008 0009 000A 000C 0005 000B 000A 0007 0005 000B 000A 0007 0005 000D 000E 0007 0008 0005 0006 0007 0008
0005 000D 000F 0010 0011 0009 000A 0005 0012 0009 000A 0013 0011 0009 000A 0005 0012 0009 0014 0015 0012 0009 000A 0016 0017 0018 000A 0007 0005 000D 000E 0007
0019 0001 0002 0017 001A 0008 0009 001B 001A 0008 0009 001C 001D 0008 0009 0005 001D 0008 001E 001F 001A 0008 0009 000A 0007 0008 0009 000A 0016 0017 0018 000A
0005 001D 0008 0009 000A 0007 0008 0009 000A 0007 0008 0005 0006 0007 0008 0005 0006 0007 0008 0009 000A 0007 0008 0020 000F 0021 0008 0009 000A 0007 0008 0009
0005 0006 0007 0008 0009 0014 0010 0022 0023 000F 0010 0015 000D 000E 0007 0005 000B 000A 0013 0022 0024 000A 0007 0025 0026 0027 0007 0008 0020 000F 0021 0008
0005 000B 000A 0007 0008 0025 0001 0002 0003 0001 0002 0004 0028 000B 000A 0005 0012 0009 001E 0028 0012 0009 000A 0005 0012 0009 000A 0007 0025 0026 0027 0007
0005 0012 0009 000A 0007 0005 000B 000A 0005 0012 0009 000A 0005 0012 0009 0005 001D 0008 0009 0005 001D 0008 0009 0005 001D 0008 0009 000A 0005 0012 0009 000A
0015 0029 0022 0024 000A 0005 0012 0009 001B 001A 0008 0009 0005 0029 0022 0015 002A 0010 0022 0015 0006 0007 002B 0015 002A 0021 0008 0020 0015 0029 0022 0023
0000 0001 0017 002C 0009 0005 001D 0008 0009 000A 0007 0008 0016 0002 0002 0004 0002 0002 0002 001F 0018 000A 0025 002D 0017 0027 0007 0025 002D 0002 0002 0002
0005 000B 000A 0007 0008 0005 0006 0007 0008 0009 0014 0021 0008 0009 000A 0007 0008 0009 000A 0007 0008 0020 0015 001D 0008 0009 000A 001B 002C 0009 000A 0007
0005 0012 0009 000A 0007 0005 000D 000F 0021 0008 001C 0006 0007 0008 0009 000A 0007 0008 0009 000A 0007 0025 002E 0027 0007 0008 0009 000A 0007 0008 0009 000A
0015 001D 0008 0009 000A 0016 0002 0017 0027 0007 0005 000B 000A 0007 0008 0020 000F 0010 0011 0009 000A 0005 002F 0023 000F 0010 0022 0023 000E 0007 002B 0023
0030 0006 0007 0008 0009 000A 0007 0008 0009 000A 0005 0012 0009 000A 0013 0031 0002 0032 0033 0011 0009 0019 0001 0002 0002 0002 0002 0028 000B 000A 0025 0001
0005 000D 000F 0010 0022 0023 000F 0010 0022 0023 0015 001D 0008 0009 0034 001D 0008 0009 0034 001D 0008 0005 0006 0007 0008 0009 000A 001B 002C 0009 001B 000C
0019 0001 0002 0003 0001 0002 0002 0003 0001 0002 0030 0006 0007 0008 0035 0006 0007 0008 0005 0006 0007 0005 000B 000A 0007 0008 0009 000A 0007 0008 0009 000A
0015 001D 0008 0005 0006 0007 0008 0005 0006 0007 0005 000B 000A 0007 0005 000B 000A 0007 0035 000B 000A 0005 002F 0023 000F 0010 0022 0023 000F 0010 0022 0023
0030 0006 0007 0005 000B 000A 0007 001B 0018 000A 0005 0012 0009 000A 0036 0037 0023 000F 0038 002C 0009 0019 0001 0002 0003 0001 0002 0002 0003 0001 0002 0002
0005 000B 000A 001B 002C 0009 000A 0007 0008 0009 0005 001D 0008 0009 000A 0039 0002 0032 0027 0007 0008 0005 0006 0007 001B 0018 000A 0007 0005 000B 000A 0007
0005 0012 0009 000A 0007 0008 0009 0014 0021 0008 0005 0006 0007 0008 0009 000A 0007 0008 0009 000A 0007 001B 0018 000A 0007 0008 0009 000A 001B 002C 0009 000A
0005 001D 0008 0009 0014 0021 0008 001C 0006 0007 001B 0018 000A 0013 0022 0023 000F 0010 0022 0023 000E 0007 0008 0009 0014 0021 0008 0009 000A 0007 0008 0009
0005 0006 0007 0008 001C 002A 0010 0015 000B 000A 0007 0008 0009 0025 0001 0002 0002 0003 0001 0028 000D 000F 0010 0022 003A 0006 0007 0008 0020 000F 0021 0008
0005 000B 000A 0007 0016 0002 0002 0030 002F 0023 000F 0010 0022 0015 0006 0007 0008 0005 0006 0016 0002 0003 0001 0002 0030 000B 000A 0007 0025 0026 0027 0007
0005 002F 0023 000E 0007 0008 0009 0019 0001 0002 0002 0003 0001 001F 0018 000A 0007 0005 000B 000A 0007 0005 000B 000A 0005 002F 0023 000F 0015 0012 0009 000A
0019 0001 0017 0018 000A 0007 0008 0005 0006 0007 0008 0005 0006 0007 002B 0024 000A 0005 0012 0009 000A 0005 0012 0009 0016 0002 0002 0003 002E 001A 0008 0009
0005 0006 0007 0008 0009 0014 0010 0015 000B 000A 0007 001B 0018 000A 003B 002C 0009 0005 001D 0008 0020 0015 001D 0008 0009 000A 0007 0005 000B 000A 0007 0008
0015 000B 000A 0007 0008 001E 0002 0030 0012 0009 000A 0007 0008 0009 000A 0007 0008 0005 0006 0007 001E 001F 0027 0007 0008 0009 0014 0015 0012 0009 0014 0010
0030 0012 0009 000A 0007 0008 0009 0005 001D 0008 0009 000A 0007 0008 0020 000E 0007 0005 000B 000A 0007 0008 0009 000A 0007 0008 001E 0030 001D 0008 0025 0001
0005 0029 0022 0023 000E 0007 002B 0015 0006 0007 0008 0020 000E 0007 001C 000B 000A 0005 0012 0009 0014 0010 0011 0009 000A 0007 0008 001B 0027 0007 001B 0018
0019 0001 0002 0017 0018 000A 001E 001F 0018 000A 0007 001C 000B 000A 0005 0012 0009 0005 001D 0008 001E 0028 001D 0008 0020 000F 0021 0008 0009 000A 0007 0008
0005 000B 000A 0007 0008 0009 000A 0007 0008 0009 000A 0005 0012 0009 0005 001D 0008 0005 0006 0007 0008 0005 0006 0007 001E 0028 0006 0007 0008 0009 000A 0007
0015 002F 0023 000F 0010 0022 0023 000F 0010 0022 0023 0015 0029 0022 0015 002A 000C 0015 000C 000F 0010 0015 000D 000F 0010 0015 000D 000F 0010 0022 0023 000F
