ATARI GAUNTLET MOTION OBJECT 16X16 TILEMAP
SOURCE: level-048.png
GRID: 32 X 32
TILE_SIZE: 16 X 16
ATLAS_TILES: 1536
UNIQUE_PIXEL_TILES: 188
CONNECTED_OBJECT_GROUPS: 34

0000 0000 0000 0000 0000 0024 0025 0026 0000 0000 0000 0000 0000 0000 0029 002A 002B 0000 0000 0000 0000 0000 0000 0000 0000 0033 0034 0035 0000 0000 0000 0000
0000 0040 0000 0000 0000 0044 0045 0046 0047 0000 0000 0000 0000 0000 0049 004A 004B 0000 0000 0000 004F 0050 0051 0052 0000 0053 0054 0055 0000 0000 0000 0059
0000 0000 0061 0062 0063 0000 0000 0000 0067 0000 0000 0000 0000 0000 0000 0000 0000 006C 006D 0000 006F 0070 0071 0072 0000 0000 0000 0075 0076 0077 0078 0000
0000 0000 0081 0082 0083 0000 0000 0000 0087 0000 0000 0000 0000 0088 0089 008A 008B 008C 008D 008E 008F 0090 0000 0000 0000 00C4 0000 0000 0096 0097 0098 0000
0000 0000 0000 0000 0000 0000 0000 0000 00A7 0000 0000 0000 0000 0000 0000 0000 0000 0000 0000 0000 0000 0000 0000 00E2 00E3 00E4 0000 0000 0000 0000 0000 0000
00CA 00CB 00CC 0000 0000 0000 0000 0000 0000 0000 0000 00D0 00D1 00D2 0000 0000 0000 00D3 00D4 00D5 0000 0000 0000 0000 0000 0104 0105 0106 0000 0000 00D6 00D7
00EA 00EB 00EC 0000 0000 0000 0000 0000 0000 0000 0000 0000 0000 0000 0000 0000 0000 0000 0000 00F5 0000 00D8 0000 0000 0000 0124 0125 0126 0127 0000 00F6 00F7
010A 010B 010C 0000 0000 0000 0000 0000 0000 0000 0000 0000 0000 0000 0000 00D9 0000 0000 0000 0115 0000 00F8 0000 0000 0000 0000 0145 0146 0147 0000 0116 0000
0000 0000 0000 012D 012E 012F 0000 0000 0000 0000 0000 0000 0000 0000 0000 00F9 0000 0000 0000 0000 0000 0000 0000 0000 0000 0000 0000 0000 0167 0000 0136 0000
0000 014B 014C 0000 0000 0000 0000 0000 0000 0000 0000 0000 0000 0000 0000 0000 0000 00DA 00DB 0000 0000 0180 0181 0182 0000 0000 0000 0000 0187 0000 0156 0000
016A 016B 016C 0000 0000 0000 0000 0000 0000 0000 00DC 0000 0000 0000 0000 0000 0000 00FA 00FB 0000 0000 01A0 01A1 01A2 0000 0000 01A5 01A6 01A7 0000 0000 0000
0000 0000 0000 0000 0000 0000 0000 0000 0000 0000 0000 0000 0000 0000 0000 00DD 0000 0000 0000 0000 0000 01C0 0000 01C2 01C3 01C4 01C5 01C6 01C7 0000 0000 0000
0000 0000 0000 0320 0321 0322 0000 0000 0000 0000 0000 0000 0000 0000 0000 00FD 0000 0000 0000 0323 0000 0000 0000 01E2 01E3 01E4 0000 0000 01E7 01E8 01E9 0000
0000 0000 0000 0000 0000 0000 0000 0000 0000 0000 0000 0000 0000 0000 0000 0000 0000 0000 0000 0343 0000 0000 0000 0000 0000 0000 0000 0000 0207 0000 0000 0000
0000 0000 0000 0000 0000 0000 0000 0000 0000 0000 0000 0000 0000 0000 0000 0000 0000 0000 0000 0000 0000 0324 0000 0000 0000 0000 0000 0000 0227 0000 0325 0000
0000 0000 0000 0000 0000 0000 0000 0327 0328 0329 0000 032A 032B 032C 0000 032F 0000 0000 0000 0000 0000 0344 0000 0000 0000 0244 0245 0246 0247 0000 0345 0000
0000 0000 0000 0000 0000 0000 0000 0000 0000 0349 0000 034A 0000 0000 0000 034F 0000 0351 0352 0353 0000 0364 0000 0000 0000 0264 0265 0266 0267 0000 0365 0000
0000 0000 0000 0337 0338 0000 0000 0000 0000 0369 0000 0000 0000 036D 036E 036F 0370 0371 0000 0000 0000 0000 0000 0000 0000 0000 0000 0286 0000 0000 0385 0000
033B 0000 0356 0357 0358 0000 0000 0387 0388 0389 0000 0000 0000 0000 0000 038F 0390 0391 0000 0393 0000 0000 0000 0000 0000 0000 0000 02A6 0000 0000 03A5 03A6
035B 0000 0376 0000 0378 0000 0000 0000 0000 0000 0000 0000 0000 0000 0000 03AF 03B0 03B1 03B2 03B3 0000 02C0 02C1 02C2 02C3 02C4 02C5 02C6 02C7 0000 03C5 03C6
0000 0000 0000 0000 0398 0000 0000 0000 04A0 04A1 04A2 04A3 04A4 04A5 0000 0000 0000 03D1 03D2 03D3 0000 0000 02E1 02E2 02E3 02E4 02E5 02E6 02E7 0000 0000 0000
0000 0000 0000 0000 03B8 0000 0000 0000 04C0 04C1 04C2 04C3 04C4 04C5 0000 0000 0000 03F1 03F2 03F3 0000 0000 0301 0302 0303 0000 0000 0000 0000 0000 0000 0000
0000 0000 0000 03D7 03D8 03D9 03DA 0000 04E0 04E1 04E2 04E3 0000 0000 0000 04A8 0000 0000 0000 0000 0000 0000 0000 0000 0000 0000 0000 0000 0000 0000 0000 0000
0000 0000 0000 03F7 03F8 03F9 03FA 0000 0000 0000 0000 0000 0000 0000 0000 04C8 0000 04AA 0000 04AC 04AD 04AE 04AF 04B0 04B1 04B2 04B3 04B4 0000 0000 0000 0000
0000 0000 0416 0000 0000 0000 0000 0000 0000 0000 0000 0000 0000 0000 0000 04E8 0000 04CA 0000 04CC 04CD 04CE 0000 0000 0000 0000 0000 0000 0000 04B5 0000 0000
0000 0000 0436 0000 0000 0000 0000 0000 04B6 04B7 04B8 04B9 0000 0506 0507 0508 0000 04EA 04EB 04EC 04ED 04EE 04EF 04F0 0000 04BA 0000 0000 0000 04D5 0000 0000
0454 0455 0456 0000 0000 0000 0000 0000 04D6 04D7 04D8 04D9 0000 0526 0527 0528 0000 0000 0000 0000 050D 0000 0000 0000 0000 04DA 0000 0000 0000 0000 0000 0000
0474 0475 0476 0000 0000 0000 0000 0000 04F6 0000 0000 04F9 0000 0546 0547 0548 0549 0000 04BB 0000 052D 0000 04BC 0000 0000 0000 0000 0000 0000 0000 0000 0567
0494 0000 0000 0000 056B 056C 056D 0000 0516 0000 0000 0000 0000 0000 0000 0000 0000 0000 04DB 0000 0000 0000 04DC 0000 0000 0000 0000 0000 0584 0585 0586 0587
0000 0000 0000 0000 058B 058C 058D 0000 0536 0000 0000 0000 0000 0000 0000 056E 0000 0000 0000 0000 0000 0000 04FC 0000 05A0 05A1 05A2 0000 05A4 0000 0000 0000
0000 0000 05A9 05AA 05AB 05AC 05AD 0000 0000 0000 056F 0570 0571 0000 0000 058E 0000 0000 0000 0000 0000 0000 0000 0000 05C0 05C1 05C2 0000 05C4 0000 0000 0000
0000 05C8 05C9 05CA 05CB 0000 0000 0000 0000 0000 058F 0590 0591 0000 0000 05AE 0000 0000 0000 0000 0000 0000 0000 0000 0000 0000 0000 05E3 05E4 0000 0000 0000
