ATARI GAUNTLET PLAYFIELD 16X16 TILEMAP
SOURCE: level-027-playfield.png
GRID: 32 X 32
TILE_SIZE: 16 X 16
UNIQUE_TILES: 23

0000 0000 0000 0000 0000 0000 0000 0000 0000 0000 0000 0000 0000 0000 0000 0000 0000 0000 0000 0000 0000 0000 0000 0000 0000 0000 0000 0000 0000 0000 0000 0000
0001 0002 0003 0004 0001 0002 0003 0004 0001 0002 0003 0004 0001 0002 0003 0004 0001 0002 0003 0004 0001 0002 0003 0004 0001 0002 0003 0004 0001 0002 0003 0004
0004 0001 0002 0003 0004 0001 0002 0003 0004 0001 0002 0003 0004 0001 0002 0003 0004 0001 0002 0003 0004 0001 0002 0003 0004 0001 0002 0003 0004 0001 0002 0003
0003 0004 0001 0002 0003 0004 0001 0002 0003 0004 0001 0002 0003 0004 0001 0002 0003 0004 0001 0002 0003 0004 0001 0002 0003 0004 0001 0002 0003 0004 0001 0002
0002 0003 0004 0001 0002 0003 0004 0001 0002 0003 0004 0001 0002 0003 0004 0001 0002 0003 0004 0001 0002 0003 0004 0001 0002 0003 0004 0001 0002 0003 0004 0001
0001 0002 0003 0004 0001 0002 0003 0004 0001 0002 0003 0004 0001 0002 0003 0004 0001 0002 0003 0004 0001 0002 0003 0004 0001 0002 0003 0004 0001 0002 0003 0004
0004 0001 0002 0003 0004 0001 0002 0003 0004 0001 0002 0003 0004 0001 0002 0003 0004 0001 0002 0003 0004 0001 0002 0003 0004 0001 0002 0003 0004 0001 0002 0003
0003 0004 0001 0002 0003 0004 0001 0002 0003 0004 0001 0002 0003 0005 0006 0002 0007 0008 0001 0002 0003 0004 0001 0002 0003 0004 0001 0002 0003 0004 0001 0002
0002 0003 0004 0001 0002 0003 0004 0001 0002 0003 0004 0001 0002 0009 000A 0001 0009 000B 0004 0001 0002 0003 0004 0001 0002 0003 0004 0001 0002 0003 0004 0001
0001 0002 0003 0004 0001 0002 0003 0004 0001 0002 0003 0004 0001 0002 0003 0004 0001 0002 0003 0004 0001 0002 0003 0004 0001 0002 0003 0004 0001 0002 0003 0004
0004 0001 0002 0003 0004 0001 0002 0003 0004 0001 0002 0003 0004 0001 0002 0003 0004 0001 0002 0003 0004 0001 0002 0003 0004 0001 0002 0003 0004 0001 0002 0003
0003 0004 0001 0002 0003 0004 0001 0002 0003 0004 0001 0002 0003 0005 0006 0002 0007 0008 0001 0002 0003 0004 0001 0002 0003 0004 0001 0002 0003 0004 0001 0002
0002 0003 0004 0001 0002 0003 0004 0001 0002 0003 0004 0001 0002 0009 000A 0001 0009 000B 0004 0001 0002 0003 0004 0001 0002 0003 0004 0001 0002 0003 0004 0001
0001 0002 0003 0004 0001 0002 0003 0004 000C 000D 0003 0004 0001 0002 0003 0004 0001 0002 0003 0004 0001 000E 000F 0004 0001 0002 0003 0004 0001 0002 0003 0004
0004 0001 0002 0003 0004 0001 0002 0003 0009 0010 0002 0003 0004 0001 0002 0003 0004 0001 0002 0003 0004 0009 0011 0003 0004 0001 0002 0003 0004 0001 0002 0003
0003 0004 0001 0002 0003 0004 0001 0002 0003 0004 0001 0002 0003 0004 0001 0002 0003 0004 0001 0002 0003 0004 0001 0002 0003 0004 0001 0002 0003 0004 0001 0002
0002 0003 0004 0001 0002 0003 0004 0001 000E 000F 0004 0001 0002 0003 0004 0001 0002 0003 0004 0001 0002 0007 0008 0001 0002 0003 0004 0001 0002 0003 0004 0001
0001 0002 0003 0004 0001 0002 0003 0004 0009 0011 0003 0004 0001 0002 0003 0004 0001 0002 0003 0004 0001 0009 000B 0004 0001 0002 0003 0004 0001 0002 0003 0004
0004 0001 0002 0003 0004 0001 0002 0003 0004 0001 0002 0003 0004 000C 000D 0003 0005 0006 0002 0003 0004 0001 0002 0003 0004 0001 0002 0003 0004 0001 0002 0003
0003 0004 0001 0002 0003 0004 0001 0002 0003 0004 0001 0002 0003 0009 0010 0002 0009 000A 0001 0002 0003 0004 0001 0002 0003 0004 0001 0002 0003 0004 0001 0002
0002 0003 0004 0001 0002 0003 0004 0001 0002 0003 0004 0001 0002 0003 0004 0001 0002 0003 0004 0001 0002 0003 0004 0001 0002 0003 0004 0001 0002 0003 0004 0001
0001 0002 0003 0004 0001 0002 0003 0004 0001 0002 0003 0004 0001 0002 0003 0004 0001 0002 0003 0004 0001 0002 0003 0004 0001 0002 0003 0004 0001 0002 0003 0004
0004 0001 0002 0003 0004 0001 0002 0003 0004 0001 0002 0003 0004 000C 000D 0003 0005 0006 0002 0003 0004 0001 0002 0003 0004 0001 0002 0003 0004 0001 0002 0003
0003 0004 0001 0002 0003 0004 0001 0002 0003 0004 0001 0002 0003 0009 0010 0002 0009 000A 0001 0002 0003 0004 0001 0002 0003 0004 0001 0002 0003 0004 0001 0002
0002 0003 0004 0001 0002 0003 0004 0001 0002 0003 0004 0001 0002 0003 0004 0001 0002 0003 0004 0001 0002 0003 0004 0001 0002 0003 0004 0001 0002 0003 0004 0001
0001 0012 0003 0004 0001 0002 0003 0004 0001 0002 0003 0004 0001 0002 0003 0004 0001 0002 0003 0004 0001 0002 0003 0004 0001 0002 0003 0004 0001 0002 0003 0004
0004 0001 0002 0003 0004 0001 0002 0003 0004 0001 0002 0003 0004 0001 0002 0003 0004 0001 0002 0003 0004 0001 0002 0003 0004 0001 0002 0003 0004 0001 0002 0003
0003 0004 0001 0002 0003 0004 0001 0002 0003 0004 0001 0002 0003 0004 0001 0002 0003 0004 0001 0002 0003 0004 0001 0002 0003 0004 0001 0002 0003 0004 0001 0002
0002 0003 0004 0001 0002 0003 0004 0001 0002 0003 0004 0001 0002 0003 0004 0001 0002 0003 0004 0001 0002 0003 0004 0001 0002 0003 0004 0001 0002 0003 0004 0001
0001 0002 0003 0004 0001 0002 0003 0004 0001 0002 0003 0004 0001 0002 0003 0004 0001 0002 0003 0004 0001 0002 0003 0004 0001 0002 0003 0004 0001 0002 0003 0004
0004 0001 0002 0003 0004 0001 0002 0003 0004 0001 0002 0003 0004 0001 0002 0003 0004 0001 0002 0003 0004 0001 0002 0003 0004 0001 0002 0003 0004 0001 0002 0003
0013 0014 0015 0016 0013 0014 0015 0016 0013 0014 0015 0016 0013 0014 0015 0016 0013 0014 0015 0016 0013 0014 0015 0016 0013 0014 0015 0016 0013 0014 0015 0016
