ATARI GAUNTLET MOTION OBJECT 16X16 TILEMAP
SOURCE: level-058.png
GRID: 32 X 32
TILE_SIZE: 16 X 16
ATLAS_TILES: 736
UNIQUE_PIXEL_TILES: 104
CONNECTED_OBJECT_GROUPS: 32

0020 0021 0022 0000 0000 0000 0000 0000 0000 0000 0000 0000 0000 0000 0000 0000 0000 0000 0000 0000 0000 0000 0023 0024 0025 0026 0027 0000 0028 0029 002A 002B
0040 0041 0042 0000 0000 0000 0000 0000 0000 0000 0000 0000 0000 0000 0000 0000 0000 0000 0000 0000 0000 0000 0043 0044 0045 0046 0047 0000 0048 0049 004A 004B
0000 0000 0000 0000 0000 0000 0000 002C 002D 002E 002F 0000 0000 0000 0000 0000 0000 0000 0000 0000 0000 0000 0063 0064 0065 0000 0000 0000 0000 0000 0000 0000
0000 0000 0000 0000 0000 0000 0000 004C 004D 004E 004F 0000 0000 0000 0000 0000 0000 0000 0000 0000 0000 0000 0083 0084 0085 0000 0000 0030 0031 0032 0000 0000
0000 0000 0000 0000 0000 0000 0000 0000 006D 006E 006F 0000 0000 0000 0000 0000 0000 0033 0034 0035 0000 0000 0000 0000 0000 0000 0000 0050 0051 0052 0000 0000
0000 0000 0000 0000 0000 0000 0000 0000 0000 0000 0000 0000 0000 0000 0000 0000 0000 0053 0054 0055 0000 0000 0000 0000 0000 0000 0000 0000 0000 0000 0000 0000
0036 0037 0038 0039 003A 0000 0000 003B 0000 0000 0000 0000 0000 0000 0000 0000 0000 0000 0000 0000 0000 0000 0000 0000 0000 0000 0000 0000 0000 0000 0000 0000
0056 0057 0058 0059 005A 0000 0000 0000 0000 0000 0000 0000 0000 0000 0000 0000 0000 0000 0000 0000 0000 0000 0000 0000 0000 0000 0000 0000 0000 0000 003C 003D
0076 0000 0000 0000 0000 0000 0000 0000 0000 0000 0000 0000 0000 0000 0000 0000 0000 0000 0000 0000 0000 0000 0000 0000 0000 0000 00C0 00C1 00C2 0000 005C 005D
0096 0000 0000 0000 0000 0000 0000 0000 0000 0000 0000 0000 0000 0000 0000 0000 0000 0000 0000 0000 0000 0000 0000 0000 0000 0000 00E0 00E1 00E2 0000 007C 007D
00B6 0000 0000 0000 0000 0000 0000 0000 0000 0000 0000 0000 0000 00C3 00C4 00C5 0000 0000 0000 0000 0000 0000 0000 0000 0000 0000 0000 0000 0000 0000 009C 009D
0000 0000 0000 0000 0000 0000 0000 0000 0000 0000 0000 0000 0000 00E3 00E4 00E5 0000 0000 0000 0000 0000 0000 0000 0000 0000 0000 0000 0000 0000 0000 0000 0000
00C6 00C7 0000 0000 0000 0000 0000 0000 0000 0000 0000 0000 0000 0000 0000 0000 0000 0000 0000 0000 0000 0000 0000 0000 0000 0000 0000 0000 0000 0000 00C8 00C9
00E6 00E7 0000 0000 0000 0000 0000 0000 0000 0000 0000 0000 0000 0000 0000 0000 0000 0000 0000 0000 0000 0000 0000 0000 0000 0000 00CA 00CB 00CC 0000 00E8 00E9
0000 0000 0000 0000 0000 0000 0000 0000 0000 0000 0000 0000 0000 0000 0000 00CD 00CE 00CF 0000 0000 0000 0000 0000 0000 0000 0000 00EA 00EB 00EC 0000 0000 0000
0000 0000 00D3 00D4 00D5 0000 0000 0000 0000 0000 0000 0000 0000 0000 0000 00ED 00EE 00EF 0000 0000 0000 0000 0000 0000 0000 0000 0000 0000 0000 0000 0000 0000
0000 0000 00F3 00F4 00F5 0000 0000 0000 0000 0000 0000 0000 0000 0000 0000 0000 0000 0000 0110 0111 0112 0000 0000 0000 0000 0000 00D6 00D7 00D8 0000 0000 0000
0000 0000 0000 0000 0000 0000 00DC 00DD 00DE 0000 0000 0000 0000 0000 0000 0000 0000 0000 0130 0131 0132 0000 0000 0000 0000 0000 00F6 00F7 00F8 00F9 00FA 0000
01A0 01A1 01A2 0000 0000 0000 00FC 00FD 00FE 0000 0000 0000 0000 0000 01A5 01A6 01A7 0000 0000 0000 0000 0000 0000 0000 0000 0000 0000 0000 0118 0119 011A 0000
01C0 01C1 01C2 0000 0000 0000 0000 0000 0000 0000 0000 0000 01C3 01C4 01C5 01C6 01C7 0000 0000 0000 0000 0000 0000 0000 0000 0000 0000 0000 0000 0139 013A 013B
0000 0000 0000 0000 0000 0000 0000 0000 0000 0000 0000 0000 01E3 01E4 01E5 0000 0000 0000 0000 0000 0000 0000 0000 0000 0000 0000 0000 0000 0158 0159 015A 015B
01A8 0000 0000 0000 0000 0000 0000 0000 0000 0000 0000 0000 0000 0000 0000 0000 0000 0000 0000 0000 0000 0000 0000 0000 0000 0000 0000 0000 0178 0179 017A 017B
01C8 0000 0000 0000 01A9 01AA 01AB 0000 0000 0000 0000 0000 0000 01AC 01AD 01AE 0000 0000 0000 0000 0000 0000 0000 0000 0000 0000 0000 0000 0000 0000 019A 019B
0000 0000 0000 0000 01C9 01CA 01CB 0000 0000 0000 0000 0000 0000 01CC 01CD 01CE 0000 0000 0000 0000 0000 0000 0000 0000 0000 0000 0000 0000 0000 0000 0000 0000
0000 0000 0000 0000 0000 0000 0000 0000 0000 0000 0000 0000 0000 0000 0000 0000 01EF 01F0 01F1 0000 0000 0000 0000 0000 0000 0000 0000 0000 0000 0000 0000 0000
0000 0000 0000 0000 0000 0000 0000 01B5 01B6 01B7 0000 0000 0000 0000 0000 0000 020F 0210 0211 0000 0000 0000 0000 0000 0000 0000 0000 0000 0000 0000 0000 0000
0000 0000 0000 0000 0000 0000 0000 01D5 01D6 01D7 0000 0000 01B8 01B9 01BA 0000 0000 0000 0000 0232 0233 0234 0000 0000 01BB 01BC 01BD 0000 0000 0000 0000 0000
0000 0000 0000 0000 0000 0000 0000 0000 0000 0000 0000 0000 01D8 01D9 01DA 0000 0000 0000 0000 0252 0253 0254 0000 0000 01DB 01DC 01DD 0000 0000 0000 0000 0000
01BE 0000 0000 0000 0000 0000 0000 0000 0000 0000 0000 0000 0000 0000 0000 0000 0000 0000 0000 0000 0000 0000 0000 0000 0000 0000 0000 0000 0000 0000 0260 0261
01DE 0000 0000 0000 0000 0262 0263 0264 0000 0265 0266 0267 0000 0000 0000 0000 0000 0000 0000 0000 0000 0000 0000 0000 0000 0000 0000 0000 0000 0000 0280 0281
01FE 0000 0000 0000 0000 0282 0283 0284 0000 0285 0286 0287 0000 0000 0000 0000 0000 0000 0268 0269 026A 0000 0000 0000 026B 026C 026D 0000 0000 0000 02A0 02A1
021E 0000 0000 0000 0000 0000 0000 0000 0000 0000 0000 0000 0000 0000 0000 0000 0000 0000 0288 0289 028A 0000 0000 0000 028B 028C 028D 0000 0000 0000 02C0 02C1
