ATARI GAUNTLET PLAYFIELD 16X16 TILEMAP
SOURCE: level-004-playfield.png
GRID: 32 X 32
TILE_SIZE: 16 X 16
UNIQUE_TILES: 40

0000 0001 0002 0002 0002 0002 0002 0002 0002 0002 0002 0002 0002 0002 0002 0002 0002 0002 0002 0002 0002 0002 0002 0002 0002 0002 0002 0002 0002 0002 0002 0002
0003 0004 0005 0006 0007 0008 0005 0006 0007 0008 0005 0006 0007 0008 0005 0006 0007 0008 0005 0006 0007 0008 0005 0006 0007 0008 0005 0006 0007 0008 0005 0006
0003 0009 0008 000A 000B 000C 000D 000E 000B 000C 000D 000E 000B 000C 000D 000E 000B 000C 000D 000E 000B 000C 000D 000E 000B 000C 000D 000F 0006 0010 0011 0005
0003 0012 0007 0013 0001 0002 0002 0002 0002 0002 0002 0002 0002 0002 0002 0002 0002 0002 0002 0002 0002 0002 0002 0002 0002 0002 0014 0004 0005 0015 0009 0008
0003 0016 0006 0003 0004 0005 0006 0007 0008 0005 0006 0007 0008 0005 0006 0007 0008 0005 0006 0007 0008 0005 0006 0007 0008 0005 0003 0009 0008 0003 0012 0007
0003 0004 0005 0003 0009 0008 0005 0006 0007 0008 0005 0006 0007 0008 0005 0006 0007 0008 0005 0006 0007 0008 0005 0006 0007 0008 0003 0012 0007 0003 0016 0006
0003 0009 0008 0003 0012 0007 0017 000E 000B 000C 000D 000E 000B 000C 000D 000E 000B 000C 000D 000E 000B 000C 000D 000E 0018 0007 0003 0016 0006 0003 0004 0005
0003 0012 0007 0003 0016 0006 0013 0001 0002 0002 0002 0002 0002 0002 0002 0002 0002 0002 0002 0002 0002 0002 0002 0014 0016 0006 0003 0004 0005 0003 0009 0008
0003 0016 0006 0003 0004 0005 0003 0009 0008 0005 0006 0007 0008 0005 0006 0007 0008 0005 0006 0007 0008 0005 0006 0003 0004 0005 0003 0009 0008 0003 0012 0007
0003 0004 0005 0003 0009 0008 0003 0012 0007 0008 000A 000B 000C 000D 000E 000B 000C 000D 000E 000B 0019 0008 0005 0003 0009 0008 0003 0012 0007 0003 0016 0006
0003 0009 0008 0003 0012 0007 0003 0016 0006 0007 0013 0001 0002 0002 0002 0002 0002 0002 0002 0014 0012 0007 0008 0003 0012 0007 0003 0016 0006 0003 0004 0005
0003 0012 0007 0003 0016 0006 0003 0004 0005 0006 0003 0004 0005 0006 0007 0008 0005 0006 0007 0003 0016 0006 0007 0003 0016 0006 0003 0004 0005 0003 0009 0008
0003 0016 0006 0003 0004 0005 0003 0009 0008 0005 0003 0009 0008 0005 0006 0007 0008 0005 0006 0003 0004 0005 0006 0003 0004 0005 0003 0009 0008 0003 0012 0007
0003 0004 0005 0003 0009 0008 0003 0012 0007 0008 0003 0012 0007 0008 0005 0006 0007 0008 0005 0003 0009 0008 0005 0003 0009 0008 0003 0012 0007 0003 0016 0006
0003 0009 0008 0003 0012 0007 0003 0016 0006 0007 0003 0016 0006 0007 0008 0005 0006 0007 0008 0003 0012 0007 0008 0003 0012 0007 0003 0016 0006 0003 0004 0005
001A 0012 0007 0003 0016 0006 0003 0004 0005 0006 0003 0004 0005 0006 0007 0008 0005 0006 0007 0003 0016 0006 0007 0003 0016 0006 0003 0004 0005 0003 001B 000D
001C 0016 0006 0003 0004 0005 0003 0009 0008 0005 0003 0009 0008 0005 0006 0007 0008 0005 0006 0003 0004 0005 0006 0003 0004 0005 0003 0009 0008 001D 0001 0002
0003 0004 0005 0003 0009 0008 0003 0012 0007 0008 0003 0012 0007 0008 0005 0006 0007 0008 0005 0003 0009 0008 0005 0003 0009 0008 0003 0012 0007 0003 0016 001E
0003 0009 0008 0003 0012 0007 0003 0016 0006 0007 0003 0016 0006 0007 0008 0005 0006 0007 0008 001F 0020 0007 0008 0003 0012 0007 0003 0016 0006 0003 0004 0005
0003 0012 0007 0003 0016 0006 0003 0004 0005 0006 0003 0004 0005 0006 0007 0008 0005 0006 0007 0008 0005 0006 0007 0003 0016 0006 0003 0004 0005 0003 0009 0008
0003 0016 0006 0003 0004 0005 0003 0009 0008 0005 0003 0009 0008 0005 0006 0007 0008 0005 0006 0007 0008 0005 0006 0003 0004 0005 0003 0009 0008 0003 0012 0007
0003 0004 0005 0003 0009 0008 0003 0012 0007 0008 0003 0012 0007 0008 0005 0006 0007 0008 0005 0006 0007 0008 0005 0003 0009 0008 0003 0012 0007 0003 0016 0006
0003 0009 0008 0003 0012 0007 0003 0016 0006 0007 0003 0021 000B 000C 000D 000E 000B 000C 000D 000E 000B 000C 000D 001A 0012 0007 0003 0016 0006 0003 0004 0005
0003 0012 0007 0003 0016 0006 0003 0004 0005 0006 0022 0002 0002 0002 0002 0002 0002 0002 0002 0002 0002 0002 0002 0023 0024 0006 0003 0004 0005 0003 0009 0008
0003 0016 0006 0003 0004 0005 0003 0009 0008 0005 0006 0007 0008 0005 0006 0007 0008 0005 0006 0007 0008 0005 0006 0007 0008 0005 0003 0009 0008 0003 0012 0007
0003 0004 0005 0003 0009 0008 0003 0025 000C 000D 000E 000B 000C 000D 000E 000B 000C 000D 000E 000B 000C 000D 000E 000B 000C 000D 001A 0012 0007 0003 0016 0006
0003 0009 0008 0003 0012 0007 0022 0002 0002 0002 0002 0002 0002 0002 0002 0002 0002 0002 0002 0002 0002 0002 0002 0002 0002 0002 0023 0024 0006 0003 0004 0005
0003 0012 0007 0003 0016 0006 0007 0008 0005 0006 0007 0008 0005 0006 0007 0008 0005 0006 0007 0008 0005 0006 0007 0008 0005 0006 0007 0008 0005 0003 0009 0008
0003 0016 0006 0003 0026 000E 000B 000C 000D 000E 000B 000C 000D 000E 000B 000C 000D 000E 000B 000C 000D 000E 000B 000C 000D 000E 000B 000C 000D 001A 0012 0007
0003 0004 0005 0022 0002 0002 0002 0002 0002 0002 0002 0002 0002 0002 0002 0002 0002 0002 0002 0002 0002 0002 0002 0002 0002 0002 0002 0002 0002 0023 0024 0006
0003 0009 0008 0005 0006 0007 0008 0005 0006 0007 0008 0005 0006 0007 0008 0005 0006 0007 0008 0005 0006 0007 0008 0005 0006 0007 0008 0005 0006 0007 0008 0005
001A 0027 000C 000D 000E 000B 000C 000D 000E 000B 000C 000D 000E 000B 000C 000D 000E 000B 000C 000D 000E 000B 000C 000D 000E 000B 000C 000D 000E 000B 000C 000D
