ATARI GAUNTLET MOTION OBJECT 16X16 TILEMAP
SOURCE: level-028.png
GRID: 32 X 32
TILE_SIZE: 16 X 16
ATLAS_TILES: 1376
UNIQUE_PIXEL_TILES: 341
CONNECTED_OBJECT_GROUPS: 6

0020 0021 0022 0023 0024 0025 0026 0000 0000 0000 0000 0000 002C 002D 002E 002F 0000 0000 0032 0033 0034 0035 0036 0000 0000 0000 0000 0000 003C 003D 003E 003F
0040 0041 0042 0043 0044 0045 0046 0000 0000 0000 0000 004B 004C 004D 004E 004F 0050 0000 0052 0053 0054 0055 0056 0057 0000 0000 0000 005B 005C 005D 005E 005F
0060 0000 0000 0000 0000 0065 0066 0067 0068 0069 006A 006B 006C 006D 0000 0000 0000 0071 0072 0073 0000 0000 0000 0077 0078 0079 0000 0000 007C 007D 007E 007F
0080 0000 0000 0000 0084 0085 0086 0087 0088 0089 008A 008B 008C 008D 0000 0000 0000 0091 0092 0093 0094 0000 0000 0097 0098 0099 0000 0000 009C 009D 009E 009F
00A0 0000 0000 0000 00A4 00A5 00A6 00A7 00A8 00A9 00AA 0000 0000 0000 0000 0000 0000 0000 0000 0000 0000 00B5 00B6 00B7 0000 0000 0000 0000 0000 0000 00BE 00BF
00C0 0000 0000 0000 00C4 00C5 00C6 00C7 00C8 00C9 00CA 0000 0000 0000 0000 0000 0000 0000 0000 0000 0000 00D5 00D6 00D7 00D8 0000 0000 0000 0000 0000 00DE 00DF
00E0 0000 0000 0000 0000 0000 00E6 00E7 00E8 00E9 00EA 0000 0000 0000 0000 0000 0000 0000 0000 0000 0000 0000 00F6 00F7 00F8 0000 0000 0000 0000 0000 00FE 00FF
0100 0000 0000 0000 0000 0000 0106 0107 0108 0109 010A 0000 0000 0000 0000 0000 0000 0000 0112 0113 0114 0000 0000 0000 0000 0000 0000 0000 011C 011D 011E 011F
0120 0000 0000 0000 0000 0000 0126 0127 0128 0129 012A 012B 012C 012D 012E 012F 0000 0000 0132 0133 0134 0135 0000 0000 0000 0000 0000 0000 013C 013D 013E 013F
0000 0000 0000 0000 0000 0145 0146 0147 0148 0149 014A 014B 014C 014D 014E 014F 0150 0000 0152 0153 0154 0155 0156 0157 0158 0159 0000 0000 0000 0000 0000 0000
0000 0000 0000 0000 0000 0165 0166 0167 0168 0169 016A 016B 016C 016D 016E 016F 0170 0000 0172 0173 0174 0175 0176 0177 0178 0179 017A 0000 0000 0000 0000 0000
0000 0000 0182 0183 0184 0000 0000 0000 0000 0000 018A 018B 018C 018D 018E 018F 0190 0000 0192 0193 0194 0195 0196 0197 0198 0199 019A 0000 0000 03E1 03E2 0000
0000 0000 01A2 01A3 01A4 0000 0000 0000 0000 0000 01AA 01AB 01AC 01AD 01AE 01AF 01B0 0000 01B2 01B3 01B4 01B5 01B6 01B7 01B8 01B9 01BA 0000 0400 0401 0402 0000
0000 0000 0000 01C3 01C4 01C5 01C6 01C7 01C8 0000 0000 0000 0000 01CD 01CE 01CF 01D0 01D1 0000 01D3 01D4 01D5 01D6 01D7 01D8 0000 0000 0000 0420 0421 0422 0000
0000 0000 01E2 01E3 01E4 01E5 01E6 01E7 01E8 0000 0000 0000 0000 0000 0000 0000 01F0 01F1 01F2 01F3 01F4 01F5 0000 0000 0000 0000 0000 0000 0440 0441 0442 0000
0000 0000 0202 0203 0204 0205 0206 0207 0208 0000 0000 0000 0000 0000 0000 0000 0210 0211 0212 0213 0000 0000 0000 0000 0000 0000 0000 0000 0000 0000 0000 0000
0000 0000 0222 0223 0224 0225 0226 0227 0228 0000 0000 0000 0000 0000 0000 0000 0230 0231 0232 0233 0234 0000 0000 0000 0000 0000 0000 0000 0000 0000 0000 0000
0000 0000 0242 0243 0244 0245 0246 0000 0000 0000 0000 0000 024C 024D 024E 024F 0250 0251 0252 0253 0000 0000 0000 0000 0000 0000 0000 0000 0000 0000 0000 0000
0000 0000 0262 0263 0264 0265 0266 0000 0000 0000 0000 0000 026C 026D 026E 026F 0270 0271 0272 0000 0000 0000 0000 0000 0000 0000 0000 0000 0000 0000 0000 0000
0000 0000 0282 0283 0284 0000 0000 0000 0000 0000 0000 0000 0000 0000 028E 028F 0290 0291 0292 0293 0294 0000 0000 0000 0000 0000 0000 0000 0000 0000 0000 0000
0000 0000 02A2 02A3 02A4 0000 0000 0000 0000 0000 0000 0000 0000 0000 0000 02AF 0000 02B1 02B2 02B3 02B4 02B5 0000 0000 0000 0000 0000 03E7 03E8 03E9 0000 0000
0000 0000 0000 0000 0000 0000 0000 0000 0000 0000 0000 0000 0000 0000 0000 02CF 02D0 02D1 02D2 02D3 02D4 02D5 0000 0000 0000 0000 0406 0407 0408 0409 040A 0000
0000 0000 03EC 03ED 03EE 0000 0000 0000 0000 0000 0000 0000 0000 0000 0000 02EF 02F0 02F1 02F2 02F3 02F4 0000 0000 0000 0000 0000 0426 0427 0428 0429 042A 0000
0000 0000 040C 040D 040E 0000 0000 0000 0000 0000 0000 0000 0000 0000 0000 0000 0310 0311 0312 0313 0314 0315 0000 0000 0000 0000 0446 0447 0448 0449 044A 0000
0000 0000 0000 042D 042E 042F 0430 0000 0000 0000 0000 0000 0000 0000 0000 0000 0000 0000 0000 0333 0334 0335 0336 0000 0000 0000 0466 0467 0468 0469 046A 0000
0000 0000 044C 044D 044E 044F 0450 0451 0000 0000 0000 0000 0000 0000 0000 0000 0000 0000 0000 0353 0354 0355 0356 0000 0000 0000 0486 0487 0488 0489 048A 048B
03F5 0000 046C 046D 046E 046F 0470 0471 0472 0000 0000 0000 0000 0000 0000 0000 0000 0371 0372 0373 0374 0375 0000 0000 0000 0000 04A6 04A7 04A8 04A9 04AA 04AB
0415 0000 048C 048D 048E 048F 0490 0491 0492 0000 0000 0000 0000 0000 0000 0000 0390 0391 0392 0393 0000 0000 0000 0000 0000 0000 04C6 04C7 04C8 04C9 04CA 04CB
0435 0000 04AC 04AD 04AE 04AF 04B0 04B1 04B2 04B3 04B4 0000 03AC 03AD 03AE 03AF 03B0 03B1 03B2 03B3 03B4 0000 0000 0000 04E4 04E5 04E6 04E7 04E8 04E9 04EA 04EB
0455 0000 04CC 04CD 04CE 04CF 04D0 04D1 04D2 04D3 04D4 0000 03CC 03CD 03CE 03CF 03D0 03D1 03D2 03D3 0000 0000 0000 0000 0504 0505 0506 0507 0508 0509 050A 050B
0475 0000 0000 04ED 04EE 04EF 0000 0000 0000 0000 0000 0000 0000 0000 0000 0000 0000 0000 0000 0000 0000 0000 0000 0000 0524 0000 0526 0527 0528 0529 052A 052B
0495 0496 0000 0000 0000 0000 0000 0000 0000 0000 0000 0000 0000 0000 0000 0000 0000 0000 0000 0000 0000 0000 0000 0543 0544 0545 0546 0547 0548 0549 054A 054B
