ATARI GAUNTLET MOTION OBJECT 16X16 TILEMAP
SOURCE: level-042.png
GRID: 32 X 32
TILE_SIZE: 16 X 16
ATLAS_TILES: 768
UNIQUE_PIXEL_TILES: 173
CONNECTED_OBJECT_GROUPS: 19

0000 0000 0000 0000 0000 0000 0000 0000 0000 0000 0000 0000 0000 0000 0000 0000 0000 0000 0000 0000 0000 0000 0000 0000 0000 0000 0000 0000 0000 0000 0000 0000
0000 0000 0000 0000 0000 0000 0000 0000 0000 0000 0000 0000 0000 0000 0000 0000 0000 0000 0000 0000 0000 0000 0000 0000 0000 0000 0000 0000 0000 0000 0000 0000
0000 0000 0000 0000 0024 0025 0026 0027 0028 0029 002A 002B 002C 002D 002E 002F 0030 0031 0032 0033 0034 0035 0036 0037 0038 0039 003A 0000 0000 0000 0000 0000
0000 0000 0000 0000 0044 0045 0046 0047 0048 0049 004A 004B 004C 004D 004E 004F 0050 0051 0052 0053 0054 0055 0056 0057 0058 0059 005A 0000 0000 0000 0000 0000
0000 0000 0000 0000 0000 0000 0000 0000 0000 0000 0000 0000 0000 0000 006E 0000 0000 0000 0000 0000 0000 0000 0000 0000 0000 0000 0000 0000 0000 0000 0000 0000
0000 0000 0000 0000 0000 0000 0000 0000 0000 0000 0000 0000 0000 0000 008E 0000 0000 0000 0000 0000 0000 0000 0000 0000 0000 0000 0000 0000 0000 0000 0000 0000
0000 0000 0000 0000 0000 0000 0000 0000 0000 0000 0000 0000 0000 0000 00AE 0000 0000 0000 0000 0000 0000 0000 0000 0000 0000 0000 0000 0000 0000 0000 0000 0000
0000 00C1 00C2 00C3 00C4 00C5 00C6 00C7 00C8 00C9 00CA 00CB 00CC 00CD 00CE 00CF 0000 0000 0000 0000 0000 0000 0000 0000 0000 0000 0000 0000 0000 0000 0000 0000
00E0 00E1 00E2 00E3 00E4 00E5 00E6 00E7 00E8 00E9 00EA 0000 0000 0000 0000 0000 0000 0000 0000 0000 0000 0000 0000 0000 0000 0000 0000 0000 0000 003B 003C 003D
0100 0101 0102 0103 0104 0105 0106 0107 0108 0109 010A 0000 0000 0000 0000 0000 0000 0000 0000 0000 0000 0220 0221 0222 0000 0000 0000 0000 0000 005B 005C 005D
0000 0121 0122 0123 0124 0125 0126 0127 0128 0129 012A 0000 0000 0223 0000 0000 0000 0000 0000 0000 0000 0240 0241 0242 0000 0000 0000 0000 0000 0000 0000 0000
0000 0141 0142 0143 0144 0145 0146 0147 0148 0149 014A 0000 0000 0000 0000 0000 0000 0000 0000 0000 0000 0000 0000 0000 0000 0000 0000 0000 0000 0000 0000 0000
0000 0161 0162 0163 0164 0165 0166 0167 0168 0169 0000 0000 0000 0000 0000 0000 0000 0000 0000 0000 0000 0224 0225 0226 0000 0000 0000 0000 0000 0000 0000 0000
0000 0181 0182 0183 0184 0185 0186 0187 0188 0189 0000 0000 0000 0000 0000 0000 0000 0000 0000 0000 0000 0244 0245 0246 0000 0000 0000 0000 0000 0000 0000 0000
0000 01A1 01A2 01A3 01A4 01A5 01A6 01A7 01A8 01A9 0000 0000 0000 0000 0000 0000 0000 0000 0000 0000 0000 0000 0000 0000 0000 0000 0000 0000 0000 0000 0000 0000
0000 01C1 01C2 01C3 01C4 01C5 01C6 01C7 01C8 01C9 0000 0000 0000 0000 0000 0000 0000 0000 0000 0000 0000 0228 0229 022A 0000 0000 0000 0000 0000 0000 0000 0000
0000 0000 0000 0000 0000 0000 01E6 01E7 01E8 01E9 01EA 0000 0000 0000 0000 0000 022B 0000 0000 0000 0000 0248 0249 024A 0000 0000 0000 0000 0000 0000 0000 0000
0000 0000 0000 0000 0000 0000 0000 0000 0000 0000 0000 020B 0000 0000 0000 0000 0000 0000 0000 0000 0267 0268 0269 026A 0000 0000 0000 0000 0000 022C 022D 022E
0000 0000 0000 0000 0000 0000 0000 0000 0000 0000 0000 0000 0000 0000 0000 0000 0000 0000 0000 0000 0000 0288 0289 028A 0000 0000 0000 0000 0000 024C 024D 024E
0000 0000 0000 0000 0000 0000 0000 0000 0000 0000 0000 022F 0000 0000 0000 0000 0000 0000 0000 0000 02A7 0000 0000 0000 0000 0000 0000 0000 0000 0000 0000 0000
0000 0000 0000 0000 0000 0000 0000 0000 0000 0000 0000 0000 0000 0000 0000 0000 0000 0000 0000 0000 0000 0000 0000 0000 0000 0000 0000 0000 0000 0000 0000 0000
0000 0000 0000 0000 0000 0000 0000 0230 0231 0232 0000 0000 0000 0233 0234 0235 0000 0000 0000 0000 0236 0237 0238 0000 0000 0000 0000 0000 0000 0000 0000 0000
0000 0000 0000 0000 0000 0000 0000 0250 0251 0252 0000 0000 0000 0253 0254 0255 0000 0000 0000 0000 0256 0257 0258 0000 0000 0000 0000 0000 0000 0000 0000 0000
0000 0000 0000 0000 0000 0000 0000 0000 0000 0000 0000 0000 0000 0000 0000 0000 0000 0000 0000 0000 0000 0000 0000 0000 0000 0000 0000 0000 0000 0000 0000 0000
0000 0000 0000 0000 0000 0000 0000 0000 0000 0000 0000 0000 0000 0000 0000 0000 0000 0000 0000 0000 0000 0000 0000 0000 0000 0000 0000 0000 0000 0000 0000 0000
0000 0000 0000 0000 0000 0000 0000 0000 0000 0000 0000 0000 0000 0000 0000 0000 0000 0000 0000 0000 0000 0000 0000 0000 0000 0000 0000 0000 0000 0000 0000 0000
0000 0000 0000 0000 0000 0000 0000 0239 023A 023B 0000 0000 0000 023C 023D 023E 0000 0000 0000 0000 02C0 02C1 02C2 0000 0000 0000 0000 0000 0000 0000 0000 0000
0000 0000 0000 0000 0000 0000 0000 0259 025A 025B 0000 0000 0000 025C 025D 025E 0000 0000 0000 0000 02E0 02E1 02E2 0000 0000 0000 0000 0000 0000 0000 0000 0000
0000 0000 0000 0000 0000 0000 0000 0000 0000 0000 0000 0000 0000 0000 0000 0000 0000 0000 0000 0000 0000 0000 0000 0000 0000 0000 0000 0000 0000 0000 0000 0000
0000 0000 0000 0000 0000 0000 0000 0000 0000 0000 0000 0000 0000 0000 0000 0000 0000 0000 0000 0000 0000 0000 0000 0000 0000 0000 0000 0000 0000 0000 0000 0000
0000 0000 0000 0000 0000 0000 02C3 02C4 02C5 02C6 02C7 0000 02C8 02C9 02CA 0000 0000 02CB 02CC 02CD 02CE 02CF 02D0 02D1 02D2 02D3 02D4 02D5 0000 0000 0000 0000
0000 02D6 0000 0000 0000 0000 02E3 02E4 02E5 02E6 02E7 0000 02E8 02E9 02EA 0000 0000 02EB 02EC 02ED 02EE 02EF 02F0 02F1 02F2 02F3 02F4 02F5 0000 0000 0000 0000
