ATARI GAUNTLET MOTION OBJECT 16X16 TILEMAP
SOURCE: level-077.png
GRID: 32 X 32
TILE_SIZE: 16 X 16
ATLAS_TILES: 1728
UNIQUE_PIXEL_TILES: 115
CONNECTED_OBJECT_GROUPS: 26

0020 0000 0000 0000 0000 0000 0000 0000 002F 0030 0031 0000 0033 0000 0000 0000 0000 0036 0037 0038 0000 0000 0000 0000 0000 0000 0000 0000 0000 0000 01CB 01CC
0040 0000 0000 0000 0000 0000 0000 0000 004F 0050 0051 0052 0053 0054 0000 0000 0000 0056 0057 0058 0000 0000 01E3 01E4 01E5 0000 01E7 01E8 0000 0000 01EB 01EC
0060 0061 0062 0063 0000 0000 0000 0000 0000 0000 0071 0072 0073 0074 0075 0000 0000 0000 0000 0000 0000 0000 0203 0204 0205 0206 0207 0208 0209 0000 020B 020C
0000 0081 0082 0083 0084 0085 0086 0000 0000 0000 0000 0000 0000 0000 0000 0000 0000 0000 0000 0000 0000 0000 0000 0000 0000 0000 0000 0228 0229 022A 0000 0000
0000 0000 0000 0000 00A4 00A5 00A6 0000 0000 0000 0000 0000 0000 0000 0000 0000 0000 0000 0000 0000 0000 0000 0000 0000 0000 0000 0000 0248 0249 024A 0000 0000
0000 0000 0000 0000 0000 0000 00C6 00C7 00C8 0000 0000 0000 0000 0000 0000 0000 01CD 01CE 0000 0000 0000 0000 0000 0000 0000 0266 0267 0268 0000 0000 0000 0000
0000 0000 0000 0000 0000 0000 00E6 00E7 00E8 0000 0000 0000 0000 0000 0000 0000 01ED 01EE 01EF 0000 0000 0000 0000 0000 0000 0286 0287 0288 0000 0000 0000 0000
0000 0000 0000 0000 0000 0000 0000 0000 0108 0109 010A 0000 0000 0000 0000 0000 0000 0000 0000 0000 0000 0000 0000 02A4 02A5 02A6 0000 0000 0000 0000 0000 0000
0000 0000 0000 0000 0000 0000 0000 0000 0128 0129 012A 0000 0000 0000 0000 0000 0000 0000 0000 0000 0000 0000 0000 02C4 02C5 02C6 0000 0000 0000 0000 0000 0000
0000 0000 0000 0000 0000 0000 0000 0000 0000 0000 014A 014B 014C 0000 0000 0000 0000 0000 0000 0000 0000 02E2 02E3 02E4 0000 0000 0000 0000 0000 0000 0000 0000
0000 0000 0000 0000 0000 0000 0000 0000 0000 0000 016A 016B 016C 0000 0000 0000 0000 0000 0000 0000 0000 0302 0303 0304 0000 0000 0000 0000 0000 01D2 01D3 01D4
01D5 01D6 0000 0000 0000 0000 0000 01D9 01DA 0000 0000 0000 018C 018D 018E 0000 0000 0000 0000 0320 0321 0322 0000 0000 0000 0000 0000 01F0 01F1 01F2 01F3 01F4
01F5 01F6 01F7 0000 0000 0000 01F8 01F9 01FA 0000 0000 0000 01AC 01AD 01AE 0000 0000 0000 0000 0340 0341 0342 0000 0000 0000 0000 0000 0210 0211 0212 0000 0000
0000 0000 0000 0000 0000 0000 0000 0000 0000 0000 0000 0000 0000 0000 0000 0000 0000 0000 0000 0000 0000 0000 0000 0000 0000 0000 0000 0000 0000 0000 0000 0000
0000 0000 0000 0000 0000 0000 0000 0000 0000 0000 0000 0000 0000 0000 0000 0000 0000 0000 0000 0000 0000 0000 0000 0000 0000 0000 0000 0000 0000 0000 0000 0000
0000 0000 0000 0000 0000 01DB 0000 01DC 0000 01DD 0000 01DE 0000 01DF 0000 0000 0000 0000 0000 0000 0000 0000 0000 0000 0000 0000 0000 0000 0000 0000 0000 0000
0360 0000 0000 0000 0000 0000 0000 0000 0000 0000 0000 0000 0000 0000 0000 0000 0363 0000 0000 0364 0365 0366 0000 0000 0000 0000 0000 0000 0000 0000 036D 036E
0380 0000 0000 0000 0000 0000 0000 0000 0000 0000 0000 0000 0379 037A 037B 0000 0000 0000 0000 0000 0000 0386 0387 0388 0000 038A 038B 038C 0000 0000 038D 038E
03A0 03A1 0000 0000 0000 0000 0000 0000 0000 0000 0000 0000 0399 039A 039B 0000 0000 0000 0000 0000 0000 0000 0000 03A8 03A9 03AA 0000 0000 0000 0000 0000 0000
03C0 03C1 03C2 0000 0000 0000 0000 0000 0000 0000 03B7 03B8 03B9 0000 0000 0000 0000 0000 0000 04E0 04E1 04E2 0000 0000 0000 0000 0000 0000 0000 0000 0000 0000
03E0 03E1 03E2 0000 0000 0000 0000 0000 0000 0000 03D7 03D8 03D9 0000 0000 0000 0000 0000 0000 0500 0501 0502 0000 0000 0000 0000 0000 04ED 04EE 04EF 0000 0000
0000 0000 0000 0000 0000 0000 0000 0000 03F5 03F6 03F7 0000 0000 0000 0000 0000 0000 0000 0000 0000 0000 0522 0523 0524 0000 0000 0000 0000 0000 0000 0000 0000
0000 0000 0000 0000 0000 0000 0000 0000 0415 0416 0417 0000 0000 0000 0000 0000 0000 0000 0000 0000 0000 0542 0543 0544 0000 0000 0000 0000 0000 04F0 04F1 04F2
0000 0000 0000 0000 0000 0000 0433 0434 0435 0000 0000 0000 04F4 04F5 0000 0000 0000 0000 0000 0000 0000 0000 0000 0564 0565 0566 0000 0000 0000 0510 0511 0512
0000 0000 0000 0000 0000 0000 0453 0454 0455 0000 0000 0513 0514 0515 0000 0000 0000 0000 0000 0000 0000 0000 0000 0584 0585 0586 0000 0000 0000 0000 0000 0000
0000 0000 0000 0000 0471 0472 0473 0000 0000 0000 0000 0000 0000 0000 0000 0000 0000 0000 0000 0000 0000 0000 0000 0000 0000 05A6 05A7 05A8 0000 0000 0000 0000
0000 0000 0000 0000 0491 0492 0493 0000 0000 0000 0000 0000 0000 0000 0000 0000 0000 0000 0000 0000 0000 0000 0000 0000 0000 05C6 05C7 05C8 0000 0000 0000 0000
0000 0000 04AF 04B0 04B1 0000 0000 0000 0000 0000 0000 0000 0000 0000 0000 0000 0000 0000 0000 0000 0000 0000 0000 0000 0000 0000 0000 05E8 05E9 05EA 0000 0000
0000 0000 04CF 04D0 04D1 0000 0000 0000 0000 0000 0000 0000 0000 0000 0000 0000 0000 0000 0000 0000 0000 0000 0000 0000 0000 0000 0000 0608 0609 060A 060B 060C
0000 0000 0000 0000 0000 0000 0000 04F6 04F7 04F8 0000 0000 0000 0000 0000 0000 0000 0000 0000 0000 0000 0000 04F9 04FA 04FB 0000 0000 0000 0629 062A 062B 062C
04FC 04FD 04FE 0000 0000 0000 0000 0516 0517 0518 0000 0000 0000 0000 0000 0000 0680 0681 0682 0000 0000 0000 0519 051A 051B 0000 0000 0000 0649 064A 064B 064C
051C 051D 051E 0000 0000 0000 0000 0000 0000 0000 0000 0000 0000 0000 0000 0000 06A0 06A1 06A2 0000 0000 0000 0000 0000 0000 0000 0000 0000 0000 0000 066B 0000
