ATARI GAUNTLET MOTION OBJECT 16X16 TILEMAP
SOURCE: level-105.png
GRID: 32 X 32
TILE_SIZE: 16 X 16
ATLAS_TILES: 1248
UNIQUE_PIXEL_TILES: 312
CONNECTED_OBJECT_GROUPS: 8

0000 0000 0000 0000 0000 0000 0026 0027 0028 0000 0000 0000 0420 0421 0422 0423 0424 0425 0426 0000 0000 0000 0000 0000 0000 0000 0000 0000 0000 0000 0000 0000
0000 0000 0000 0000 0000 0000 0046 0047 0048 0049 0000 0000 0440 0441 0442 0443 0444 0445 0446 0000 0000 0000 0000 0000 0000 0000 0000 0000 0000 0000 0000 0000
0000 0000 0427 0428 0000 0065 0066 0067 0068 0069 0000 0000 0000 0000 0000 0000 0000 0000 0000 0000 0000 0000 0000 042B 042C 042D 0000 0000 0000 0000 0000 0000
0000 0000 0000 0000 0000 0085 0086 0087 0088 0089 0000 0000 0000 0000 0000 0000 0000 0000 0000 0000 0000 0000 0000 044B 044C 044D 0000 0000 0000 0000 0000 0000
0000 0000 0000 0000 0000 00A5 00A6 00A7 00A8 00A9 0000 0000 0000 0000 0000 0000 0000 0000 0000 0000 0000 0469 046A 046B 0000 0000 0000 0000 042E 042F 0430 0000
0000 00C1 00C2 00C3 00C4 00C5 0000 0000 0000 0000 0000 0000 0000 0000 0000 0000 0000 0000 0000 0000 0000 0489 048A 048B 0000 0000 0000 0000 044E 044F 0450 0000
00E0 00E1 00E2 00E3 00E4 00E5 0000 0000 0000 0000 0000 0000 0000 0000 0000 00EF 00F0 00F1 0000 0000 0000 0000 0000 0000 0000 0000 0000 0000 0000 0000 0000 0000
0100 0101 0102 0103 0104 0105 0106 0107 0108 0000 0000 0000 0000 0000 0000 010F 0110 0111 0112 0113 0114 0000 0000 0000 0000 0000 0000 0000 0000 0000 0000 0000
0120 0121 0122 0123 0124 0125 0126 0127 0128 0000 0000 0000 0000 0000 012E 012F 0130 0131 0132 0133 0134 0135 0136 0137 0138 0139 013A 013B 013C 013D 0000 0000
0000 0000 0000 0143 0144 0145 0000 0000 0000 0000 0000 0000 0000 0000 0000 0000 0150 0151 0152 0153 0154 0155 0156 0000 0000 0159 015A 015B 015C 015D 0000 0000
0160 0161 0162 0163 0164 0165 0000 0000 0431 0000 0000 0000 0000 0000 0000 016F 0170 0171 0172 0173 0174 0175 0176 0000 0000 0179 017A 017B 017C 017D 0000 0000
0180 0181 0182 0183 0184 0185 0000 0000 0000 0000 0000 0000 0000 0000 018E 018F 0190 0191 0192 0193 0194 0195 0196 0000 0000 0199 019A 019B 019C 019D 0000 0000
01A0 01A1 01A2 0000 0000 0000 0000 0000 0000 0000 0000 0000 0000 01AD 01AE 01AF 01B0 01B1 01B2 01B3 01B4 01B5 01B6 0000 0000 01B9 01BA 01BB 01BC 01BD 0000 0000
01C0 01C1 01C2 0000 0000 0000 0000 0000 0000 0000 0000 0000 0000 01CD 01CE 01CF 01D0 0000 0000 01D3 01D4 01D5 01D6 01D7 01D8 01D9 01DA 01DB 01DC 01DD 01DE 01DF
01E0 0000 0000 0000 0000 0000 0000 0000 0000 0000 0000 0000 01EC 01ED 01EE 01EF 01F0 0000 01F2 01F3 01F4 01F5 01F6 01F7 01F8 01F9 01FA 01FB 01FC 01FD 01FE 01FF
0200 0000 0000 0000 0000 0000 0000 0000 0000 0209 020A 020B 020C 020D 020E 020F 0210 0000 0212 0213 0214 0215 0216 0217 0218 0219 021A 021B 021C 021D 021E 021F
0220 0000 0000 0000 0000 0000 0000 0000 0000 0229 022A 022B 022C 022D 022E 022F 0230 0000 0000 0000 0000 0235 0236 0237 0238 0239 023A 023B 023C 023D 023E 023F
0240 0241 0242 0000 0000 0000 0000 0000 0000 0249 024A 024B 024C 024D 024E 024F 0250 0251 0252 0253 0000 0255 0256 0257 0258 0259 025A 025B 025C 025D 025E 025F
0260 0261 0262 0263 0264 0265 0266 0267 0268 0269 0000 0000 0000 0000 0000 0000 0000 0271 0272 0273 0000 0000 0276 0277 0278 0279 027A 027B 027C 027D 027E 027F
0280 0281 0282 0283 0284 0285 0286 0287 0288 0289 0000 0000 0000 0000 0000 0000 0000 0000 0000 0000 0000 0000 0296 0297 0298 0299 029A 029B 029C 029D 029E 029F
02A0 02A1 02A2 02A3 02A4 02A5 02A6 0000 0000 02A9 0000 0000 0000 0000 0000 0000 0000 0000 0000 0000 02B4 02B5 02B6 02B7 0000 0000 0000 0000 02BC 02BD 02BE 02BF
02C0 02C1 02C2 02C3 02C4 02C5 02C6 0000 0000 02C9 0000 0000 0000 0000 0000 0000 0000 0000 0000 0000 0000 0000 0000 0000 0000 0000 0000 0000 0000 0000 02DE 02DF
02E0 02E1 02E2 02E3 02E4 02E5 02E6 0000 0000 02E9 0000 0000 0432 0000 0000 0000 0000 0000 0000 0000 0000 0000 0000 02F7 02F8 02F9 0000 0000 0000 0000 02FE 02FF
0300 0301 0302 0303 0304 0305 0306 0000 0000 0000 0000 0000 0000 0000 0000 0000 0000 0000 0312 0313 0314 0315 0316 0317 0318 0319 031A 031B 031C 031D 031E 031F
0320 0000 0000 0000 0000 0000 0000 0327 0328 0329 0000 0000 0000 0000 0000 032F 0330 0331 0332 0333 0334 0335 0336 0337 0338 0339 033A 033B 033C 033D 033E 033F
0000 0000 0000 0000 0000 0000 0000 0347 0348 0349 0000 0000 0000 0000 0000 034F 0350 0351 0352 0353 0354 0000 0000 0000 0000 0000 035A 035B 035C 035D 035E 0000
0433 0000 0435 0436 0437 0000 0000 0000 0000 0000 0000 0000 0000 0000 0000 0000 0000 0371 0372 0373 0374 0000 0000 0000 0000 0000 037A 037B 037C 037D 037E 037F
0453 0000 0455 0456 0457 0000 0000 0000 0000 0000 0000 0000 0000 0000 0000 0000 0000 0000 0000 0000 0394 0395 0396 0397 0398 0399 039A 039B 039C 039D 039E 039F
0473 0474 0475 0476 0477 0478 0479 0000 0000 0000 0000 0000 0000 0000 0000 0000 0000 0000 0000 0000 03B4 03B5 03B6 03B7 03B8 03B9 03BA 03BB 03BC 03BD 03BE 03BF
0493 0494 0495 0496 0497 0498 0499 0000 0000 0000 0000 0000 0000 0000 0000 03CF 03D0 03D1 03D2 03D3 03D4 03D5 03D6 03D7 03D8 03D9 03DA 03DB 03DC 03DD 03DE 03DF
04B3 04B4 04B5 04B6 04B7 04B8 04B9 0000 0000 0000 0000 0000 0000 0000 0000 03EF 03F0 03F1 03F2 03F3 03F4 03F5 03F6 03F7 03F8 03F9 03FA 03FB 03FC 03FD 03FE 03FF
04D3 04D4 04D5 04D6 04D7 04D8 0000 04DA 0000 0000 0000 0000 0000 0000 0000 040F 0410 0411 0412 0413 0414 0415 0416 0417 0418 0419 041A 041B 041C 041D 041E 041F
