ATARI GAUNTLET MOTION OBJECT 16X16 TILEMAP
SOURCE: level-087.png
GRID: 32 X 32
TILE_SIZE: 16 X 16
ATLAS_TILES: 352
UNIQUE_PIXEL_TILES: 90
CONNECTED_OBJECT_GROUPS: 28

0000 0021 0022 0023 0000 0000 0000 0000 0000 0000 0000 0000 0000 0026 0027 0028 0000 0000 0000 0000 0000 0000 0000 0000 0000 0000 0000 0000 0000 0000 0000 0000
0040 0041 0042 0043 0000 0000 0000 0000 0000 0000 0000 0000 0000 0046 0047 0048 0000 0000 0000 0000 0000 0000 0000 0000 0000 0000 0000 0000 0000 0000 0000 002C
0060 0061 0062 0000 0000 0000 0000 0000 0000 0000 0000 0064 0065 0066 0000 0000 0069 006A 006B 0000 0000 0000 0000 0000 0000 0000 0000 0000 0000 0000 0000 0000
0000 0000 0000 0000 0000 0000 0000 0000 0000 0000 0000 0084 0085 0086 0000 0000 0089 008A 008B 0000 0000 0000 0000 0000 0000 0000 0000 0000 0000 0000 0000 0000
0000 0000 0000 0000 0000 0000 0000 0000 0000 0000 0000 0000 0000 0000 0000 0000 0000 0000 0000 0000 0000 0000 0000 0000 0000 0000 0000 0000 0000 0000 0000 0000
0000 0000 0000 0000 0000 0000 0000 0000 0000 0000 0000 0000 0000 0000 0000 0000 0000 0000 0000 0000 0000 0000 0000 0000 0000 0000 0000 0000 0000 0000 0000 0000
0000 0000 0000 0000 0000 0000 0000 0000 0000 0000 0000 0000 002E 002F 0000 0000 0000 0000 0000 0000 0000 0000 0000 0000 0000 0000 0000 0000 0000 0000 0000 0000
0000 0000 0030 0031 0032 0000 0034 0035 0036 0000 0000 004D 004E 004F 0000 0000 0000 0000 0000 0000 0000 0000 0000 0000 0000 0000 0000 0000 0000 0000 0000 0000
0000 0000 0050 0051 0052 0053 0054 0055 0056 0000 0000 0000 0000 0000 0000 0000 0000 0000 0000 0000 0000 0000 0000 0000 0037 0038 0039 0000 003A 003B 003C 0000
0000 0000 0000 0000 0072 0073 0074 0000 0000 0000 0000 0000 0000 0000 0000 0000 0000 0000 0000 0000 0000 0000 0000 0000 0057 0058 0059 0000 005A 005B 005C 0000
0000 0000 0000 0000 0000 0000 0000 0000 0000 003D 003E 003F 0000 0000 0000 00A0 0000 0000 0000 0000 0000 0000 0000 0000 0000 0000 0000 0000 0000 0000 0000 0000
0000 0000 0000 0000 0000 00A2 00A3 0000 0000 005D 005E 005F 0000 0000 0000 00C0 0000 0000 0000 0000 0000 0000 0000 0000 0000 0000 0000 0000 0000 0000 0000 0000
0000 0000 0000 0000 00C1 00C2 00C3 0000 0000 0000 0000 0000 0000 0000 0000 0000 0000 0000 0000 0000 0000 0000 0000 0000 0000 0000 0000 0000 0000 0000 0000 0000
0000 0000 0000 0000 0000 0000 0000 0000 0000 0000 0000 0000 0000 0000 0000 0000 0000 00A4 00A5 00A6 0000 0000 0000 0000 0000 0000 0000 0000 0000 0000 0000 0000
0000 0000 0000 0000 0000 00A8 00A9 0000 0000 0000 0000 0000 0000 0000 0000 0000 0000 00C4 00C5 00C6 0000 0000 0000 0000 0000 0000 0000 0000 0000 0000 0000 0000
0000 0000 0000 0000 00C7 00C8 00C9 0000 0000 0000 0000 0000 0000 0000 0000 0000 0000 0000 0000 0000 0000 0000 0000 0000 0000 0000 0000 0000 0000 0000 0000 0000
0000 0000 0000 0000 0000 0000 0000 0000 0000 0000 00AA 00AB 00AC 0000 0000 0000 0000 0000 0000 0000 0000 0000 0000 0000 00AD 00AE 00AF 0000 00B0 00B1 00B2 0000
0000 0000 0000 0000 0000 0000 0000 0000 0000 0000 00CA 00CB 00CC 0000 0000 0000 0000 0000 0000 0000 0000 0000 0000 0000 00CD 00CE 00CF 0000 00D0 00D1 00D2 0000
0000 0000 0000 0000 0000 0000 0000 0000 0000 0000 0000 0000 0000 0000 00B3 00B4 00B5 0000 0000 0000 0000 0000 0000 0000 0000 0000 0000 0000 0000 0000 0000 0000
0000 0000 0000 0000 0000 0000 0000 0000 0000 0000 0000 0000 0000 0000 00D3 00D4 00D5 0000 0000 0000 0000 00B6 00B7 00B8 0000 0000 0000 0000 0000 0000 0000 0000
0000 0000 0000 0000 0000 0000 0000 0000 0000 0000 0000 0000 0000 0000 0000 0000 0000 0000 0000 0000 0000 00D6 00D7 00D8 0000 0000 0000 0000 0000 0000 0000 0000
0000 0000 0000 00B9 00BA 00BB 0000 0000 0000 0000 0000 0000 0000 0000 0000 0000 0000 0000 0000 0000 0000 0000 0000 0000 0000 0000 0000 0000 0000 0000 0000 0000
0000 0000 0000 00D9 00DA 00DB 0000 0000 0000 0000 0000 0000 0000 0000 0000 0000 0000 0000 0000 0000 0000 0000 0000 0000 0000 0000 0000 0000 0000 0000 0000 0000
0000 0000 0000 0000 0000 0000 0000 0000 0000 00BD 00BE 0000 0000 0000 0000 0000 0000 0000 00E1 00E2 0000 0000 0000 0000 0000 0000 0000 0000 0000 0000 0000 0000
0000 0000 0000 0000 0000 0000 0000 0000 00DC 00DD 00DE 0000 0000 0000 0000 0000 0000 0100 0101 0102 0000 0000 0000 0000 0000 0000 0000 0000 0000 0000 00E3 00E4
0000 0000 0000 0000 0000 0000 0000 0000 0000 0000 0000 0000 0000 0000 0000 0000 0000 0000 0000 0000 0000 0000 0000 0000 0000 0000 0000 0000 0000 0000 0103 0104
00E5 00E6 00E7 00E8 00E9 0000 0000 0000 0000 0000 0000 0000 0000 0000 0000 00EA 00EB 00EC 0000 0000 0000 0000 0000 0000 0000 0000 00EE 00EF 0000 0000 0000 0000
0000 0000 0107 0108 0109 0000 0000 0000 0000 0000 0000 0000 0000 0000 0000 010A 010B 010C 0000 0000 0000 0000 0000 0000 0000 010D 010E 010F 0000 0000 0000 0000
0000 0000 0000 0000 0000 0000 0000 0000 0000 00F3 00F4 00F5 0000 0000 0000 0000 0000 0000 0000 0000 0000 0000 0000 0000 0000 0000 0000 0000 0000 0000 0000 0000
00F6 0000 0000 0000 0000 0000 0000 0000 0000 0113 0114 0115 0000 0000 0000 0000 0000 0000 0000 0000 0000 00F9 00FA 00FB 0000 0000 0000 0000 0000 0000 00FD 00FE
0116 0117 0118 0000 0000 0000 0130 0131 0132 0000 0000 0000 0000 0000 0000 0000 0000 0000 0000 0000 0000 0119 011A 011B 0000 0000 0000 0000 0000 011C 011D 011E
0136 0137 0138 0000 0000 0000 0150 0151 0152 0000 0000 0000 0000 0000 0000 0000 0000 0000 0000 0000 0000 0000 0000 0000 0000 0000 0000 0000 0000 013C 013D 013E
