ATARI GAUNTLET MOTION OBJECT 16X16 TILEMAP
SOURCE: level-072.png
GRID: 32 X 32
TILE_SIZE: 16 X 16
ATLAS_TILES: 1664
UNIQUE_PIXEL_TILES: 221
CONNECTED_OBJECT_GROUPS: 27

0000 0000 0000 0000 0000 0000 0000 0000 0000 0021 0022 0023 0024 0025 0026 0000 0000 0000 0000 0000 0000 002C 002D 002E 0000 0000 0000 002F 0030 0031 0000 0000
0000 0000 0000 0000 0000 0000 0000 0000 0000 0041 0042 0043 0044 0045 0046 0047 0000 0000 0000 0000 0000 004C 004D 004E 0000 0000 0000 004F 0050 0051 0052 0053
0000 0000 0000 0000 0000 0000 0034 0000 0000 0061 0062 0063 0064 0065 0066 0067 0000 0000 0000 0000 0000 0000 0000 0000 0000 0000 0000 006F 0070 0071 0072 0073
0000 0000 0000 0000 0000 0000 0000 0000 0000 0081 0082 0083 0084 0085 0086 0087 0000 0000 0000 0000 0000 0035 0036 0037 0000 0000 0000 008F 0090 0091 0000 0000
0000 0000 0000 0038 0039 003A 0000 0000 0000 00A1 00A2 00A3 00A4 00A5 00A6 00A7 0000 0000 0000 0000 0000 0055 0056 0057 0000 0000 0000 0000 0000 00B1 00B2 00B3
0000 0000 0000 0058 0059 005A 005B 0000 0000 00C1 00C2 00C3 00C4 00C5 00C6 0000 0000 0000 0000 0000 0000 0000 0000 0000 0000 0000 0000 0000 00D0 00D1 00D2 00D3
0000 0000 0000 0000 0079 0000 0000 0000 0000 00E1 00E2 00E3 00E4 00E5 00E6 00E7 0000 0000 0000 0000 0000 0000 0182 0183 0000 0000 0000 00EF 00F0 00F1 0000 0000
018C 0000 0000 0000 0000 0000 0000 0000 0100 0101 0102 0103 0104 0105 0106 0107 0000 0000 0000 0000 0000 01A1 01A2 01A3 0000 0000 0000 0000 0000 0000 0112 0113
01AC 0000 018D 018E 018F 0000 0000 0000 0120 0000 0000 0000 0000 0000 0000 0127 0128 0129 0000 0000 0000 0000 0000 0000 01C4 01C5 0000 0000 0000 0000 0132 0133
0000 0000 01AD 01AE 01AF 0000 0000 0000 0000 0000 0000 0000 0000 0000 0000 0147 0148 0149 014A 014B 0000 01E1 01E2 01E3 01E4 01E5 0000 0000 0000 0000 0000 0000
0000 0000 0000 0000 0000 0000 0190 0000 0000 0000 0000 0000 0000 0000 0000 0000 0000 0169 016A 016B 0000 0201 0202 0203 0000 0000 0000 0000 0000 0000 0000 0000
0191 0000 0000 0000 0000 0000 0000 0000 0000 0000 0000 0198 0199 019A 0000 0000 0000 0000 0000 0000 0000 0000 0000 0223 0224 0225 0226 0227 0228 0229 022A 022B
01B1 0000 0000 0000 0000 0000 0000 0000 0000 0000 01B7 01B8 01B9 01BA 0000 0000 0000 0000 0000 0000 0000 0000 0000 0243 0244 0245 0246 0247 0248 0249 024A 024B
01D1 0000 0000 0000 0000 0000 0000 0000 0000 0000 0000 0000 0000 0000 0000 0000 0000 0000 0000 0000 0000 0000 0000 0263 0264 0265 0266 0267 0268 0269 026A 026B
01F1 0000 0000 0000 0000 0000 0000 0000 0000 0000 0000 0000 0000 0000 019B 0000 0000 0000 0000 0000 0000 0000 0000 0283 0284 0285 0286 0287 0288 0289 028A 028B
0211 0212 0213 0000 0000 0000 0000 0000 0000 0000 0000 0000 0000 0000 0000 0000 0000 0000 0000 0000 0000 0000 0000 02A3 02A4 02A5 02A6 02A7 02A8 02A9 02AA 02AB
0231 0232 0233 0234 0235 0236 0000 0000 0000 0000 0000 0000 019C 019D 019E 0000 0000 0000 0000 0000 02C0 02C1 02C2 02C3 02C4 02C5 02C6 02C7 02C8 02C9 02CA 02CB
0251 0000 0000 0254 0255 0256 0000 0000 04C0 04C1 04C2 0000 01BC 01BD 01BE 0000 04C3 04C4 04C5 0000 02E0 0000 0000 02E3 02E4 02E5 02E6 02E7 02E8 02E9 02EA 02EB
0271 0000 0000 0000 0000 0000 0000 0000 04E0 04E1 04E2 0000 0000 0000 0000 0000 04E3 04E4 04E5 0000 0300 0000 0302 0303 0304 0305 0306 0307 0308 0309 030A 030B
0291 0000 0000 04C6 04C7 04C8 0000 0000 0000 0000 0000 0000 04C9 04CA 04CB 0000 0000 0000 0000 0000 0320 0000 0000 0323 0324 0325 0326 0327 0328 0329 032A 032B
02B1 0000 0000 04E6 04E7 04E8 0000 0000 04CC 04CD 04CE 0000 04E9 04EA 04EB 0000 04CF 04D0 04D1 0000 0340 0000 0000 0343 0344 0345 0346 0347 0348 0349 034A 034B
02D1 0000 0000 0000 0000 0000 0000 0000 04EC 04ED 04EE 0000 0000 0000 0000 0000 04EF 04F0 04F1 0000 0360 0000 0000 0363 0364 0365 0366 0367 0368 0369 036A 036B
02F1 0000 0000 04D2 04D3 04D4 0000 0000 0000 0000 0000 0000 04D5 04D6 04D7 0000 0000 0000 0000 0000 0380 0000 0000 0383 0384 0385 0386 0387 0388 0389 038A 038B
0311 0000 0000 04F2 04F3 04F4 0000 0000 04DD 04DE 04DF 0000 04F5 04F6 04F7 0000 05A4 05A5 05A6 0000 03A0 0000 0000 03A3 03A4 03A5 03A6 03A7 03A8 03A9 03AA 03AB
0331 0000 0000 0000 0000 0000 0000 0000 04FD 04FE 04FF 0000 0000 0000 0000 0000 05C4 05C5 05C6 0000 03C0 0000 0000 03C3 03C4 03C5 03C6 03C7 03C8 03C9 03CA 03CB
0351 0000 0000 0000 0000 0000 051B 051C 051D 051E 051F 0000 0000 05E1 05E2 05E3 05E4 05E5 0000 0000 03E0 0000 0000 03E3 03E4 03E5 03E6 03E7 03E8 03E9 03EA 03EB
0371 0000 0000 0000 0000 0000 053B 053C 053D 053E 053F 0000 0000 0601 0602 0603 0604 0605 0000 0000 0400 0000 0000 0403 0404 0405 0406 0407 0408 0409 040A 040B
0391 0000 0000 0000 0000 0000 055B 055C 055D 055E 055F 0000 0000 0621 0622 0623 0624 0625 0000 0000 0420 0000 0000 0423 0424 0425 0426 0427 0428 0429 042A 042B
0000 0000 0000 0000 0579 057A 0000 0000 0000 0000 0000 0000 0000 0641 0642 0000 0000 0000 0000 0000 0440 0000 0000 0000 0000 0000 0000 0000 0000 0000 0000 0000
0000 0000 0000 0598 0599 059A 0000 0000 0000 0000 0000 0000 0660 0661 0662 0000 0000 0000 0000 0000 0460 0000 0000 0000 0000 0000 05AB 05AC 05AD 05AE 0000 0000
0000 0000 0000 0000 0000 0000 0000 0000 0000 05B1 05B2 0000 0000 0000 0000 0000 0000 05B4 05B5 0000 0480 0000 05C7 05C8 05C9 05CA 05CB 05CC 05CD 05CE 05CF 0000
0000 0000 0000 0000 0000 0000 0000 0000 05D0 05D1 05D2 0000 0000 0000 0000 0000 05D3 05D4 05D5 0000 04A0 0000 05E7 05E8 05E9 05EA 05EB 05EC 05ED 05EE 05EF 0000
