ATARI GAUNTLET MOTION OBJECT 16X16 TILEMAP
SOURCE: level-111.png
GRID: 32 X 32
TILE_SIZE: 16 X 16
ATLAS_TILES: 1088
UNIQUE_PIXEL_TILES: 197
CONNECTED_OBJECT_GROUPS: 17

0000 0021 0022 0023 0000 0000 0000 0000 0000 0000 0000 0000 0000 0000 0000 0000 0000 0026 0027 0028 0029 0000 0000 0000 0000 0000 0000 0000 0000 0000 0000 0000
0040 0041 0042 0043 0000 0000 0000 0000 0000 0000 002B 002C 002D 0000 0000 0000 0000 0046 0047 0048 0049 0000 0000 0000 0000 0000 0000 0000 0000 0000 0000 0000
0060 0061 0062 0000 0000 0000 0000 0000 0000 004A 004B 004C 004D 0000 0000 0000 0000 0000 0000 0000 0000 0000 0000 0000 0000 0000 0000 0000 0000 0000 0000 0000
0000 0000 0000 0083 0084 0085 0000 0000 0000 0000 0000 0000 0000 0000 0000 0000 0000 0000 0000 0000 0000 0000 0000 0000 0000 0000 0000 0000 002E 0000 0000 0000
0000 0000 0000 00A3 00A4 00A5 0000 0000 0000 0000 002F 0030 0031 0000 0000 0000 0034 0035 0036 0000 0000 0000 0000 0000 0000 0000 0000 0000 004E 0000 0000 0000
0000 0000 0000 0000 0000 0000 0000 0000 0000 0000 004F 0050 0051 0000 0000 0000 0054 0055 0056 0000 0000 0000 0000 0000 0000 0000 0000 0000 0000 0000 0000 0000
0000 0000 0000 0039 003A 003B 0000 0000 0000 0000 0000 0070 0071 0072 0073 0000 0074 0075 0076 0000 0000 0000 0000 00C2 00C3 00C4 00C5 00C6 0000 0000 0000 0000
0000 0000 0000 0059 005A 005B 0000 0000 0000 0000 008F 0090 0091 0092 0093 0000 0094 0095 0096 0000 0000 0000 00E1 00E2 00E3 00E4 00E5 00E6 0000 0000 0000 0000
0000 0077 0078 0079 0000 0000 0000 0000 0000 0000 0000 0000 0000 0000 0000 0000 0000 0000 0000 0000 0000 0000 0101 0000 0000 0000 0000 0000 0000 0000 0000 0000
0000 0097 0098 0099 009A 009B 0000 0000 0000 0000 0000 0000 0000 0000 0000 0000 0000 0000 0000 0000 0000 0120 0121 0122 0000 0000 0000 0000 0000 0000 0000 0000
0000 0000 0000 00B9 00BA 00BB 0000 0000 0000 0000 0000 0000 0000 0000 0000 00C7 00C8 00C9 00CA 0000 0000 0140 0141 0142 0143 0000 0000 0000 0000 0000 0000 0000
00CB 0000 0000 0000 0000 0000 0000 0000 0000 0000 0000 0000 0000 0000 0000 00E7 00E8 00E9 00EA 0000 0000 0160 0161 0162 0163 0000 0000 0000 0000 0000 0194 0195
00EB 0000 0000 0196 0197 0198 0199 019A 0000 0000 0000 0000 0000 0000 0000 0000 0000 0000 0000 0000 0000 0000 0000 0000 0000 0000 0000 0000 01B2 01B3 01B4 01B5
0000 0000 0000 01B6 01B7 01B8 01B9 01BA 01BB 0000 0000 0000 0000 0000 0000 01C5 01C6 01C7 0000 0000 0000 0000 0000 0000 0000 0000 01D0 01D1 01D2 01D3 0000 0000
0000 0000 0000 0000 0000 0000 0000 0000 0000 0000 0000 0000 01E2 01E3 01E4 01E5 01E6 01E7 0000 0000 0000 0000 0000 0000 0000 01EF 01F0 01F1 01F2 0000 0000 0000
0000 0000 0000 0000 0000 0000 0000 0000 0000 0000 0000 0000 0202 0203 0204 0000 0000 0000 0208 0209 020A 020B 020C 0000 0000 020F 0210 0211 0212 0000 0000 0000
0000 0000 0000 0000 0000 0000 0000 0000 0000 0000 019C 0000 0000 0000 0224 0225 0226 0000 0228 0229 022A 022B 022C 0000 0000 022F 0000 0000 0000 0000 0000 0000
0000 0000 0000 0000 0320 0321 0322 0000 0000 0000 0000 0000 0000 0000 0244 0245 0246 0000 0000 0000 024A 024B 024C 024D 024E 024F 0250 0251 0252 0000 0000 0000
0000 0000 0000 0000 0340 0341 0342 0343 0000 0000 0000 0261 0262 0263 0264 0000 0266 0000 0000 0000 026A 026B 026C 026D 026E 026F 0270 0271 0272 0000 0000 0000
0000 0000 0000 0000 0000 0000 0000 0000 0000 0000 0280 0281 0282 0283 0284 0000 0286 0000 0000 0289 028A 028B 0000 0000 0000 0000 0000 0000 0000 0000 0000 0000
0000 0000 0000 0000 0000 0000 0000 0000 0000 0000 0000 0000 0000 0000 0000 0000 0000 0000 0000 02A9 02AA 02AB 0000 0000 0000 0000 0000 0324 0000 0000 0000 0000
0325 0326 0327 0000 0000 0000 0000 0000 0000 0000 0000 0000 0000 0000 0000 0000 0000 0000 0000 02C9 02CA 02CB 0000 0000 0000 0000 0000 0000 0000 0000 0000 0000
0345 0346 0347 0000 0000 0000 0000 0000 0000 0000 0000 0000 0000 0000 0000 0000 0000 0000 0000 02E9 02EA 02EB 0000 0000 0000 0000 0000 0000 0000 0000 0000 0000
0000 0000 0000 0000 0000 0000 0000 0000 0000 0000 0000 0000 0000 0000 0000 0000 0000 0000 0000 0309 030A 030B 0000 0000 0000 0000 0000 0000 0000 0000 0000 0000
0000 0000 0000 0000 0000 0000 0000 0000 0000 0000 0000 0000 0000 0000 0000 0000 0000 0000 0000 0000 0000 0000 0000 0000 0000 0000 0000 0000 0000 0000 0000 0000
0360 0361 0362 0363 0364 0365 0366 0367 0368 0369 036A 036B 036C 036D 036E 036F 0370 0371 0372 0373 0374 0375 0376 0377 0378 0379 037A 037B 037C 037D 037E 0000
0380 0381 0382 0383 0384 0385 0386 0387 0388 0389 038A 038B 038C 038D 038E 038F 0390 0391 0392 0393 0394 0395 0396 0397 0398 0399 039A 039B 039C 039D 039E 0000
03A0 03A1 0000 0000 03A4 03A5 03A6 0000 0000 0000 0000 0000 0000 0000 0000 03AF 03B0 03B1 0000 0000 0000 0000 0000 0000 03B8 03B9 0000 0000 0000 0000 03BE 03BF
03C0 03C1 03C2 0000 03C4 03C5 03C6 03C7 03C8 0000 0000 0000 0000 0000 0000 03CF 03D0 03D1 0000 0000 0000 0000 0000 0000 03D8 03D9 03DA 03DB 03DC 03DD 03DE 03DF
0000 0000 03E2 03E3 03E4 03E5 0000 03E7 03E8 03E9 0000 03EB 03EC 0000 03EE 03EF 0000 03F1 03F2 0000 03F4 03F5 03F6 0000 0000 0000 03FA 03FB 03FC 03FD 0000 0000
0400 0401 0402 0000 0000 0000 0000 0407 0000 0409 040A 040B 040C 040D 040E 040F 0410 0411 0412 0413 0414 0415 0416 0000 0000 0419 041A 041B 0000 0000 041E 041F
0420 0421 0422 0000 0000 0000 0000 0000 0000 0429 042A 042B 0000 0000 0000 0000 0000 0000 0000 0433 0434 0435 0000 0000 0000 0000 0000 0000 043C 0000 043E 043F
