ATARI GAUNTLET PLAYFIELD 16X16 TILEMAP
SOURCE: level-093-playfield.png
GRID: 32 X 32
TILE_SIZE: 16 X 16
UNIQUE_TILES: 38

0000 0001 0002 0002 0002 0002 0000 0001 0002 0002 0002 0002 0002 0000 0001 0002 0002 0002 0002 0000 0001 0002 0002 0002 0002 0002 0000 0001 0002 0002 0002 0002
0003 0004 0005 0006 0007 0008 0003 0009 0007 000A 0005 0006 0007 0003 000B 0006 0007 0008 0005 0003 000A 0008 0005 0006 0007 0008 0003 0009 0007 0008 0005 0006
0003 000C 0008 0005 0006 0007 000D 000E 0006 0007 0008 0005 0006 000D 000F 0005 0006 0007 0008 000D 0010 0007 0008 0005 0006 0007 000D 000E 0006 0007 0008 0005
0003 0009 0007 0008 0005 0006 0011 0012 0005 0006 0007 0008 0005 0013 0014 0008 0005 0006 0007 0015 0016 0006 0007 0008 0005 0006 0011 0012 0005 0006 0007 0008
0003 000B 0006 0007 0008 0005 0017 000C 0008 0005 0006 0007 0008 0017 0009 0007 0008 0005 0006 0017 0004 0005 0006 0007 0008 0005 0017 000C 0008 0005 0006 0007
0018 0019 001A 001B 0011 001C 0018 001D 001E 0012 001F 0020 001E 0018 0021 0020 0014 0015 001A 0018 0022 001C 001A 001B 0011 001C 0018 001D 001E 0012 001F 0020
0000 0001 0023 000E 0024 0002 0000 0001 0023 0025 0024 0002 0002 0000 0001 0023 0010 0024 0002 0000 0001 0002 0023 000E 0024 0002 0000 0001 0023 0025 0024 0002
0003 000A 0007 0008 0005 0006 0003 0004 0005 0006 0007 0008 0005 0003 000C 0008 0005 0006 0007 0003 000B 0006 0007 0008 0005 0006 0003 0004 0005 0006 0007 0008
0003 000B 0006 0007 0008 0005 000D 0025 0008 0005 0006 0007 0008 0003 0009 0007 0008 0005 0006 000D 000F 0005 0006 0007 0008 0005 0003 000C 0008 0005 0006 0007
0003 0004 0005 0006 0007 0008 001F 001B 0007 0008 0005 0006 0007 000D 000E 0006 0007 0008 0005 0013 0014 0008 0005 0006 0007 0008 000D 0010 0007 0008 0005 0006
0003 000C 0008 0005 0006 0007 0017 000B 0006 0007 0008 0005 0006 0011 0012 0005 0006 0007 0008 0017 0009 0007 0008 0005 0006 0007 0015 0016 0006 0007 0008 0005
0003 0009 0007 0008 0005 0006 0003 0004 0005 0006 0007 0008 0005 0017 000C 0008 0005 0006 0007 0003 000B 0006 0007 0008 0005 0006 0017 0004 0005 0006 0007 0008
0018 0021 0020 0014 0015 001A 0018 0022 001C 001A 001B 0011 001C 0018 001D 001E 0012 001F 0020 0018 0019 001A 001B 0011 001C 001A 0018 000A 001C 0016 0013 001E
0000 0001 0023 0010 0024 0002 0000 0001 0002 0023 000E 0024 0002 0000 0001 0023 0025 0024 0002 0000 0001 0023 000E 0024 0002 0002 0000 0001 0023 000F 0024 0002
0003 000C 0008 0005 0006 0007 0003 000B 0006 0007 0008 0005 0006 0003 0004 0005 0006 0007 0008 0003 0009 0007 0008 0005 0006 0007 0003 000B 0006 0007 0008 0005
0003 0009 0007 0008 0005 0006 000D 000F 0005 0006 0007 0008 0005 000D 0025 0008 0005 0006 0007 000D 000E 0006 0007 0008 0005 0006 000D 000F 0005 0006 0007 0008
0003 000B 0006 0007 0008 0005 0013 0014 0008 0005 0006 0007 0008 001F 001B 0007 0008 0005 0006 0011 0012 0005 0006 0007 0008 0005 0013 0014 0008 0005 0006 0007
0003 0004 0005 0006 0007 0008 0017 0009 0007 0008 0005 0006 0007 0017 000B 0006 0007 0008 0005 0017 000C 0008 0005 0006 0007 0008 0017 0009 0007 0008 0005 0006
0018 000A 001C 0016 0013 001E 0018 0021 0020 001E 0012 001F 0020 0018 0019 001A 001B 0011 001C 0018 001D 001E 001C 0016 0013 001E 0018 0021 0020 0014 0015 001A
0000 0001 0023 000F 0024 0002 0000 0001 0002 0023 0025 0024 0002 0000 0001 0023 000E 0024 0002 0000 0001 0002 0023 000F 0024 0002 0000 0001 0023 0010 0024 0002
0003 000B 0006 0007 0008 0005 0003 000C 0008 0005 0006 0007 0008 0003 0009 0007 0008 0005 0006 0003 0004 0005 0006 0007 0008 0005 0003 000C 0008 0005 0006 0007
0003 0004 0005 0006 0007 0008 000D 0010 0007 0008 0005 0006 0007 0003 000B 0006 0007 0008 0005 000D 0025 0008 0005 0006 0007 0008 0003 0009 0007 0008 0005 0006
0003 000C 0008 0005 0006 0007 0015 0016 0006 0007 0008 0005 0006 000D 000F 0005 0006 0007 0008 001F 001B 0007 0008 0005 0006 0007 000D 000E 0006 0007 0008 0005
0003 0009 0007 0008 0005 0006 0017 0004 0005 0006 0007 0008 0005 0013 0014 0008 0005 0006 0007 0017 000B 0006 0007 0008 0005 0006 0011 0012 0005 0006 0007 0008
0003 000B 0006 0007 0008 0005 0003 000C 0008 0005 0006 0007 0008 0017 0009 0007 0008 0005 0006 0003 0004 0005 0006 0007 0008 0005 0017 000C 0008 0005 0006 0007
0018 000A 001A 001B 0011 001C 0018 001D 001E 0012 001F 0020 001E 0018 0021 0020 0014 0015 001A 0018 0022 001C 0016 0013 001E 001C 0018 001D 001E 0012 001F 000A
0000 0001 0023 000E 0024 0002 0000 0001 0023 0025 0024 0002 0002 0000 0001 0023 0010 0024 0002 0000 0001 0023 000F 0024 0002 0002 0000 0001 0023 0025 0024 0002
0003 0009 0007 0008 0005 0006 0003 0004 0005 0006 0007 0008 0005 0003 000C 0008 0005 0006 0007 0003 000B 0006 0007 0008 0005 0006 0003 0004 0005 0006 0007 0008
0003 000B 0006 0007 0008 0005 000D 0025 0008 0005 0006 0007 0008 000D 0010 0007 0008 0005 0006 000D 000F 0005 0006 0007 0008 0005 000D 0025 0008 0005 0006 0007
0003 0004 0005 0006 0007 0008 001F 001B 0007 0008 0005 0006 0007 0015 0016 0006 0007 0008 0005 0013 0014 0008 0005 0006 0007 0008 001F 001B 0007 0008 0005 0006
0003 000C 0008 0005 0006 0007 0017 000B 0006 0007 0008 0005 0006 0017 0004 0005 0006 0007 0008 0017 0009 0007 0008 0005 0006 0007 0017 000B 0006 0007 0008 0005
0018 001D 001E 001C 001A 0020 0018 000A 001A 0020 001E 001C 001A 0018 000A 001C 001A 0020 001E 0018 0021 0020 001E 001C 001A 000A 0018 0019 001A 0020 001E 001C
