ATARI GAUNTLET MOTION OBJECT 16X16 TILEMAP
SOURCE: level-109.png
GRID: 32 X 32
TILE_SIZE: 16 X 16
ATLAS_TILES: 960
UNIQUE_PIXEL_TILES: 157
CONNECTED_OBJECT_GROUPS: 26

0020 0021 0022 0023 0024 0025 0026 0027 0028 0000 0000 0000 0000 0000 0000 0000 0000 0000 0000 002A 002B 0000 002D 002E 002F 0030 0031 0032 0033 0034 0035 0036
0040 0041 0042 0043 0044 0045 0046 0047 0048 0049 0000 0000 0000 0000 0000 0000 0000 0000 0000 004A 004B 004C 004D 004E 004F 0050 0051 0052 0053 0054 0055 0056
0060 0061 0062 0000 0000 0000 0000 0000 0000 0000 0000 0000 0000 0000 0000 0000 0000 0000 0000 0000 0000 0000 0000 0000 0000 0000 0000 0000 0000 0000 0000 0000
0080 0081 0082 0000 0000 0000 0000 0000 0000 0000 0000 0000 0000 0000 0000 0000 0000 0000 0000 0000 0000 0000 0000 0000 0000 0000 0000 0000 0000 0000 0000 0000
00A0 00A1 00A2 0000 0000 0000 0000 0000 0000 0000 0000 0000 0000 0000 0000 0000 0038 0039 0000 0000 0000 0000 0000 0000 0000 0000 0000 0000 0000 0000 0000 0000
00C0 00C1 00C2 0000 0000 0000 0000 0000 0000 0000 0000 0000 0000 0000 0000 0057 0058 0059 0000 0000 0000 0000 0000 0000 0000 0000 0000 0000 0000 0000 0000 0000
00E0 00E1 00E2 0000 0000 0000 0000 0000 0000 0000 0000 0000 0000 0000 0000 0000 0000 0000 0000 0000 0000 0000 0000 0000 0000 0000 0000 0000 0000 0000 0000 0000
0000 0000 0000 0000 0000 0000 0000 0000 0000 0000 0000 0000 0000 0000 0000 0000 0000 0000 0000 0000 0000 0000 0000 0000 0000 0000 0000 0000 0000 0000 0000 0000
003A 003B 003C 0000 0000 0000 0000 003D 003E 003F 0000 0000 0000 0000 0102 0103 0104 0105 0106 0000 0000 0000 0000 0000 0000 0000 0109 010A 010B 0000 0000 0000
005A 005B 005C 0000 0000 0000 0000 005D 005E 005F 0000 0000 0120 0121 0122 0123 0124 0125 0126 0127 0128 0000 0000 0000 0000 0000 0129 012A 012B 0000 0000 0000
0000 0000 0000 0000 0000 0000 0000 0000 0000 0000 0000 0000 0140 0141 0142 0000 0000 0000 0146 0147 0148 0000 0000 0000 0000 0000 0000 0000 0000 0000 0000 0000
0000 0000 0000 0000 0000 0000 0000 0000 0000 0000 0000 0000 0000 0000 0000 0163 0164 0165 0000 0000 0000 0000 0000 0000 010C 010D 010E 010F 0110 0111 0112 0113
0000 0000 0000 0000 0000 0000 0000 0000 0114 0000 0000 0000 0000 0000 0000 0183 0184 0185 0000 0000 0000 0000 0000 0000 012C 012D 012E 012F 0130 0131 0132 0133
0000 0000 0000 0000 0000 0000 0000 0000 0000 0000 0000 0000 0000 0000 0000 0000 0000 0000 0000 0000 0000 0000 0000 0000 0000 0000 0000 0000 0000 0000 0000 0000
0000 0116 0117 0118 0000 0000 0000 0000 0000 0000 0000 011B 011C 0000 0000 011D 011E 011F 0000 0000 0000 0000 0000 0000 0000 0000 0000 0000 0000 0000 0000 0000
0135 0136 0137 0138 0139 0000 0000 0000 0000 0000 013A 013B 013C 0000 0000 0000 0000 0000 0000 0000 0000 0221 0222 0000 0000 0000 0000 0000 0000 0000 0000 0000
0155 0156 0157 0158 0159 0000 0000 0000 0000 0000 0000 015B 015C 0000 0000 0000 0224 0000 0000 0000 0240 0241 0242 0000 0000 0000 0000 0000 0000 0000 0000 0000
0175 0176 0177 0178 0179 0000 0000 0000 0000 0000 017A 017B 017C 0000 0000 0243 0000 0000 0000 0000 0000 0000 0000 0000 0000 0000 0000 0000 0000 0000 0000 0000
0195 0196 0197 0198 0199 0000 0000 0000 0000 0000 0000 0000 0000 0000 0000 0263 0264 0265 0000 0000 0000 0227 0228 0000 0000 0000 0000 0000 0000 0000 0000 0000
01B5 01B6 01B7 01B8 01B9 0000 0000 0000 0000 0000 0000 022D 022E 0000 0000 0000 0000 0000 0000 0000 0246 0247 0248 0000 0000 0000 0000 0000 0000 0000 0000 0000
01D5 01D6 01D7 01D8 01D9 0000 022F 0230 0231 0000 024C 024D 024E 0000 0232 0000 0000 0000 0233 0000 0000 0000 0000 0269 026A 026B 0000 0000 0000 0000 0000 0000
01F5 01F6 01F7 01F8 01F9 0000 024F 0250 0251 0000 0000 0000 0000 0000 0252 0000 0000 0000 0253 0000 0000 0000 0000 0289 028A 028B 0000 0000 0000 0000 0000 0000
0215 0216 0217 0218 0219 0000 0000 0000 0000 0000 0000 0235 0236 0000 0000 0000 0000 0000 0000 0000 0000 02A7 02A8 0000 0000 0000 0000 0000 0000 0000 0000 0000
0000 0000 0000 0000 0000 0000 0000 0000 0000 0000 0254 0255 0256 0000 0000 0000 0000 0000 0000 0000 02C6 02C7 02C8 0000 0000 0000 0000 0000 0000 0000 0000 0000
0000 0000 0000 0000 0000 0000 0000 0000 0000 0000 0000 0000 0000 0000 0000 0000 0000 0000 0000 0000 0000 0000 0000 0000 0000 0000 0000 0000 0000 0000 0000 0000
0000 0000 0000 0000 0000 0000 0000 0000 0000 0000 0000 0000 0238 0239 0000 0000 023B 023C 0000 0000 0000 023E 023F 0000 0000 0000 0000 0000 0000 02E1 02E2 02E3
02E4 0000 0000 0000 0000 0000 0000 0000 0000 0000 0000 0257 0258 0259 0000 025A 025B 025C 0000 0000 025D 025E 025F 0000 0000 0000 0000 0000 0300 0301 0302 0303
0304 0000 0000 0000 0000 0000 0000 0000 0000 0000 0000 0000 0000 0000 0000 0000 0000 0000 0000 0000 0000 0000 0000 0000 0000 0000 0000 0000 0320 0321 0322 0323
0324 0000 0000 0000 0000 0000 0000 0000 0000 0000 0000 0000 0000 0000 0000 0000 0000 0000 0000 0000 0000 0000 0000 0000 0000 0000 0000 0000 0340 0341 0342 0343
0344 0000 0000 0000 0000 0000 0000 0000 0000 0000 0000 0000 0000 0000 0000 0000 0000 0000 0000 0000 0000 0000 0000 0000 0000 0000 0000 0000 0360 0361 0362 0363
0364 0365 0366 0000 0000 0000 0000 0000 0000 0000 0000 0000 0000 0000 0000 02E7 02E8 02E9 0000 0000 0000 0000 0000 0000 0000 0000 0000 0000 0380 0381 0382 0383
0384 0385 0386 0000 0000 0000 0000 0000 0000 0000 0000 0000 0000 0000 0000 0307 0308 0309 0000 0000 0000 0000 0000 0000 0000 0000 0000 0000 03A0 03A1 03A2 03A3
