ATARI GAUNTLET MOTION OBJECT 16X16 TILEMAP
SOURCE: level-034.png
GRID: 32 X 32
TILE_SIZE: 16 X 16
ATLAS_TILES: 800
UNIQUE_PIXEL_TILES: 125
CONNECTED_OBJECT_GROUPS: 20

0020 0021 0022 0000 0000 0000 0027 0028 0029 002A 0000 0000 0000 0000 0000 0000 0000 0000 0000 0000 0000 0000 0000 0000 0000 0000 0000 0000 0000 0000 0000 0000
0040 0041 0042 0000 0000 0000 0047 0048 0049 004A 004B 0000 0000 0000 0000 0000 0000 0035 0036 0037 0000 0000 0000 0000 0000 0000 0000 0000 0000 0000 0000 0000
0000 0061 0000 0000 0000 0000 0067 0068 0069 006A 006B 0000 0000 0000 0000 0000 0000 0055 0056 0057 0000 0000 0000 0000 0000 0000 0000 0000 0000 0000 0038 0000
0080 0000 0000 0000 0000 0000 0000 0000 0000 008A 008B 008C 008D 008E 0000 0000 0000 0000 0000 0000 0000 0000 0000 0000 0000 003A 003B 003C 003D 0000 0058 0059
00A0 00A1 00A2 0000 0000 0000 0000 0000 0000 00AA 00AB 00AC 00AD 00AE 00AF 00B0 00B1 00B2 0000 0000 0000 0000 0000 0000 0000 005A 005B 005C 005D 0000 0078 0079
00C0 00C1 00C2 0000 0000 0000 0000 0000 0000 00CA 00CB 00CC 00CD 00CE 00CF 0000 0000 0000 0000 0000 0000 0000 0000 0000 0000 0000 0000 0000 0000 0000 0000 0099
0000 00E1 00E2 00E3 00E4 00E5 00E6 0000 0000 0000 0000 0000 0000 0000 0000 00F0 00F1 00F2 00F3 00F4 0000 0000 0000 0000 0000 0000 0000 0000 0000 0000 0000 0000
0000 0101 0102 0000 0000 0105 0106 0000 0000 0000 0000 0000 0000 0000 0000 0110 0111 0112 0113 0114 0000 0000 0000 0000 0000 0000 0000 0000 0000 0000 0000 003E
0000 0121 0122 0000 0000 0000 0000 0000 0000 0000 0000 0000 0000 0000 0000 0000 0000 0000 0000 0000 0000 0000 0000 0000 0000 0000 0000 0000 0000 0000 0000 0000
0000 0141 0142 0000 0000 0000 0000 0000 0000 0000 0000 0000 0000 0000 0000 0000 0000 0000 0000 0000 0000 0000 0000 0000 0000 0000 0000 0000 0000 0000 0000 0000
0000 0161 0162 0000 0000 0000 0000 0000 0000 0000 0000 0000 0000 0000 0000 0000 0000 0000 0000 0000 0000 0000 0000 0000 0000 0000 0000 0000 0000 0000 0000 0000
0000 0181 0182 0000 0000 0000 0000 0000 0000 0000 0000 0000 0000 0000 0000 0000 0000 0000 0000 0000 0000 0000 0000 0000 0000 0000 0000 0000 0000 0000 0000 0000
0000 0000 0000 0000 0000 0000 0000 0000 0000 0000 0000 0000 0000 0000 0000 0000 0000 0000 0000 0000 0000 0000 0000 0000 01A0 01A1 01A2 0000 0000 0000 0000 0000
0000 0000 0000 0000 0000 0000 0000 0000 0000 0000 0000 0000 0000 0000 0000 0000 0000 0000 0000 0000 0000 0000 0000 0000 01C0 01C1 01C2 0000 0000 0000 0000 01A3
0000 0000 0000 0000 0000 0000 0000 0000 0000 0000 01A4 01A5 01A6 0000 0000 0000 0000 0000 0000 0000 0000 0000 0000 0000 0000 0000 0000 0000 0000 0000 0000 0000
0000 0000 0000 0000 0000 0000 0000 0000 0000 0000 01C4 01C5 01C6 0000 0000 0000 0000 0000 0000 0000 0000 0000 0000 0000 0000 0000 0000 0000 0000 0000 0000 0000
0000 0000 0000 0000 0000 0000 0000 0000 0000 0000 0000 0000 0000 0000 0000 0000 0000 0000 0000 0000 01A7 01A8 01A9 0000 0000 0000 0000 0000 0000 0000 0000 0000
0000 0000 0000 0000 0000 0000 0000 0000 0000 0000 0000 0000 0000 0000 0000 0000 0000 0000 0000 0000 01C7 01C8 01C9 0000 0000 0000 0000 0000 0000 0000 0000 0000
0000 0000 0000 0000 0000 0000 0000 0000 0000 0000 0000 0000 0000 0000 0000 0000 0000 0000 0000 0000 0000 0000 0000 0000 0000 0000 0000 0000 0000 0000 0000 0000
0000 0000 0000 0000 0000 0000 0000 0000 0000 0000 0000 0000 0000 0000 0000 0000 0000 0000 0000 0000 0000 0000 0000 0000 0000 0000 0000 01AA 01AB 01AC 0000 0000
0000 0000 0000 0000 0000 0000 0000 0000 0000 0000 0000 0000 0000 0000 0000 0000 0000 0000 0000 0000 0000 0000 0000 0000 0000 0000 0000 01CA 01CB 01CC 0000 0000
0000 01AD 01AE 01AF 0000 0000 0000 0000 01B0 01B1 01B2 0000 0000 0000 0000 0000 0000 0000 0000 0000 0000 0000 0000 0000 0000 0000 0000 0000 0000 0000 0000 0000
0000 01CD 01CE 01CF 0000 0000 0000 0000 01D0 01D1 01D2 0000 0000 0000 0000 0000 0000 0000 0000 0000 0000 0000 0000 0000 0000 0000 0000 0000 0000 0000 0000 0000
0000 0000 0000 0000 0000 0000 0000 0000 0000 0000 0000 0000 0000 0000 0000 0000 0000 01B3 0000 0000 0000 0000 0000 0000 0000 0000 0000 0000 0000 0000 0000 0000
0000 0000 0000 0000 0000 0000 0000 0000 0000 0000 0000 0000 0000 0000 0000 0000 0000 01D3 0000 0000 0000 0000 0000 0000 0000 0000 0000 0000 0000 0000 0000 01B4
0000 01B6 0000 0000 0000 0000 0000 0000 0000 0000 0000 0000 0000 0000 0000 0000 0000 01F3 0000 0000 0000 0000 0000 0000 0000 0000 0000 0000 0000 0000 0000 0000
01D5 0000 0000 0000 0000 0000 0000 0000 0000 0000 0000 01BB 01BC 01BD 0000 0000 0000 0000 0000 0280 0281 0282 0283 0284 0000 0000 0285 0286 0287 0288 0289 028A
0000 01F6 01F7 0000 0000 0000 0000 0000 0000 0000 0000 01DB 01DC 01DD 0000 0000 0000 0000 0000 02A0 02A1 02A2 02A3 02A4 0000 0000 02A5 02A6 02A7 02A8 02A9 02AA
0215 0216 0217 0000 0000 0000 0000 0000 0000 0000 0000 01FB 01FC 01FD 0000 0000 0000 0000 0000 0000 0000 02C2 02C3 02C4 0000 0000 0000 0000 02C7 02C8 02C9 02CA
0235 0236 0237 0238 0239 023A 0000 0000 0000 0000 0000 0000 0000 0000 0000 0000 028B 028C 028D 0000 0000 0000 0000 0000 0000 0000 0000 0000 0000 0000 02E9 02EA
0255 0256 0257 0000 0000 0000 0000 0000 0000 0000 0000 0000 0000 0000 0000 0000 02AB 02AC 02AD 0000 0000 0000 0000 0000 0000 0000 0000 0000 0000 0000 0309 030A
0275 0276 0277 0000 0000 0000 0000 0000 0000 0000 0000 0000 0000 0000 0000 0000 02CB 02CC 02CD 0000 0000 0000 0000 0000 0000 0000 0000 0000 0000 0000 0000 0000
