ATARI GAUNTLET MOTION OBJECT 16X16 TILEMAP
SOURCE: level-100.png
GRID: 32 X 32
TILE_SIZE: 16 X 16
ATLAS_TILES: 1632
UNIQUE_PIXEL_TILES: 72
CONNECTED_OBJECT_GROUPS: 31

0000 0000 0000 0000 0000 0000 0000 0000 0000 0000 0000 0000 0000 0000 0000 0000 0000 0000 0000 0000 0000 0000 0000 0000 0000 0000 0000 0000 0000 0000 0020 0000
0000 0023 0000 0025 0026 0027 0000 0028 0029 002A 002B 002C 002D 0000 002E 002F 0030 0031 0000 0000 0000 0000 0000 0000 0000 0000 0000 0000 0032 0000 0040 0041
0042 0043 0044 0045 0046 0047 0000 0048 0049 004A 004B 004C 004D 0000 004E 004F 0050 0051 0000 0000 0000 0000 0000 0000 0000 0000 0000 0000 0052 0000 0060 0000
0062 0063 0064 0000 0000 0000 0000 0000 0000 0000 0000 0000 0000 0000 0000 0000 0000 0000 0000 0000 0000 0000 0000 0000 0000 0000 0000 0000 0000 0000 0080 0000
0082 0083 0084 0000 0000 0000 0000 0000 0000 0000 0000 0000 0000 0000 0000 0000 0000 0000 0000 0000 0000 0000 0000 0000 0000 0000 0000 0000 0000 0000 00A0 0000
00A2 00A3 00A4 00A5 00A6 00A7 0000 0000 0000 0000 0033 0034 0035 0000 0036 0037 0038 0039 0000 0000 0000 0000 0000 0000 0000 0000 0000 0000 003A 0000 00C0 0000
00C2 00C3 00C4 00C5 00C6 00C7 0000 0000 0000 0000 0053 0054 0055 0000 0056 0057 0058 0059 0000 0000 0000 0000 0000 0000 0000 0000 0000 0000 005A 0000 00E0 0000
00E2 00E3 00E4 0000 0000 0000 0000 0000 0000 0000 0000 0000 0000 0000 0000 0000 0000 0000 0000 0000 0000 0000 0000 0000 0000 0000 0000 0000 0000 0000 0100 0000
0102 0103 0104 0000 0000 0000 0000 0000 0000 0000 0000 0000 0000 0000 0000 0000 0000 0000 0000 0000 0000 0000 0000 0000 0000 0000 0000 0000 0000 0000 0120 0000
0122 0123 0124 0125 0126 0127 0000 0420 0421 0422 0423 0424 0425 0000 0426 0427 0428 0429 0000 0000 042A 042B 042C 0000 0000 0000 0000 0000 042D 0000 0140 0000
0142 0143 0144 0145 0146 0147 0000 0440 0441 0442 0443 0444 0445 0000 0446 0447 0448 0449 0000 0000 044A 044B 044C 0000 0000 0000 0000 0000 044D 0000 0160 0000
0162 0163 0164 0000 0000 0000 0000 0000 0000 0000 0000 0000 0000 0000 0000 0000 0000 0000 0000 0000 0000 0000 0000 0000 0000 0000 0000 0000 0000 0000 0180 0000
0000 0000 0000 0000 0000 0000 0000 0000 0000 0000 0000 0000 0000 0000 0000 0000 0000 0000 0000 0000 0000 0000 0000 0000 0000 0000 0000 0000 0000 0000 01A0 0000
0000 0000 0000 042E 042F 0430 0000 0000 0000 0000 0431 0432 0433 0000 0434 0435 0436 0437 0000 0000 0000 0000 0000 0000 0000 0000 0000 0000 0438 0000 01C0 0000
0000 0000 0000 044E 044F 0450 0000 0000 0000 0000 0451 0452 0453 0000 0454 0455 0456 0457 0000 0000 0000 0000 0000 0000 0000 0000 0000 0000 0458 0000 01E0 0000
0000 043A 0000 0000 0000 0000 0000 0000 0000 0000 0000 0000 0000 0000 0000 0000 0000 0000 0000 0000 0000 0000 0000 0000 0000 0000 0000 0000 0000 0000 0200 0000
0459 045A 045B 0000 0000 0000 0000 0000 0000 0000 0000 0000 0000 0000 0000 0000 0000 0000 0000 0000 0000 0000 0000 0000 0000 0000 0000 0000 0000 0000 0220 0221
0479 047A 047B 047C 047D 047E 0000 0000 04C0 04C1 04C2 04C3 04C4 0000 04C5 04C6 04C7 04C8 0000 0000 0000 0000 0000 0000 0000 0000 0000 0000 04C9 0000 0240 0000
0499 049A 049B 049C 049D 049E 0000 0000 04E0 04E1 04E2 04E3 04E4 0000 04E5 04E6 04E7 04E8 0000 0000 0000 0000 0000 0000 0000 0000 0000 0000 04E9 0000 0260 0000
04B9 04BA 04BB 0000 0000 0000 0000 0000 0000 0000 0000 0000 0000 0000 0000 0000 0000 0000 0000 0000 0000 0000 0000 0000 0000 0000 0000 0000 0000 0000 0280 0000
0000 0000 0000 0000 0000 0000 0000 0000 0000 0000 0000 0000 0000 0000 0000 0000 0000 0000 0000 0000 0000 0000 0000 0000 0000 0000 0000 0000 0000 0000 02A0 0000
0000 0000 0000 04CD 04CE 04CF 0000 0000 0000 0000 04D0 04D1 04D2 0000 04D3 04D4 04D5 04D6 0000 0000 0000 0000 0000 0000 0000 0000 0000 0000 04D7 0000 02C0 0000
04EA 04EB 04EC 04ED 04EE 04EF 0000 0000 0000 0000 04F0 04F1 04F2 0000 04F3 04F4 04F5 04F6 0000 0000 0000 0000 0000 0000 0000 0000 0000 0000 04F7 0000 02E0 0000
050A 050B 050C 0000 0000 0000 0000 0000 0000 0000 0000 0000 0000 0000 0000 0000 0000 0000 0000 0000 0000 0000 0000 0000 0000 0000 0000 0000 0000 0000 0300 0000
052A 052B 052C 0000 0000 0000 0000 0000 0000 0000 0000 0000 0000 0000 0000 0000 0000 0000 0000 0000 0000 0000 0000 0000 0000 0000 0000 0000 0000 0000 0320 0000
054A 054B 054C 054D 054E 054F 0000 0000 0000 0000 04D8 04D9 04DA 0000 04DB 04DC 04DD 04DE 0000 0000 0000 0000 0000 0000 0000 0000 0000 0000 04DF 0000 0340 0000
056A 056B 056C 056D 056E 056F 0000 0000 0000 0000 04F8 04F9 04FA 0000 04FB 04FC 04FD 04FE 0000 0000 0000 0000 0000 0000 0000 0000 0000 0000 04FF 0000 0360 0000
058A 058B 058C 0000 0000 0000 0000 0000 0000 0000 0000 0000 0000 0000 0000 0000 0000 0000 0000 0000 0000 0000 0000 0000 0000 0000 0000 0000 0000 0000 0380 0000
05AA 05AB 05AC 0000 0000 0000 0000 0000 0000 0000 0000 0000 0000 0000 0000 0000 0000 0000 0000 0000 0000 0000 0000 0000 0000 0000 0000 0000 0000 0000 03A0 0000
05CA 05CB 05CC 05CD 05CE 05CF 0000 0000 0620 0621 0622 0623 0624 0000 0625 0626 0627 0628 0000 0000 0629 062A 062B 0000 0000 0000 0000 0000 062C 0000 03C0 0000
05EA 05EB 05EC 05ED 05EE 05EF 0000 0000 0640 0641 0642 0643 0644 0000 0645 0646 0647 0648 0000 0000 0649 064A 064B 0000 0000 0000 0000 0000 064C 0000 03E0 0000
060A 060B 060C 0000 0000 0000 0000 0000 0000 0000 0000 0000 0000 0000 0000 0000 0000 0000 0000 0000 0000 0000 0000 0000 0000 0000 0000 0000 0000 0000 0400 0000
