ATARI GAUNTLET MOTION OBJECT 16X16 TILEMAP
SOURCE: level-046.png
GRID: 32 X 32
TILE_SIZE: 16 X 16
ATLAS_TILES: 1088
UNIQUE_PIXEL_TILES: 132
CONNECTED_OBJECT_GROUPS: 22

0020 0021 0022 0000 0000 0000 0000 0025 0026 0027 0028 0029 0000 0000 0000 0000 0000 002A 002B 002C 0000 0000 0000 0030 0031 0032 0000 0000 0000 0000 0033 0034
0040 0041 0042 0000 0000 0000 0000 0045 0046 0047 0048 0049 0000 0000 0000 0000 0000 004A 004B 004C 004D 004E 0000 0050 0051 0052 0000 0000 0000 0000 0053 0054
0000 0000 0062 0063 0064 0000 0000 0000 0000 0067 0068 0069 0000 0000 0000 0000 0000 0000 0000 006C 006D 006E 006F 0070 0071 0000 0000 0000 0000 0000 0000 0000
0000 0000 0082 0083 0084 0000 0000 0000 0000 0000 0000 0000 0000 0000 0000 0000 0000 0000 0000 0000 008D 0000 008F 0090 0091 0000 0000 0035 0036 0037 0000 0000
0000 0000 0000 0000 0000 0000 0000 0000 0000 0000 0000 0000 0000 0000 0000 0000 0000 0000 0000 0000 0000 0000 0000 0000 0000 0000 0000 0055 0056 0057 0000 0000
0000 0000 0000 0000 0000 0000 0000 0000 0000 0000 0000 0000 0000 0000 003E 0000 0000 0000 0000 0000 0000 0000 0000 0000 0000 0000 0000 0000 0000 0000 0000 0000
0120 0000 0000 0000 0000 0000 0000 0000 0000 0000 0000 0000 0000 005D 005E 005F 0000 0000 0000 0000 0000 0129 012A 012B 0000 0000 0000 0000 0000 0000 012C 012D
0140 0000 0000 0000 0000 0000 0000 0000 0000 0000 0000 0000 007C 007D 007E 007F 0000 0000 0000 0147 0148 0149 014A 014B 0000 0000 0000 0000 0000 0000 014C 014D
0160 0161 0162 0000 0000 0000 0000 0000 0000 0000 0000 009B 009C 009D 0000 0000 0000 0000 0000 0167 0168 0169 0000 0000 0000 0000 0000 0000 0000 0000 016C 016D
0180 0181 0182 0000 0000 0000 0000 0000 0000 0000 0000 00BB 00BC 00BD 0000 0000 0000 0000 0000 0187 0188 0189 0000 0000 0000 0000 0000 0000 0000 0000 018C 018D
0000 0000 0000 01A3 01A4 01A5 0000 0000 0000 0000 00DA 00DB 00DC 0000 0000 012F 0000 0000 0000 01A7 01A8 01A9 0000 0000 0000 0000 0000 0000 0000 0000 0000 0000
0000 0000 01C2 01C3 01C4 01C5 01C6 0000 00F8 00F9 00FA 00FB 00FC 0000 0000 014F 0000 0000 0000 0000 0000 0000 0000 0000 0158 0159 015A 0000 0000 013C 013D 0000
0000 0000 01E2 01E3 01E4 01E5 01E6 0000 0118 0119 011A 0000 0000 0000 0000 0000 0170 0171 0172 0000 0000 0000 0000 0000 0178 0179 017A 0000 015B 015C 015D 0000
013F 0000 0202 0203 0204 0000 0000 0000 0000 0000 0000 0000 0285 0286 0287 0000 0190 0191 0192 0193 0194 0195 0196 0197 0000 0000 0000 0000 0000 0000 017D 017E
015F 0000 0222 0223 0224 0000 0000 0000 0000 0000 0000 02A4 02A5 02A6 02A7 0000 0000 0000 01B2 01B3 01B4 01B5 01B6 01B7 0000 0000 0000 0000 0000 0000 019D 019E
0000 0000 0000 0000 0000 0000 0000 0000 02C1 02C2 02C3 0000 0000 0000 0000 0000 0000 0000 0000 0000 0000 0000 0000 01D7 01D8 0000 0000 0000 0000 0000 0000 01BE
0000 0000 028A 028B 0000 0000 0000 0000 02E1 02E2 02E3 0000 0000 0000 0000 0000 01F0 0000 0000 0000 0000 0000 01F6 01F7 01F8 0000 0000 0000 0000 0000 0000 01DE
02A8 02A9 02AA 02AB 0000 0000 0000 0300 0301 0302 0000 0000 0000 0000 020E 020F 0210 0211 0212 0000 0214 0215 0216 0000 0000 0000 0000 0000 0000 0000 01FD 01FE
02C8 02C9 02CA 0000 0000 0000 0000 0320 0321 0322 0000 0000 0000 0000 022E 022F 0230 0231 0232 0233 0234 0235 0236 0000 0000 0000 0000 0000 0000 0000 021D 021E
02E8 02E9 02EA 0000 0000 0000 0000 0000 0000 0000 0343 0344 0345 0000 0000 024F 0250 0251 0252 0253 0254 0000 0000 0000 0000 0000 0000 0000 0000 0000 023D 023E
0308 0309 030A 0000 0000 0000 0000 0000 0000 0000 0363 0364 0365 0000 0000 026F 0270 0271 0000 0000 0000 0000 0000 0000 0000 0000 0000 0000 0000 0000 025D 025E
0328 0329 032A 0000 0000 0000 0000 0000 0000 0000 0000 0000 0000 0000 0000 0000 0000 0000 0000 0000 0000 0000 0000 0000 0000 0000 028D 028E 028F 0000 0000 0000
0348 0349 034A 0000 0000 0000 0000 0000 0000 0000 0000 0000 0000 0000 0000 0000 0000 0000 0000 0000 0000 0000 0000 0000 0000 02AC 02AD 02AE 02AF 0000 0000 0000
0368 0369 036A 0000 0000 0000 0000 0000 0000 0000 0000 0000 0000 0000 0000 0000 0000 0000 0294 0295 0296 0000 0000 0000 0000 0000 0000 0000 0000 0000 0000 0000
0388 0389 038A 0000 0000 0000 0000 0000 0000 0000 0000 0000 0000 0000 0000 0000 0000 0000 02B4 02B5 02B6 0000 0000 0000 0000 0000 0000 0000 0000 0000 0000 0000
03A8 0000 0000 0000 0000 0000 0000 0000 0000 0000 0000 0000 0000 0000 02D0 02D1 02D2 02D3 02D4 0000 0000 02D7 02D8 0000 0000 0000 0000 0000 0000 0000 029D 029E
03C8 0000 0000 0000 0000 0000 0000 0000 0000 0000 0000 0000 0000 0000 02F0 02F1 02F2 02F3 02F4 0000 02F6 02F7 02F8 02F9 0000 0000 0000 0000 0000 0000 02BD 02BE
03E8 0000 0400 0401 0402 0000 0000 0000 0000 0000 0000 0000 0000 0000 0000 0000 0000 0000 0000 0000 0000 0317 0318 0319 0000 0000 0000 02DA 02DB 02DC 02DD 02DE
0000 0000 0420 0421 0422 0000 0000 0000 0000 0000 0000 0000 0000 0000 0000 0000 0000 0000 0000 0000 0000 0000 0000 0000 0000 0000 0000 02FA 02FB 02FC 0000 0000
0000 0000 0000 0000 0000 0000 0000 0000 0000 0000 0000 0000 0000 0000 0000 0000 0000 0000 0000 0000 0000 0000 0000 0000 0000 0000 0000 0000 0000 0000 0000 0000
0403 0404 0405 0000 0000 0000 0000 0000 0000 0406 0407 0408 0409 040A 040B 040C 040D 040E 040F 0410 0411 0412 0413 0414 0000 0415 0416 0417 0000 0000 0418 0419
0423 0424 0425 0000 0000 0000 0000 0000 0000 0426 0427 0428 0429 042A 042B 042C 042D 042E 042F 0430 0431 0432 0433 0434 0000 0435 0436 0437 0000 0000 0438 0439
