ATARI GAUNTLET MOTION OBJECT 16X16 TILEMAP
SOURCE: level-054.png
GRID: 32 X 32
TILE_SIZE: 16 X 16
ATLAS_TILES: 1600
UNIQUE_PIXEL_TILES: 180
CONNECTED_OBJECT_GROUPS: 19

0020 0021 0022 0000 0000 0000 0000 0000 0000 0000 0000 0000 0000 0000 0023 0024 0025 0000 0000 0000 0000 0000 0000 0000 0000 0000 0027 0028 0029 002A 002B 002C
0040 0041 0042 0000 0000 0000 0030 0031 0032 0000 0000 0000 0000 0000 0043 0044 0045 0000 0000 0000 0000 0000 0000 0000 0000 0046 0047 0048 0049 004A 004B 004C
0060 0000 0000 0000 0000 0000 0050 0051 0052 0000 0000 0000 0000 0000 0000 0000 0000 0000 0000 0000 0000 0000 0000 0000 0000 0000 0000 0000 0000 006A 006B 006C
0000 0000 0000 006D 006E 006F 0000 0000 0000 0000 0000 0000 0000 0000 0000 0000 0000 0000 0000 0000 0000 0000 0000 003C 003D 0000 0000 0000 0000 0000 008B 008C
0000 0000 0000 008D 008E 008F 0000 0000 0000 0140 0141 0142 0000 0000 0000 0054 0055 0056 0057 0000 0000 0000 005B 005C 005D 0000 0000 0000 0000 0000 0000 00AC
0143 0000 0000 0000 0000 0000 0000 0000 0000 0160 0161 0162 0000 0000 0073 0074 0075 0076 0077 0078 0079 007A 007B 007C 0000 0000 0000 0000 0000 0000 0000 00CC
0163 0000 0000 0000 0000 0000 0000 0000 0000 0000 0000 0000 0000 0000 0093 0094 0095 0096 0097 0098 0099 0000 009B 0000 0000 0000 0000 0000 0000 0000 00EB 00EC
0183 0000 0000 0000 0000 0000 0000 0000 0000 0000 0000 0000 0000 0000 00B3 00B4 00B5 00B6 00B7 00B8 0000 0000 00BB 0000 0149 014A 014B 0000 0000 0000 010B 010C
01A3 0000 0000 01A6 01A7 01A8 0000 0000 0000 0000 0000 0000 0000 0000 0000 0000 0000 00D6 00D7 00D8 00D9 00DA 0000 0000 0169 016A 016B 0000 0000 0000 012B 012C
01C3 01C4 01C5 01C6 01C7 01C8 0000 0000 0000 0000 0000 0000 0000 0000 0000 0000 0000 00F6 00F7 00F8 00F9 00FA 0000 0000 0189 0000 0000 0000 0000 0000 0000 0000
01E3 01E4 01E5 0000 0000 0000 0000 0000 0000 0000 0000 0000 0000 0000 0000 0000 0000 0000 0000 0000 0000 0000 0000 0000 0000 0000 014C 0000 0000 0000 0000 0000
0203 0204 0205 0206 0000 0000 0000 0000 014D 014E 014F 0000 0000 0000 0000 0000 0000 0000 0000 028B 028C 0000 0000 028F 0000 0000 016C 0000 0000 0000 0000 0000
0223 0224 0225 0226 0000 0000 0000 0000 016D 016E 016F 0000 0000 0000 0000 0000 0000 0000 02AA 02AB 02AC 02AD 0000 02AF 0000 0000 0000 0000 02B4 0000 0000 0000
0243 0244 0000 0000 0000 0000 0000 0000 0000 0000 0000 0000 0000 0000 0000 0000 0000 0000 0000 02CB 02CC 02CD 02CE 0000 02D0 02D1 0000 0000 02D4 0000 0295 0296
0263 0000 0000 0000 0000 0000 0000 0000 0000 0000 0000 0000 0000 0000 0000 0000 0000 0000 0000 0000 02EC 02ED 02EE 02EF 02F0 02F1 0000 02F3 02F4 0000 02B5 02B6
0000 0000 0000 0000 0000 0000 0000 0000 0000 0000 0000 0000 0000 0000 0000 0000 0000 0000 0000 0000 0000 030D 030E 030F 0310 0000 0312 0313 0314 0000 02D5 0000
0000 0298 0000 0000 0000 0000 0000 0000 0000 0000 0000 0000 0000 0000 0000 0000 029A 0000 0000 0000 0000 0000 032E 032F 0330 0331 0000 0000 0000 0000 0000 0000
02B7 02B8 02B9 0000 0000 0000 0000 0000 029B 029C 029D 0000 0000 0000 0000 0000 0000 0000 0000 0000 0000 0000 0000 034F 0350 0351 0000 0000 0000 0000 0000 0000
02D7 02D8 02D9 0000 0000 0000 0000 0000 02BB 02BC 02BD 0000 0000 0000 0000 0000 0000 0000 0000 0000 0000 0000 036E 036F 0370 0000 0000 0521 0522 0000 0523 0000
02F7 02F8 02F9 0000 0000 0000 0000 0000 0000 0000 0000 0000 0000 0000 0000 0000 0000 0000 038A 038B 038C 038D 038E 038F 0390 0000 0540 0541 0542 0000 0543 0544
0317 0318 0319 0000 0000 0000 0000 0000 0000 0000 0000 0000 0000 0000 0000 0000 0000 0000 03AA 03AB 03AC 03AD 03AE 0000 0000 0000 0000 0000 0000 0000 0563 0564
0337 0338 0339 0000 0000 0000 0000 0000 0000 0000 0000 0000 0000 0000 0000 0000 0000 0000 0000 03CB 03CC 03CD 0000 0000 03D0 03D1 0000 03D3 0000 0000 0000 0000
0000 0000 0000 0000 0000 0000 0000 0000 0000 0000 0000 0000 0000 0000 0000 0000 0000 03E9 03EA 03EB 03EC 0000 03EE 03EF 03F0 03F1 0000 03F3 0000 0000 0000 0000
0000 0526 0527 0528 0529 052A 052B 0000 0000 0401 0402 0403 0000 0000 0000 0000 0000 0409 040A 040B 0000 0000 040E 0000 0000 0000 0412 0413 0414 0000 0000 0000
0545 0546 0547 0548 0549 054A 054B 0000 0000 0421 0422 0423 0000 0425 0000 0427 0428 0429 042A 0000 0000 0000 0000 0000 0430 0000 0432 0433 0434 0000 0532 0533
0565 0000 0000 0000 0569 056A 056B 0000 0440 0441 0442 0443 0444 0445 0446 0447 0448 0449 044A 044B 044C 044D 044E 0000 0450 0000 0000 0000 0000 0000 0552 0553
0585 0000 0000 0000 0589 058A 058B 0000 0460 0461 0462 0000 0000 0000 0466 0467 0468 0469 046A 046B 046C 046D 046E 046F 0000 0000 0000 0000 0000 0000 0000 0573
05A5 0000 0000 0000 0000 0000 0000 0000 0000 0000 0000 0000 0000 0000 0486 0487 0488 0489 048A 0000 0000 048D 048E 048F 0000 0000 0000 0000 0000 0000 0592 0593
05C5 0000 0000 0000 0000 0000 0000 0000 0000 0000 0000 04A3 04A4 04A5 0000 0000 0000 0000 0000 0000 0000 0000 0000 0000 0000 0000 0000 0000 0000 0000 0000 05B3
05E5 0000 0000 0000 0000 0000 0000 0000 0000 0000 0000 04C3 04C4 04C5 0000 0000 0000 0000 0000 0000 0000 0000 0000 0000 0000 0000 0000 0000 0000 0000 05D2 05D3
0605 0000 0000 0000 0000 0000 0000 0000 0000 04E1 04E2 04E3 04E4 04E5 04E6 04E7 04E8 0000 0000 0000 0000 0000 0000 0000 05EC 05ED 05EE 05EF 05F0 05F1 05F2 05F3
0625 0000 0000 0000 0000 0000 0000 0000 0000 0501 0502 0503 0000 0505 0506 0507 0508 0000 0000 0000 0000 0000 0000 0000 060C 060D 060E 060F 0610 0611 0612 0613
