ATARI GAUNTLET MOTION OBJECT 16X16 TILEMAP
SOURCE: level-017.png
GRID: 32 X 32
TILE_SIZE: 16 X 16
ATLAS_TILES: 1408
UNIQUE_PIXEL_TILES: 347
CONNECTED_OBJECT_GROUPS: 4

0020 0000 0022 0023 0024 0025 0000 0000 0000 0029 002A 002B 002C 002D 002E 0000 0000 0000 0000 0000 0000 0000 0000 0000 0000 0000 0422 0423 0424 0425 0426 0427
0040 0041 0042 0043 0044 0045 0000 0000 0000 0049 004A 004B 004C 004D 004E 0000 0000 0000 0000 0000 0000 0000 0000 0000 0440 0441 0442 0443 0444 0445 0446 0447
0000 0000 0062 0063 0064 0065 0000 0000 0000 0069 006A 006B 006C 0000 0000 006F 0070 0071 0000 0000 0000 0000 0000 0000 0460 0461 0462 0463 0000 0000 0000 0000
0080 0081 0082 0083 0084 0000 0000 0087 0000 0000 008A 008B 008C 0000 0000 008F 0090 0091 0092 0093 0000 0000 0000 0000 0000 0000 0482 0483 0484 0485 0000 0000
00A0 00A1 00A2 00A3 0000 0000 00A6 00A7 00A8 00A9 0000 0000 0000 0000 0000 00AF 00B0 00B1 0000 0000 00B4 00B5 00B6 0000 0000 0000 04A2 04A3 04A4 04A5 04A6 04A7
0000 0000 0000 0000 00C4 00C5 00C6 00C7 00C8 00C9 00CA 00CB 00CC 00CD 0000 00CF 00D0 00D1 00D2 00D3 00D4 00D5 00D6 0000 0428 0000 0000 04C3 04C4 04C5 04C6 04C7
0000 00E1 00E2 00E3 00E4 00E5 00E6 00E7 00E8 00E9 00EA 00EB 00EC 00ED 0000 0000 0000 00F1 00F2 00F3 0000 0000 0000 0000 0000 0000 0000 0000 0000 04E5 04E6 04E7
0100 0101 0102 0103 0000 0000 0000 0107 0108 0109 010A 010B 0000 0000 0000 010F 0110 0111 0112 0113 0114 0115 0116 0117 0118 0119 011A 0000 0000 0505 0506 0507
0120 0121 0122 0123 0000 0000 0126 0000 0128 0129 012A 0000 0000 0000 0000 012F 0130 0131 0132 0133 0134 0135 0136 0137 0138 0139 013A 0000 0000 0525 0526 0527
0140 0141 0142 0143 0000 0000 0000 0000 0000 0000 0000 014B 014C 014D 014E 014F 0150 0151 0152 0153 0154 0155 0156 0157 0158 0159 0000 0000 0000 0545 0546 0547
0160 0161 0162 0163 0164 0000 0000 0000 0000 0000 016A 016B 016C 016D 016E 016F 0170 0171 0172 0173 0000 0175 0176 0177 0178 0000 0000 0000 0000 0565 0566 0567
0180 0181 0182 0183 0184 0185 0186 0000 0000 0189 018A 018B 018C 018D 0000 0000 0000 0000 0000 0000 0000 0000 0196 0197 0198 0199 019A 0000 0000 0000 0000 0000
01A0 01A1 01A2 01A3 01A4 01A5 01A6 01A7 01A8 01A9 01AA 01AB 0000 0000 0000 0000 0000 0000 0000 0000 0000 0000 0000 0000 01B8 01B9 01BA 0000 0000 01BD 01BE 01BF
0000 01C1 01C2 01C3 0000 0000 01C6 01C7 01C8 01C9 01CA 0000 0000 0000 0000 0000 0000 0000 0000 0000 0000 0000 0000 0000 0000 0000 01DA 0000 0000 01DD 01DE 01DF
0000 0000 0000 0000 01E4 01E5 01E6 01E7 01E8 01E9 0000 0000 01EC 01ED 01EE 0000 0000 0000 0000 0000 0000 0000 0000 0000 0000 0000 01FA 01FB 01FC 01FD 01FE 01FF
0000 0000 0000 0000 0204 0205 0206 0207 0208 0000 020A 020B 020C 020D 020E 0000 0000 0000 0000 0000 0000 0000 0000 0000 0000 0000 021A 021B 021C 021D 0000 0000
0000 0221 0222 0000 0000 0000 0000 0000 0000 0000 022A 022B 022C 022D 022E 022F 0000 0000 0000 0000 0000 0000 0000 0000 0000 0000 0000 023B 023C 023D 0000 0000
0240 0241 0242 0243 0244 0245 0000 0000 0000 0000 0000 024B 024C 024D 024E 024F 0250 0000 0000 0000 0000 0000 0000 0000 0258 0259 025A 0000 0000 0000 025E 025F
0260 0000 0262 0263 0264 0265 0266 0000 0268 0269 026A 0000 0000 0000 026E 026F 0270 0000 0000 0000 0000 0000 0000 0000 0278 0279 027A 027B 0000 0000 027E 027F
0280 0000 0000 0000 0000 0000 0000 0000 0288 0289 028A 0000 0000 0000 028E 028F 0290 0000 0000 0000 0000 0000 0000 0297 0298 0299 029A 029B 0000 0000 029E 029F
02A0 02A1 02A2 0000 0000 0000 0000 0000 0000 0000 02AA 02AB 02AC 0000 02AE 02AF 0000 0000 0000 0000 0000 0000 0000 02B7 02B8 02B9 02BA 02BB 0000 0000 02BE 02BF
02C0 02C1 02C2 0000 0000 0000 0000 0000 02C8 02C9 02CA 02CB 02CC 02CD 02CE 02CF 02D0 02D1 0000 0000 0000 0000 0000 0000 0000 0000 02DA 02DB 02DC 02DD 02DE 02DF
02E0 02E1 02E2 02E3 02E4 02E5 02E6 0000 02E8 02E9 02EA 02EB 02EC 02ED 0000 02EF 02F0 02F1 0000 0000 0000 0000 0000 0000 0000 02F9 02FA 02FB 02FC 02FD 02FE 02FF
0300 0000 0000 0303 0304 0305 0306 0307 0308 0309 030A 030B 030C 0000 0000 030F 0310 0311 0000 0000 0000 0000 0316 0317 0318 0319 031A 031B 0000 0000 031E 031F
0320 0321 0322 0323 0000 0000 0326 0327 0328 0329 032A 0000 0000 0000 0000 032F 0330 0331 0000 0000 0000 0000 0336 0337 0338 0339 0000 0000 0000 0000 0000 0000
0340 0341 0342 0343 0000 0000 0346 0347 0348 0349 034A 034B 034C 034D 034E 034F 0350 0351 0000 0000 0000 0000 0000 0000 0000 0000 0000 0000 0000 0000 0000 0000
0000 0000 0000 0000 0000 0000 0000 0367 0368 0369 036A 036B 036C 036D 0000 0000 0000 0000 0000 0000 0000 0000 0000 042E 042F 0430 0431 0432 0433 0434 0000 0000
0000 0381 0382 0383 0000 0000 0386 0387 0388 0389 038A 038B 038C 038D 0000 0000 0000 0000 0449 044A 044B 044C 0000 044E 044F 0450 0451 0452 0453 0454 0000 0000
0000 03A1 03A2 03A3 03A4 0000 03A6 03A7 03A8 03A9 03AA 03AB 03AC 0000 0000 0000 0000 0000 0469 046A 046B 046C 046D 046E 046F 0470 0000 0000 0000 0000 0000 0000
0000 0000 03C2 03C3 03C4 03C5 03C6 03C7 03C8 03C9 03CA 03CB 03CC 0000 0000 0000 0000 0000 0000 048A 048B 048C 048D 048E 048F 0000 0000 0000 0000 0000 0000 0000
0000 03E1 03E2 03E3 03E4 03E5 03E6 03E7 0000 0000 0000 0000 0000 0000 0000 0000 0000 0000 0000 0000 0000 0000 04AD 04AE 04AF 04B0 04B1 0000 0000 0000 0000 0000
0000 0401 0402 0403 0404 0405 0406 0407 0000 0000 0000 0000 0000 0000 0000 0000 0000 0000 0000 0000 0000 0000 0000 0000 04CF 04D0 04D1 0000 0000 0000 0000 0000
