ATARI GAUNTLET MOTION OBJECT 16X16 TILEMAP
SOURCE: level-062.png
GRID: 32 X 32
TILE_SIZE: 16 X 16
ATLAS_TILES: 736
UNIQUE_PIXEL_TILES: 117
CONNECTED_OBJECT_GROUPS: 25

0020 0000 0000 0000 0000 0000 0000 0000 0000 0000 0000 0000 0000 0000 0000 0000 0000 0000 0000 0000 0000 0022 0023 0024 0000 0000 0000 0000 0000 0000 0028 0029
0040 0041 0000 0000 0000 0000 0000 0000 0000 0000 0000 0000 0000 0000 0000 0000 0000 0000 0000 0000 0000 0042 0043 0044 0000 0000 0000 0045 0046 0047 0048 0049
0060 0000 0000 0000 0000 0000 0000 0000 0000 0000 0000 0000 0000 002A 002B 002C 002D 0000 0000 0000 0000 0000 0000 0000 0000 0000 0000 0065 0066 0067 0068 0069
0080 0000 0000 0000 0000 0000 0000 0000 0000 0000 0000 0000 0000 004A 004B 004C 004D 004E 004F 0000 0000 0000 0000 0000 0000 0000 0000 0000 0000 0000 0088 0089
0000 0000 0000 0000 0000 0000 0000 0000 0000 0000 0000 0000 0000 0000 0000 0000 006D 006E 006F 0000 0000 0030 0031 0032 0000 0000 0000 0000 0000 0000 0000 0000
0000 0000 0000 0000 0000 0000 0000 0000 0000 0000 0000 0000 0000 0000 0000 0000 0000 0000 0000 0000 0000 0050 0051 0052 0000 0000 0037 0038 0039 0000 0000 0000
0000 0000 0000 0000 0000 0000 0000 0000 0000 0000 0000 0000 0000 0000 0000 0000 0000 0000 0000 0000 0000 0000 0000 0000 0000 0000 0057 0058 0059 0000 0000 0000
0000 0000 0000 0000 0000 0000 0000 0000 0000 0000 0000 0000 0000 0000 0000 0000 0000 0000 0000 0000 0000 0000 0000 0000 0075 0076 0077 0000 0000 0000 0000 0000
0000 0000 0000 0000 0000 0000 0000 0000 0000 0000 0000 0000 0000 0000 0000 0000 0000 0000 0000 0000 0000 0000 0000 0000 0095 0096 0097 0000 0000 0000 0000 0000
0000 0000 0000 0000 0000 0000 0000 0000 0000 0000 0000 0000 0000 0000 0000 0000 0000 0000 0000 0000 0000 0000 00B3 00B4 00B5 0000 0000 0000 0000 0000 0000 0000
0000 0000 0000 0000 0000 0000 0000 0000 0000 0000 0000 0000 0000 0000 0000 0000 0000 0000 0000 0000 0000 0000 00D3 00D4 00D5 0000 0000 0000 0000 0000 0000 0000
0000 0000 0000 0000 0000 0000 0000 0000 0000 0000 0000 0000 0000 0000 0000 0000 0000 0000 0000 0000 0000 0000 0000 0000 0000 0000 0000 0000 003A 003B 003C 0000
0000 0000 0000 0000 0000 0000 0000 0000 0000 0000 0000 0000 0000 0000 0000 0000 0000 0000 0000 0000 0000 0000 0000 0000 0000 0000 0000 0000 005A 005B 005C 0000
003E 0000 0000 0000 0000 0000 0000 0000 0000 0000 0000 0000 0000 0000 0000 0000 0000 0000 0000 0000 0000 0000 0000 0000 003F 0000 0000 0000 0000 0000 007C 007D
005E 0000 0000 00E0 00E1 00E2 0000 0000 0000 0000 0000 0000 0000 00EC 00ED 00EE 0000 0000 0000 0000 0000 0000 0000 0000 005F 0000 0000 00F3 00F4 0000 009C 009D
0000 0000 0000 0100 0101 0102 0000 0000 0000 0000 0000 0000 0000 010C 010D 010E 010F 0110 0111 0000 0000 0000 0000 0000 0000 0000 0112 0113 0114 0000 0000 0000
00F5 0000 0000 0120 0121 0122 0000 0000 0000 0000 0000 0000 0000 0000 012D 012E 012F 0130 0131 0000 0000 0000 0000 0000 0000 0000 0000 0000 0000 0000 00F6 00F7
0115 0000 0000 0140 0141 0142 0143 0144 0145 0000 0000 0000 0000 0000 0000 0000 0000 0000 0000 0000 0000 0000 0000 00F8 00F9 00FA 0000 0000 0000 0000 0116 0117
0000 0000 0000 0160 0161 0162 0163 0164 0165 0166 0167 0168 0000 0000 0000 0000 0000 0000 0000 0000 0000 0000 0000 0118 0119 011A 0000 0000 0000 0000 0000 0000
0000 0000 0000 0000 0000 0000 0000 0000 0000 0186 0187 0188 0000 0000 0000 0000 0000 0000 0000 0000 0000 0000 0000 0000 0000 0000 0000 0000 0000 0000 0000 0000
0000 0000 0000 0000 0000 0000 0000 0000 0000 01A6 01A7 01A8 0000 0000 0000 0000 0000 0000 0000 0000 00FB 00FC 00FD 0000 0000 0000 0000 0000 0000 0000 0000 0000
0240 0000 0000 0000 0000 0000 0000 0000 0000 01C6 01C7 01C8 01C9 01CA 01CB 0000 0000 0000 0000 0000 011B 011C 011D 0000 0000 0000 0247 0248 0249 0000 024A 024B
0260 0261 0262 0000 0264 0265 0266 0000 0000 0000 0000 0000 01E9 01EA 01EB 0000 0000 0000 0000 0000 0000 0000 0000 0000 0000 0000 0267 0268 0269 0000 026A 026B
0280 0281 0282 0000 0284 0285 0286 0000 0000 0000 0207 0208 0209 0000 0000 0000 0000 0000 024C 024D 024E 0000 0000 0000 0000 0000 0000 0000 0000 0000 028A 028B
02A0 0000 02A2 02A3 02A4 0000 0000 0000 0000 0000 0227 0228 0229 0000 024F 0250 0251 0000 026C 026D 026E 0000 0000 0000 0000 0000 0000 0000 0000 0000 02AA 02AB
0000 0000 02C2 02C3 02C4 0000 0000 0000 0000 0000 0000 0000 0000 0000 026F 0270 0271 0000 0000 0000 0000 0000 0000 0000 0000 0000 0000 0000 0000 0000 0000 0000
0000 0000 0000 0000 0000 0000 0000 0000 0000 0000 0000 0000 0000 0000 0000 0000 0000 0000 0000 0000 0000 0000 0000 0000 0000 0000 0000 0000 0000 0000 0000 0000
0000 0000 0000 0000 0000 0000 0000 0000 0000 0000 0000 0000 0000 0000 0000 0000 0000 0000 0252 0253 0254 0000 0000 0000 0000 0255 0256 0257 0000 0000 0000 0000
0000 0000 0000 0258 0259 025A 0000 0000 0000 0000 0000 0000 0000 0000 0000 0000 0000 0000 0272 0273 0274 0000 0000 0000 0000 0275 0276 0277 0000 0000 0000 0000
0000 0000 0000 0278 0279 027A 0000 0000 0000 0000 0000 0000 0000 0000 0000 0000 0000 0000 0000 0000 0000 0000 0000 0000 0000 0000 0000 0000 0000 0000 0000 0000
0000 0000 0000 0000 0000 0000 0000 0000 0000 0000 0000 0000 0000 0000 025B 025C 025D 0000 0000 0000 0000 0000 0000 0000 0000 0000 0000 0000 0000 0000 0000 0000
0000 0000 0000 0000 0000 0000 0000 0000 0000 0000 0000 0000 0000 0000 027B 027C 027D 0000 0000 0000 0000 0000 0000 0000 0000 0000 0000 0000 0000 0000 0000 0000
