ATARI GAUNTLET MOTION OBJECT 16X16 TILEMAP
SOURCE: level-068.png
GRID: 32 X 32
TILE_SIZE: 16 X 16
ATLAS_TILES: 640
UNIQUE_PIXEL_TILES: 106
CONNECTED_OBJECT_GROUPS: 26

0000 0021 0022 0000 0000 0000 0000 0000 0000 0000 0000 0000 0000 0000 0000 0000 0000 0000 0000 0000 0000 0000 0025 0000 0000 0000 0000 0000 0000 0000 0000 0000
0040 0041 0042 0000 0000 0000 0000 0000 0000 0000 002B 002C 002D 0000 002F 0030 0031 0000 0000 0000 0043 0044 0045 0046 0047 0048 0000 0000 0034 0035 0036 0000
0000 0000 0000 0000 0000 0000 0000 0000 0049 004A 004B 004C 004D 004E 004F 0050 0051 0052 0053 0000 0063 0064 0065 0066 0067 0068 0000 0000 0054 0055 0056 0000
0000 0000 0000 0000 0038 0039 003A 0000 0069 006A 006B 0000 006D 006E 006F 0000 0071 0072 0073 0000 0083 0084 0085 0000 0000 0000 0000 0000 0000 0075 0076 0000
0000 0000 0000 0000 0058 0059 005A 0000 0000 0000 0000 0000 0000 0000 0000 0000 0000 0000 0000 0000 00A3 00A4 00A5 0000 0000 0000 0000 0000 0000 0095 0096 0097
0000 0000 0000 0000 0000 0000 0000 0000 0000 0000 0000 0000 0000 0000 0000 0000 0000 0000 0000 0000 00C3 00C4 00C5 0000 0000 003B 003C 003D 0000 0000 0000 0000
0000 0000 00E0 00E1 00E2 0000 0000 0000 0000 0000 0000 0000 0000 0000 0000 0000 0000 0000 0000 0000 0000 0000 0000 0000 0000 005B 005C 005D 0000 0000 0000 0000
0000 0000 0100 0101 0102 0000 0000 0000 0000 0000 0000 00E7 00E8 00E9 00EA 00EB 0000 00ED 00EE 0000 0000 0000 0000 0000 0000 007B 007C 007D 007E 007F 0000 0000
0000 0000 0000 0000 0122 0123 0124 0000 0000 0000 0000 0107 0108 0109 010A 010B 010C 010D 010E 0000 0000 0000 0000 0000 0000 009B 009C 009D 009E 009F 0000 0000
0000 0000 0000 0000 0142 0143 0144 0145 0000 0000 0000 0000 0000 0129 0000 0000 0000 0000 0000 0000 0000 0000 0000 0000 0000 0000 0000 0000 0000 0000 0000 0000
0000 0000 0000 0000 0000 0163 0164 0165 0000 0000 0000 0000 0000 0000 0000 0000 0000 0000 0000 0000 0000 0000 0000 0000 0000 0000 0000 0000 0000 0000 0000 0000
00EF 0000 0000 0000 0000 0183 0184 0185 0000 0000 0000 0000 0000 0000 0000 0000 0000 0000 0000 0000 0000 00F1 00F2 0000 0000 0000 0000 0000 0000 0000 0000 00F4
010F 0000 0000 0000 0000 01A3 01A4 01A5 01A6 0000 0000 0000 0000 0000 0000 0000 0000 0000 0000 0000 0110 0111 0112 0000 0000 0000 0000 0000 0000 0000 0113 0114
0000 0000 0000 0000 0000 01C3 01C4 01C5 01C6 0000 0000 0000 0000 0000 0000 0000 0000 0000 0000 0000 0000 0000 0000 0000 0000 0000 0000 0000 0000 0000 0000 0000
00F5 00F6 00F7 00F8 0000 0000 0000 0000 01E6 0000 0000 0000 0000 0000 0000 0000 0000 0000 0000 0000 0000 0000 0000 0000 0000 0000 0000 0000 0000 0000 0000 0000
0115 0116 0117 0000 0000 0000 0000 0000 0000 0000 0000 0000 0000 0000 0000 0000 0000 0000 0000 0000 0000 0000 0000 0000 0000 0000 0000 0000 0000 0000 0000 0000
0135 0136 0137 0000 0000 0000 0000 0000 0000 0000 0000 0000 0000 0000 0000 0000 00F9 0000 0000 0000 0000 0000 0000 0000 0000 0000 0000 0000 0000 0000 0000 0000
0000 0000 0000 0000 0000 0000 0000 0000 0000 0000 0000 0000 0000 0000 0000 0000 0000 0000 0000 0000 0000 0000 0000 0000 0000 0000 0000 0000 0000 0000 0000 0000
0000 0000 0000 0000 0000 0000 0000 0000 0000 0000 0000 0000 0000 0000 0000 0000 0000 0000 0000 0000 0000 0000 00FA 00FB 00FC 00FD 0000 0000 0000 0000 0000 0000
00FE 0000 0000 0000 0000 0000 0000 0000 0000 0000 0000 0000 0000 0000 0000 0000 0000 0000 0000 0000 0000 0000 011A 011B 011C 011D 0000 0000 0000 0000 0200 0201
011E 0000 0000 0000 0000 0202 0203 0204 0000 0000 0000 0000 0000 0000 0000 0000 0000 0000 0000 0000 0000 0000 0000 0000 013C 0000 0000 0000 0000 0000 0220 0221
0000 0000 0000 0000 0000 0222 0223 0224 0000 0000 0000 0000 0000 0000 0000 0000 0000 0000 0000 0000 0000 0000 0000 0000 0000 0000 0000 0000 0000 0000 0000 0000
0000 0000 0000 0000 0000 0000 0000 0000 0000 0000 0000 0000 0000 0000 0000 0205 0000 0206 0000 0000 0000 0000 0000 0000 0000 0000 0000 0000 0000 0000 0000 0000
0000 0000 0000 0000 0000 0000 0000 0000 0000 0000 0000 0000 0208 0209 0000 0225 0000 0226 0000 0000 0000 0000 0000 0000 0000 0000 0000 0000 0000 0000 0000 0000
0000 0000 0000 0000 0000 0000 0000 0000 0000 0000 0000 0227 0228 0229 0000 0000 0000 0000 0000 0000 0000 0000 0000 0000 0000 0000 0000 0000 0000 0000 0000 0000
0000 0000 0000 0000 0000 0000 0000 020A 020B 020C 0000 0000 0000 0000 0000 0000 0000 0000 0000 0000 0000 0000 0000 0000 0000 0000 0000 0000 0000 0000 0000 0000
0000 0000 0000 0000 0000 0000 0000 022A 022B 022C 0000 0000 0000 0000 0000 0000 0000 0000 0000 020D 020E 020F 0000 0000 0000 0000 0000 0000 0000 0000 0000 0000
0000 0000 0000 0000 0000 0000 0000 0000 0000 0000 0000 0000 0000 0000 0000 0000 0000 0000 0000 022D 022E 022F 0000 0000 0000 0000 0000 0000 0000 0000 0000 0000
0000 0000 0000 0000 0000 0000 0000 0000 0000 0000 0000 0000 0000 0000 0000 0000 0000 0000 0000 0000 0000 0000 0000 0000 0000 0000 0000 0000 0000 0211 0212 0213
0000 0000 0000 0000 0000 0000 0000 0000 0000 0000 0000 0000 0000 0000 0000 0000 0000 0000 0000 0000 0000 0000 0000 0000 0000 0000 0000 0000 0230 0231 0232 0233
0214 0215 0216 0000 0000 0000 0000 0000 0000 0217 0218 0219 0000 0000 0000 0000 0000 021A 021B 021C 0000 0000 0000 0000 0000 0000 0000 0000 0250 0251 0252 0000
0234 0235 0236 0000 0000 0000 0000 0000 0000 0237 0238 0239 0000 0000 0000 0000 0000 023A 023B 023C 0000 0000 0000 0000 0000 0000 0000 0000 0000 0000 0000 0273
