ATARI GAUNTLET MOTION OBJECT 16X16 TILEMAP
SOURCE: level-114.png
GRID: 32 X 32
TILE_SIZE: 16 X 16
ATLAS_TILES: 1120
UNIQUE_PIXEL_TILES: 99
CONNECTED_OBJECT_GROUPS: 13

0000 0000 0000 0000 0000 0000 0000 0000 0000 0000 0000 0000 0000 0000 0000 0000 002F 0030 0000 0000 0000 0000 0000 0000 0000 0032 0033 0034 0000 0000 0000 0000
0000 0000 0000 0000 0000 0000 0000 0000 0000 0000 0000 0000 0000 0000 0000 004E 004F 0050 0000 0000 0000 0000 0000 0000 0000 0052 0053 0054 0000 0000 0000 0000
0000 0060 0061 0062 0063 0064 0065 0066 0067 0068 0069 006A 006B 006C 006D 006E 006F 0070 0000 0000 0000 0000 0000 0000 0000 0072 0073 0074 0000 0000 0000 0000
0000 0080 0081 0082 0083 0084 0085 0086 0087 0088 0089 008A 008B 008C 008D 008E 008F 0090 0000 0000 0000 0000 0000 0000 0000 0092 0093 0094 0000 0000 0000 0000
0000 0000 0000 0000 0000 0000 0000 0000 0000 0000 0000 0000 0000 0000 0000 00AE 00AF 00B0 0000 0000 0000 0000 0000 0000 0000 00B2 00B3 00B4 0000 0000 0000 0000
0000 0000 0000 0000 0037 0038 0000 0000 0000 0000 0000 003A 003B 0000 0000 00CE 00CF 00D0 0000 0000 0000 0000 0000 0000 0000 00D2 00D3 00D4 0000 0000 0000 0000
0000 0000 0000 0056 0057 0058 0000 0000 0000 0000 0059 005A 005B 0000 0000 00EE 00EF 00F0 0000 0000 0000 0000 0000 0000 0000 00F2 00F3 00F4 0000 0000 0000 0000
0000 0000 0000 0000 0000 0000 0000 0000 0000 0000 0000 0000 0000 0000 0000 010E 010F 0110 0000 0000 0000 0000 0000 0000 0000 0112 0113 0114 0000 0000 0000 0000
0000 003C 003D 003E 0000 0000 0420 0421 0422 0000 0000 0000 0000 0000 0000 012E 012F 0130 0000 0000 0000 0000 0000 0000 0000 0132 0133 0134 0000 0000 0000 0000
0000 005C 005D 005E 0000 0000 0440 0441 0442 0000 0000 0000 0000 0000 0000 014E 014F 0150 0000 0000 0000 0000 0000 0000 0000 0152 0153 0154 0000 0000 0000 0000
0000 0000 0000 0000 0000 0000 0000 0000 0000 0000 0000 0000 0000 0000 0000 016E 016F 0170 0000 0000 0000 0000 0000 0000 0000 0172 0173 0174 0000 0000 0000 0000
0000 0000 0000 0000 0000 0000 0000 0000 0000 0000 0000 0424 0425 0000 0000 018E 018F 0190 0000 0000 0000 0000 0000 0000 0000 0192 0193 0194 0000 0000 0000 0000
0000 0000 0000 0000 0000 0000 0000 0000 0000 0000 0443 0444 0445 0000 0000 01AE 01AF 01B0 0000 0000 0000 0000 0000 0000 0000 01B2 01B3 01B4 0000 0000 0000 0000
0000 0000 0000 0000 0000 0000 0000 0000 0000 0000 0000 0000 0000 0000 0000 01CE 01CF 01D0 0000 0000 0000 0000 0000 0000 0000 01D2 01D3 01D4 0000 0000 0000 0000
0000 0000 0000 0000 0426 0000 0000 0000 0000 0000 0000 0000 0000 0000 0000 01EE 01EF 01F0 0000 0000 0000 0000 0000 0000 0000 0000 01F3 01F4 01F5 0000 0000 0000
0000 0000 0000 0000 0000 0000 0000 0000 0000 0000 0000 0428 0429 0000 0000 020E 020F 0210 0000 0000 0000 0000 0000 0000 0000 0000 0213 0214 0215 0000 0000 0000
0000 0000 0000 0000 0000 0000 0000 0000 0000 0000 0447 0448 0449 0000 0000 022E 022F 0230 0000 0000 0000 0000 0000 0000 0000 0000 0233 0234 0235 0000 0000 0000
0000 0000 0000 0000 0000 0000 0000 0000 0000 0000 0000 0000 0000 0000 0000 024E 024F 0250 0000 0000 0000 0000 0000 0000 0000 0000 0253 0254 0255 0000 0000 0000
0000 042A 042B 042C 0000 0000 042D 042E 042F 0000 0000 0000 0000 0000 0000 026E 026F 0270 0000 0000 0000 0000 0000 0000 0000 0000 0273 0274 0275 0000 0000 0000
0000 044A 044B 044C 0000 0000 044D 044E 044F 0000 0000 0000 0000 0000 0000 028E 028F 0290 0000 0000 0000 0000 0000 0000 0000 0000 0293 0294 0295 0000 0000 0000
0000 0000 0000 0000 0000 0000 0000 0000 0000 0000 0000 0000 0000 0000 0000 02AE 02AF 02B0 0000 0000 0000 0000 0000 0000 0000 0000 02B3 02B4 02B5 0000 0000 0000
0000 0000 0000 0430 0431 0000 0000 0000 0000 0000 0000 0434 0435 0000 0000 02CE 02CF 02D0 0000 0000 0000 0000 0000 0000 02D1 02D2 02D3 0000 0000 0000 0000 0000
0000 0000 0000 0450 0451 0452 0000 0000 0000 0000 0453 0454 0455 0000 0000 02EE 02EF 02F0 0000 0000 0000 0000 0000 0000 02F1 02F2 02F3 0000 0000 0000 0000 0000
0000 0000 0000 0000 0000 0000 0000 0000 0000 0000 0000 0000 0000 0000 0000 030E 030F 0310 0000 0000 0000 0000 0000 0000 0311 0312 0313 0000 0000 0000 0000 0000
0000 0000 0000 0000 0000 0000 0000 0000 0000 0000 0000 0000 0000 0000 0000 032E 032F 0330 0000 0000 0000 0000 0000 0000 0331 0332 0333 0000 0000 0000 0000 0000
0000 0000 0000 0000 0000 0000 0000 0000 0000 0000 0000 0000 0000 0000 0000 034E 034F 0350 0000 0000 0000 0000 0000 0000 0351 0352 0353 0000 0000 0000 0000 0000
0000 0000 0000 0000 0000 0000 0000 0000 0000 0000 0000 0000 0000 0000 0000 036E 036F 0370 0000 0000 0000 0000 0000 0000 0371 0372 0373 0000 0000 0000 0000 0000
0000 0000 0000 0000 0000 0000 0000 0000 0000 0000 0000 0000 0000 0000 0000 038E 038F 0390 0000 0000 0000 0000 0000 0000 0000 0392 0393 0394 0000 0000 0000 0000
0000 03A0 03A1 03A2 03A3 03A4 03A5 03A6 03A7 03A8 03A9 03AA 03AB 03AC 03AD 03AE 03AF 03B0 0000 0000 0000 0000 0000 0000 0000 03B2 03B3 03B4 0000 0000 0000 0000
0000 03C0 03C1 03C2 03C3 03C4 03C5 03C6 03C7 03C8 03C9 03CA 03CB 03CC 03CD 03CE 03CF 03D0 0000 0000 0000 0000 0000 0000 0000 03D2 03D3 03D4 0000 0000 0000 0000
0000 0000 0000 0000 0000 0000 0000 0000 0000 0000 0000 0000 0000 0000 0000 03EE 03EF 03F0 0000 0000 0000 0000 0000 0000 0000 03F2 03F3 03F4 0000 0000 0000 0000
0000 0000 0000 0000 0000 0000 0000 0000 0000 0000 0000 0000 0000 0000 0000 040E 040F 0410 0000 0000 0000 0000 0000 0000 0000 0412 0413 0414 0000 0000 0000 0000
