ATARI GAUNTLET MOTION OBJECT 16X16 TILEMAP
SOURCE: level-086.png
GRID: 32 X 32
TILE_SIZE: 16 X 16
ATLAS_TILES: 704
UNIQUE_PIXEL_TILES: 122
CONNECTED_OBJECT_GROUPS: 22

0000 0000 0000 0023 0024 0000 0000 0000 0000 0000 0000 0000 0000 0000 0025 0026 0027 0028 0029 002A 002B 002C 002D 0000 0000 0000 0000 0000 0000 0000 0000 0000
0000 0000 0042 0043 0044 0000 0000 0000 0000 0000 0000 0000 0000 0000 0045 0046 0047 0048 0049 004A 004B 004C 004D 0000 0000 0000 0000 0000 0000 0000 0000 0000
0000 0061 0062 0000 0000 0000 0000 0000 0000 0000 0000 0000 0000 0000 0000 0000 0000 0000 0000 0000 006B 006C 006D 0000 0000 0000 0000 0000 0000 0000 0000 0000
0080 0081 0082 0000 0000 0000 0000 0000 0000 0000 0000 0000 0000 0000 0000 0000 0000 0000 0000 0000 008B 008C 008D 0000 0000 0000 0000 0000 0000 0000 002E 002F
00A0 0000 0000 0000 0000 0000 0000 0000 0000 0000 0000 0000 0000 0000 0000 0000 0000 0000 0000 0000 00AB 00AC 00AD 0000 0000 0000 0000 0000 0000 0000 004E 004F
00C0 0000 0000 0000 0000 0000 0000 0000 0000 0000 0000 0000 0000 0000 0000 0000 0000 0000 0000 0000 0000 0000 0000 0000 0000 0000 0000 0000 0000 0000 006E 006F
00E0 0000 0000 0000 0000 0000 0000 0000 0000 0000 0000 0000 0000 0033 0034 0000 0000 0000 0000 0000 0000 0000 0000 0000 0000 0000 0000 0000 0000 0000 008E 008F
0000 0000 0000 0000 0000 0000 0000 0000 0000 0000 0000 0000 0052 0053 0054 0055 0000 0000 0000 0000 0000 0000 0000 0000 0000 0000 0000 0000 0000 0000 0000 0000
0000 0000 0000 0000 0000 0000 0000 0000 0000 0000 0000 0000 0000 0073 0074 0075 0000 0000 0000 0000 0000 0000 0000 0000 0000 0000 0000 0000 0000 0000 0000 0000
0000 0000 0000 0000 0000 0000 0000 0000 0000 0000 0000 0091 0092 0093 0000 0000 0000 0036 0037 0038 0039 003A 0000 0000 0000 0000 0000 0000 0000 0000 0000 0000
0000 0000 0000 0000 0000 0000 0000 0000 0000 0000 00B0 00B1 00B2 00B3 0000 0000 0000 0056 0057 0058 0059 005A 0000 0000 0000 0000 0000 0000 0000 0000 0000 0000
0000 003D 003E 0000 0000 0000 0000 0000 0000 0000 00D0 00D1 00D2 0000 0000 0000 0000 0000 0077 0078 0079 0000 0000 0000 0000 0000 0000 0000 0000 0000 0000 0000
005C 005D 005E 0000 0100 0101 0102 0103 0104 0000 0000 0000 0000 0000 0000 0000 0000 0000 0000 0000 0099 009A 009B 0000 0000 0000 0000 0000 0000 0000 0000 0000
0000 0000 0000 0000 0120 0121 0122 0123 0124 0125 0000 0000 0000 0000 0000 0000 0000 0000 0000 0000 00B9 00BA 00BB 0000 0000 0000 0000 0000 0000 0000 0000 0000
0000 0000 0000 0000 0140 0141 0142 0143 0144 0145 0000 0000 0000 0000 0000 0000 0000 0000 0000 0000 0000 0000 0000 0000 0000 0000 0000 0000 0000 0000 0000 0000
0000 0000 0000 0000 0160 0161 0162 0163 0000 0000 0000 0000 0000 0000 0000 0000 0000 0000 0000 0000 0000 0000 0000 0000 0107 0108 0000 0000 0000 0000 0000 0000
0000 0000 0000 0000 0180 0181 0182 0000 0000 0000 010F 0110 0111 0000 0000 0000 0000 0000 0000 0000 0000 0000 0000 0126 0127 0128 0000 0000 0000 0000 0000 0000
0000 0000 0000 0000 01A0 01A1 01A2 0000 0000 0000 012F 0130 0131 0000 0000 0000 0000 0114 0000 0000 0000 0000 0000 0000 0000 0000 0149 014A 0000 0000 0000 0000
0000 0000 0000 0000 0000 0000 0000 0000 0000 0000 0000 0000 0151 0152 0153 0000 0000 0134 0000 0000 0000 0000 0000 0000 0000 0168 0169 016A 0000 0000 0000 0000
0000 0000 0000 0000 0000 0000 0000 0000 0000 0000 0000 0000 0171 0172 0173 0000 0000 0000 0000 0000 0000 0000 0000 0000 0000 0000 0000 0000 018B 018C 0000 0000
0000 0000 0000 0000 0000 0000 0000 0000 0000 0000 0000 0000 0191 0192 0193 0000 0000 0000 0000 0000 0000 0000 0000 0000 0000 0000 0000 01AA 01AB 01AC 0000 0000
0000 0000 0000 0000 0115 0000 0000 0000 0000 0000 0000 0000 01B1 01B2 01B3 0000 0000 0000 0000 0000 0000 0000 0000 0000 0000 0000 0000 0000 0000 0000 01CD 01CE
0000 0000 0000 0000 0135 0000 0000 0000 0000 0000 0000 0000 0000 0000 0000 0000 0000 0000 0000 0000 0000 0000 0000 0000 0000 0000 0000 0000 0000 01EC 01ED 01EE
0000 0000 0000 0000 0000 0000 0000 0000 0000 0116 0117 0118 0000 0000 0000 0000 0000 0000 0000 0000 0000 0000 0000 0000 0000 0000 0000 0000 0000 0000 0000 0000
0119 011A 011B 0000 0000 0000 0000 011C 0000 0136 0137 0138 0000 0000 0000 0000 0000 0000 0000 0000 0000 0000 0000 0000 0000 0000 0000 0000 0000 0000 0000 0000
0139 013A 013B 0000 0000 0000 0000 013C 0000 0000 0000 0000 0000 0000 0000 0000 0000 0201 0202 0000 0000 0000 0000 0000 0000 0000 0000 0000 0000 0000 0000 0000
0000 0000 0000 0000 0000 0000 0000 0000 0000 0000 0000 0000 0000 0000 0000 0000 0220 0221 0222 0000 0000 0000 0000 0000 0000 0000 0000 0000 0000 0000 0000 0000
0000 0000 0000 0000 0000 0000 0000 0000 0000 0000 0208 0209 0000 0000 0000 0000 0000 0000 0000 0243 0244 0000 0000 0000 0000 0000 0000 0000 0000 0000 0000 0000
0000 0000 0000 0000 0000 0000 0000 0000 0000 0227 0228 0229 0000 0000 0000 0000 0000 0000 0262 0263 0264 0000 0000 0000 0000 0000 0000 0000 0000 0000 0000 0000
0000 0000 0000 0000 0000 0000 0000 0000 0000 0000 0000 0000 0000 0000 0000 0000 0000 0000 0000 0000 0000 0285 0286 0000 0000 0000 0000 0000 0000 0000 0000 0000
0000 0000 020A 0000 0000 0000 020B 0000 0000 0000 0000 0000 0000 020D 020E 0000 020F 0210 0211 0000 02A4 02A5 02A6 0000 0000 0000 0000 0000 0000 0000 0000 0000
0000 0000 022A 0000 0000 0000 022B 0000 0212 0000 0000 0000 022C 022D 022E 0000 022F 0230 0231 0000 0000 0000 0000 0000 0000 0000 0000 0000 0000 0000 0000 0213
