ATARI GAUNTLET PLAYFIELD 16X16 TILEMAP
SOURCE: level-041-playfield.png
GRID: 32 X 32
TILE_SIZE: 16 X 16
UNIQUE_TILES: 48

0000 0001 0002 0003 0001 0001 0001 0001 0001 0001 0001 0001 0001 0001 0001 0001 0001 0001 0001 0001 0001 0001 0001 0001 0001 0001 0001 0001 0004 0003 0001 0001
0005 0006 0007 0008 0005 0009 000A 000B 000C 0009 000A 000B 000C 0009 000A 000B 000C 0009 000A 000B 000C 0009 000A 000B 000C 0006 000D 000E 0007 000F 0010 0011
0012 0013 0007 0014 0015 0003 0001 0001 0001 0001 0001 0001 0001 0001 0001 0001 0001 0001 0001 0001 0001 0001 0001 0001 0016 0017 0012 0014 0007 0013 0018 0019
0007 0008 0007 000F 0007 0008 0005 0009 000A 000B 000C 0006 000D 000B 000C 0009 000A 000B 000C 0009 000A 000B 000C 0006 0010 0011 0007 000F 0007 0008 001A 001B
0007 0014 0007 0013 0007 0014 0015 0003 0001 0001 001C 0013 0015 0003 0001 0001 0001 0001 0001 0001 0001 0001 001C 0013 001D 0010 0007 0013 0007 0014 0011 001E
0007 000F 0007 0008 0007 000F 0007 0008 001E 001D 0007 0008 0007 000F 000D 000B 000C 0009 000A 000B 000C 0006 0007 001F 000C 0009 0020 0008 0007 000F 0010 0011
0007 0013 0007 0014 0007 0013 0021 0022 0011 001E 0007 0014 0021 0017 0015 0003 0001 0001 0001 0001 001C 0013 0023 0003 0001 0001 0024 0022 0007 0013 0018 0019
0007 0008 0007 000F 0007 001F 000C 0009 000A 000E 0007 0025 000A 000B 0020 000F 000D 000B 000C 0006 0007 0008 0007 000F 000D 000B 000C 0006 0007 0008 001A 001B
0007 0014 0007 0013 0023 0003 0001 0001 001C 0014 0026 0001 0001 0001 0024 0017 0015 0003 0016 0017 0007 0014 0021 0017 0015 0003 0016 0017 0007 0014 0011 001E
0007 000F 0007 0008 0007 000F 0010 0011 0007 000F 000D 000B 000C 0009 000A 000B 0020 000F 0010 0011 0007 000F 0010 0011 0007 000F 000D 000E 0007 000F 0010 0011
0007 0013 0007 0014 0007 0013 0018 0019 0007 0013 0015 0003 0001 0001 0001 0001 0027 0013 0018 000A 0020 0028 0009 000A 0020 0013 0012 0014 0007 0028 0009 0019
0007 0008 0007 000F 0007 0008 001A 001B 0007 0008 0021 001B 0010 0011 0005 0006 0007 0008 0029 0001 0000 0001 0001 0001 0024 002A 0007 000F 0026 0001 001C 000F
0007 0014 0007 0013 0007 0014 002B 002C 0007 0014 0011 001E 0018 000A 002D 0013 0007 002E 000B 000C 0009 000A 000B 000C 0009 000A 0020 0028 0009 0019 0007 0013
0007 000F 0007 0008 0007 000F 0012 0008 0007 000F 0010 0011 0015 0003 0027 0008 0026 0001 0001 0001 0001 0001 0001 0001 0001 0001 0000 0001 001C 000F 0007 0008
0007 0013 0021 0022 0007 0013 0007 0014 0007 0013 001D 0010 0021 0017 0007 002E 000B 000C 0009 0019 002B 000C 0009 000A 000B 000C 0009 0019 0007 0013 0007 0014
0007 0008 001E 001D 0007 0008 0007 000F 0007 0008 0005 0006 0010 0011 0026 0001 0001 0001 001C 000F 0029 0001 0001 0001 0001 0001 001C 000F 0007 0008 0007 000F
0007 0014 0011 001E 0007 0014 0007 0013 0007 0014 0012 0028 0009 000A 000B 000C 0009 0019 0007 0028 0009 000A 000B 000C 0009 0019 0007 0013 0007 0014 0007 0013
0007 000F 0010 0011 0021 001B 0007 0008 0007 000F 0023 0003 0004 0003 0001 0001 001C 000F 0026 0001 0001 0001 0001 0001 001C 000F 0007 0008 0007 000F 0007 0008
0007 0013 001D 0010 0011 001E 0007 0014 0007 0013 0021 0022 0007 0013 001D 0010 0007 0028 0009 000A 000B 000C 0009 0019 0007 0013 0007 0014 0021 0017 0007 0014
0007 0008 001E 0018 0019 0011 0007 000F 0021 002A 001E 001D 0007 0008 0005 0006 0026 0001 0001 0001 0001 0001 001C 000F 0007 0008 0007 000F 0010 0011 0007 000F
0007 0014 0011 0012 000F 0010 0007 0028 0009 0019 002B 002C 0021 0022 0012 0013 0018 000A 000B 000C 0006 0010 0007 0013 0021 0022 0007 0013 0018 000A 0020 0013
0007 000F 0010 0007 0013 001D 0026 0001 001C 000F 0012 0008 001E 001D 0007 0008 0015 0003 0001 0016 0017 001D 0007 0008 001E 001D 0007 0008 0015 0003 0024 002A
0007 0013 001D 0007 0008 001E 001D 0010 0007 0028 0020 002E 000B 000C 0020 0014 0007 0013 001D 000D 000B 000C 0020 0014 002B 002C 0007 0014 0007 0013 001D 0010
0007 0008 001E 0007 0014 0011 001E 001D 0026 0001 0002 0003 0001 0001 0024 001B 0007 0008 001E 0029 0001 0001 0027 000F 001A 002A 0007 000F 0007 0008 0005 0006
0007 0014 0011 0007 000F 0010 0011 0005 0006 0010 0007 0013 0018 000A 000B 000C 0020 002E 000B 000C 0009 0019 0007 0013 001D 0010 0007 0013 0007 0014 001A 0017
0007 000F 0010 0007 0013 001D 0010 0012 0013 001D 0007 0008 0029 0001 0001 0001 0000 0001 0001 0001 001C 000F 0007 0008 001E 001D 0007 0008 0007 000F 0010 0011
0007 0013 001D 0007 0008 001E 001D 0007 0008 001E 0007 0014 0011 001E 001D 0010 0011 001E 001D 0010 0021 0017 0021 0022 0011 001E 0007 0014 0007 0013 0018 0019
0007 0008 001E 0007 002E 000E 001E 0007 0014 0011 0021 001B 0010 0011 001E 001D 0010 0011 001E 001D 0010 0011 001E 001D 0010 0011 0007 000F 0007 0008 001A 001B
0007 0014 0011 0026 001C 0014 0011 0007 000F 0010 0011 001E 001D 0010 0011 001E 001D 0010 0011 001E 001D 0010 0011 001E 001D 0010 0007 0013 0007 0014 0011 001E
0007 000F 000D 000B 0020 000F 0010 0007 0028 0009 000A 000B 000C 0009 000A 000B 000C 0009 000A 000B 000C 0009 000A 000B 000C 0009 0020 0008 0007 0025 000A 000E
0007 0013 0015 0003 0024 0017 001D 0026 0001 0001 0001 0001 0001 0001 0001 0001 0001 0001 0001 0001 0001 0001 0001 0001 0001 0001 0024 0022 0026 0001 0016 0022
0020 002F 0020 0025 000A 000B 000C 0009 000A 000B 000C 0009 000A 000B 000C 0009 000A 000B 000C 0009 000A 000B 000C 0009 000A 000B 000C 0009 000A 000B 000C 0009
