ATARI GAUNTLET MOTION OBJECT 16X16 TILEMAP
SOURCE: level-001.png
GRID: 32 X 32
TILE_SIZE: 16 X 16
ATLAS_TILES: 480
UNIQUE_PIXEL_TILES: 89
CONNECTED_OBJECT_GROUPS: 19

0000 0000 0000 0000 0000 0000 0000 0000 0000 0000 0000 0000 0000 0000 0000 0000 0000 0000 0000 0000 0000 0020 0021 0022 0000 0000 0025 0026 0027 0000 0000 0000
0000 0000 0000 0000 0000 0000 0000 0000 0000 0028 0029 002A 0000 0000 0000 0000 0000 0000 0000 0000 0000 0040 0041 0042 0000 0000 0045 0046 0047 0000 0000 0000
0000 0000 0000 002B 0000 0000 0000 0000 0000 0048 0049 004A 0000 0000 0000 0000 0000 0000 0000 0000 0000 0000 0000 0000 0063 0064 0000 0000 0000 0000 0000 0000
0000 0000 0000 0000 0000 0000 0000 0000 0000 0000 0000 0000 0000 0000 0000 0000 0000 0000 0000 0000 0000 0000 0000 0082 0083 0084 0000 0000 0000 0000 0000 0000
0000 0000 0000 0000 0000 0000 0000 0000 0000 0000 0000 0000 0000 0000 0000 0000 0000 0000 0000 0000 0000 0000 0000 0000 0000 0000 0000 0000 0000 0000 0000 0000
0000 0000 0000 0000 0000 0000 0000 0000 0000 0000 0000 0000 0000 0000 0000 0000 0000 0000 0000 0000 0000 0000 0000 0000 0000 0000 0000 0000 0000 0000 0000 0000
0000 0000 0000 0000 0000 0000 0000 0000 0000 0000 0000 0000 0000 0000 0000 0000 0000 0000 0000 0000 0000 002C 002D 002E 0000 002F 0030 0031 0032 0033 0034 0000
0000 0000 0000 0000 0000 0000 0000 0000 0000 0000 0000 0000 0000 0000 0000 0000 0000 0000 0000 0000 0000 004C 004D 004E 0000 004F 0050 0051 0052 0053 0054 0000
0000 0000 0000 0000 0000 0000 0000 0000 0000 0000 0000 0000 0000 0000 0000 0000 0000 0000 0000 0000 0000 0000 0000 0000 0000 0000 0000 0000 0000 0000 0000 0000
0000 0000 0000 0000 0000 0000 0000 0000 0000 0000 0000 0000 0000 0000 0000 0000 0000 0000 0000 0000 0000 0000 0000 0000 0000 0000 0000 0000 0000 0000 0000 0000
0000 0000 0000 0000 0000 0000 0000 0000 0000 0000 0000 0000 0000 0000 0000 0000 0000 0000 0000 0000 0000 0000 0000 0000 0000 0000 0000 0000 0000 0000 0000 0000
0000 0000 0000 0000 0000 0000 0000 0000 0000 0000 0000 0000 0000 0000 0000 0000 0000 0000 0000 0000 0000 0000 0000 0000 0000 0000 0000 0000 0000 0000 0000 0000
0000 0000 0000 0000 0000 0000 0000 0000 0000 0000 0000 0000 0000 0000 0000 0000 0000 0000 0000 0000 0000 0000 0000 0000 0000 0000 0000 0000 0000 0000 0000 0000
0000 0000 0000 0000 0000 0000 0000 0000 0000 0000 0000 0000 0000 0000 0000 0000 0000 0000 0000 0000 0000 0000 0000 0000 0000 0000 0000 0000 0000 0000 0000 0000
0000 0000 0000 0000 0000 0000 0000 0000 0000 0000 0000 0000 0000 0000 0000 0000 0000 0000 0000 0000 0000 0000 0000 0000 0000 0000 0000 0000 0000 0000 0000 0000
0000 0000 0000 0036 0000 0000 0039 0000 0000 003C 0000 0000 0000 0000 0000 0000 0000 0000 0000 0000 0000 0000 0000 0000 0000 0000 0000 0000 0000 0000 0000 0000
0000 0000 0055 0056 0057 0058 0059 005A 005B 005C 005D 0000 0000 0000 0000 0000 0000 00A4 00A5 00A6 00A7 00A8 00A9 00AA 00AB 00AC 00AD 00AE 00AF 00B0 00B1 00B2
00B3 0000 0000 0000 0000 0000 0000 0000 0000 0000 0000 0000 0000 0000 0000 0000 00C3 00C4 00C5 00C6 00C7 00C8 00C9 00CA 00CB 00CC 00CD 00CE 00CF 00D0 00D1 00D2
00D3 0000 0000 0000 0000 0000 0000 0000 0000 0000 0000 0000 0000 0000 0000 0000 00E3 00E4 00E5 00E6 00E7 00E8 00E9 00EA 00EB 00EC 00ED 00EE 00EF 00F0 00F1 00F2
00F3 0000 0000 0000 0000 0000 0000 0000 0000 0000 0000 0000 0000 0000 0000 0000 0103 0104 0105 0106 0107 0108 0109 010A 010B 010C 010D 010E 010F 0110 0111 0112
0113 0000 0000 0000 0000 0000 0000 0000 0000 0000 0000 0000 0000 0000 0000 0000 0123 0124 0125 0126 0127 0128 0129 012A 012B 012C 012D 012E 012F 0130 0131 0132
0133 0000 0000 0000 0000 0000 0000 0000 0000 0000 0000 0000 0000 0140 0141 0142 0143 0144 0145 0146 0147 0148 0149 014A 014B 014C 014D 014E 014F 0150 0151 0152
0000 0000 0000 0000 0000 0000 0000 0000 0000 0000 0000 0000 0000 0000 0000 0000 0000 0000 0000 0000 0000 0000 0000 0000 0000 0000 0000 016E 016F 0000 0000 0172
0000 0000 0000 0000 0000 0000 0000 0000 0000 0000 0000 0000 0000 0000 0000 0000 0000 0000 0000 0000 0000 0000 00B5 00B6 0000 0000 018D 018E 018F 0000 0000 0000
0000 0000 0000 0000 0000 0000 0000 0000 0000 0000 0000 0000 0000 0000 0000 0000 0000 0000 0000 0000 0000 00D4 00D5 00D6 0000 0000 0000 0000 0000 0000 0000 0000
00B7 0000 0000 0000 0000 0000 0000 0000 0000 0000 0000 0000 0000 0000 0000 0000 0000 00B8 00B9 00BA 0000 0000 0000 0000 0000 0000 0000 0000 0000 0000 0000 00BC
00D7 0000 0000 0000 0000 0000 0000 0000 00BD 0000 0000 0000 0000 0000 0000 0000 0000 00D8 00D9 00DA 0000 0000 0000 0000 0000 0000 0000 01A1 01A2 0000 00DB 00DC
0000 0000 0000 0000 0000 0000 0000 0000 00DD 0000 0000 0000 0000 0000 0000 0000 0000 0000 0000 0000 0000 0000 01A4 01A5 0000 0000 01C0 01C1 01C2 0000 0000 0000
0000 0000 0000 0000 0000 0000 0000 0000 0000 0000 0000 0000 0000 0000 0000 0000 0000 0000 0000 0000 0000 01C3 01C4 01C5 0000 0000 0000 0000 0000 0000 0000 0000
0000 0000 0000 0000 0000 0000 0000 0000 0000 0000 0000 0000 0000 0000 0000 0000 0000 0000 0000 0000 0000 0000 0000 0000 0000 0000 0000 01A7 01A8 0000 0000 0000
0000 0000 0000 0000 0000 0000 0000 0000 0000 01A9 0000 0000 0000 0000 0000 0000 0000 01AB 01AC 0000 0000 0000 0000 0000 0000 0000 01C6 01C7 01C8 0000 0000 0000
0000 0000 0000 01AD 0000 0000 0000 0000 0000 01C9 0000 0000 0000 0000 0000 0000 01CA 01CB 01CC 0000 0000 0000 0000 0000 0000 0000 0000 0000 0000 0000 0000 0000
