ATARI GAUNTLET PLAYFIELD 16X16 TILEMAP
SOURCE: level-045-playfield.png
GRID: 32 X 32
TILE_SIZE: 16 X 16
UNIQUE_TILES: 63

0000 0001 0002 0003 0003 0003 0003 0003 0004 0001 0003 0004 0001 0003 0003 0003 0003 0003 0003 0002 0003 0003 0003 0003 0003 0004 0005 0003 0003 0004 0001 0003
0006 0007 0008 0009 000A 000B 0008 0009 000C 000D 0008 0006 000E 000F 0010 0011 0012 0013 0014 0011 0012 0013 0015 0016 0017 000C 0018 0009 0019 000C 0018 0009
0006 000E 001A 0014 001B 001C 0013 0014 0011 0012 000B 0006 001D 000A 001E 0003 0003 0003 0003 0003 0003 001F 0020 0021 0022 0012 0013 0014 0011 0012 0013 0015
0006 001D 0023 0001 0002 0003 0003 0003 0004 0024 0025 0006 0026 0027 000E 000F 0010 0011 0017 001A 0015 0009 0027 0007 0028 0004 0001 0003 0003 0004 0024 000D
0006 0026 0006 000E 000F 0010 0029 0019 0006 0026 0009 0006 0007 000C 0022 0017 0028 001F 0022 0021 0020 0015 000C 002A 000B 0006 001D 000A 000B 0006 001D 0019
0006 0007 0006 002B 0017 0027 0026 0016 002C 0007 0008 0006 000E 000F 002D 0022 0012 000B 002D 0022 0021 0020 0015 0027 000E 0006 0026 0027 000E 0006 0026 0009
0006 000E 002E 0024 002F 0006 0007 0028 0030 000E 000F 0006 001D 0019 001A 001E 001F 002A 000B 0027 001D 0027 0007 0006 001D 000C 000D 0006 001D 0006 0007 0008
0006 001D 0006 0007 0008 0006 000E 000F 0006 001D 0019 0006 0026 0009 0027 0007 0008 0027 000E 0006 0026 0006 000E 000C 0018 0009 0019 0006 0026 0006 000E 000F
002C 0026 0006 000E 001A 002C 002B 0017 0006 0026 0016 002C 0031 0014 002C 000E 000F 0006 001D 0006 0007 0006 001D 0019 000F 0008 0009 0006 0007 0006 001D 000A
0030 0007 0006 001D 0028 0000 0024 002F 0006 0007 0028 0000 0001 0003 0032 002F 0019 0006 0026 0006 000E 0006 0026 0009 0019 000F 0008 0006 000E 0006 0026 0028
0006 000E 0006 0026 0009 0006 0007 0008 0006 000E 000F 000C 002F 0019 000F 0008 0009 0006 0007 0006 001D 000C 0020 0015 0009 0019 000F 0006 001D 0006 0007 0008
0006 001D 0006 0033 0015 0006 000E 001A 002C 002B 0012 0013 0014 0011 0012 0013 0014 002C 000E 000C 0034 0029 002D 0020 0015 0009 0019 0006 0026 0006 000E 000F
0006 0026 002E 0024 000D 0006 001D 0028 0000 0001 0003 0003 0003 0003 0004 0001 0003 0030 001D 0019 002D 0034 0029 002D 0020 0014 0011 002C 0007 0006 001D 0019
0006 0007 0006 001D 0019 0006 0026 0009 0006 0007 0008 0016 0017 000F 0006 002B 0012 002C 0026 0009 0019 002D 0034 0029 0028 0003 0003 0032 0025 0006 0026 0009
0006 000E 0006 0026 0009 0006 0007 0008 000C 0025 000F 0027 001D 0019 0035 0003 0003 0032 0020 0014 0011 0017 002D 0018 0009 0019 000F 0008 0009 000C 0020 0015
0006 001D 0006 0007 0008 0006 001C 000B 0010 0011 0012 002C 0036 0011 0012 0013 0014 0029 0028 0003 001F 0022 0012 0013 0014 0011 0012 0013 0014 0029 0027 0007
0006 0026 0006 000E 000F 0035 001F 002A 0037 0001 0003 0000 0001 0003 0004 0001 001F 0034 0011 0012 000B 0028 0003 0003 0003 0004 0001 0003 001F 0018 0006 000E
0006 0007 0006 001D 000A 0013 0015 0028 0030 0007 0008 000C 0025 000F 0006 001D 0019 0028 0003 001F 002A 000B 0008 0009 0019 000C 0018 0009 0019 000F 0006 001D
0006 000E 0006 0026 0023 0024 0020 0015 0006 000E 001A 0014 0011 0017 0006 0026 0016 0017 000F 0010 001B 001C 0013 0014 0011 0012 0013 0014 0011 0012 0038 0018
002C 001D 0006 0007 0006 001D 002D 000D 0006 001D 0028 0004 0024 002F 0006 0007 0027 001D 000A 001E 0002 0003 0004 0001 0003 0003 0003 0003 0003 0039 000E 001A
003A 0026 0006 000E 0006 0026 0016 0012 002C 0026 0009 0006 0007 0008 000C 0025 0006 0036 0021 0025 001A 0015 000C 0025 000F 0008 0009 0019 000F 0006 001D 003B
003C 0007 000C 002F 0006 0007 0028 0003 0032 000D 0008 0006 000E 000F 0008 0016 003D 001F 0018 0016 0021 0020 0014 0011 0012 0013 0015 0009 0019 0006 0026 003E
0006 000E 001A 0015 0006 001C 0013 0014 0011 0012 0013 002C 002B 0012 0013 0021 002F 0019 001A 0021 002F 0028 0003 0003 0003 001F 0020 0014 0029 0006 0033 0015
0006 002B 001B 0007 0035 0004 0001 0003 0003 0003 0003 0002 0003 0003 0039 0007 0008 0016 0021 000D 0008 0009 000A 000B 0010 0029 0028 0039 0026 002E 0024 000D
002E 0001 0032 0025 000F 000C 002F 0019 000F 0008 0016 0017 000F 0008 000C 0025 000F 0027 001D 0019 000F 0010 0021 002A 0021 0018 0016 0038 000D 0006 001D 0019
0006 0007 0010 0011 0012 0013 0014 0011 0012 000B 0027 002B 0012 0013 0014 0011 0012 0038 0018 0009 000A 0021 0018 0027 000E 001A 0021 0022 0017 0006 0026 0009
0006 000E 0023 0001 0003 0004 0001 0003 0039 000E 0035 0003 0003 0003 0004 0001 001F 0025 000F 0010 0021 0025 001A 0038 0022 0021 0020 0021 002F 0006 0007 0008
002C 001D 0006 0007 0010 0038 002A 000B 0006 001D 000A 000B 0008 0009 000C 000D 0008 0009 000A 0021 0018 0009 0027 0007 002D 002F 002D 000D 0008 0006 000E 001A
0030 0026 000C 0025 002D 0018 002D 002A 0038 0034 001B 000E 001A 0014 0011 0012 0013 0014 0021 0025 000F 0010 0038 002A 0013 0014 0011 0012 0013 002C 001D 0028
0006 0007 0008 0016 0012 000B 0010 0021 002A 001E 0030 002B 001E 0003 0003 0003 0003 001F 0018 0009 0019 002D 0018 0023 0001 0003 0003 0003 0003 0030 0026 0009
0006 000E 001A 001E 001F 0025 002D 0018 002D 0025 0035 001F 002F 0019 000F 0008 0009 0019 000F 0010 0029 0019 000F 000C 002F 0019 001A 0015 0009 000C 000D 0008
002C 002B 001B 0033 0014 0011 0012 0013 0014 0011 0012 0013 0014 0011 0012 0013 0014 0011 0012 001B 0036 0011 0012 0013 0014 0011 001B 0033 0014 0011 0012 0013
