ATARI GAUNTLET MOTION OBJECT 16X16 TILEMAP
SOURCE: level-103.png
GRID: 32 X 32
TILE_SIZE: 16 X 16
ATLAS_TILES: 736
UNIQUE_PIXEL_TILES: 131
CONNECTED_OBJECT_GROUPS: 28

0000 0000 0000 0000 0000 0000 0000 0000 0000 0000 0020 0021 0022 0000 0000 0000 0000 0000 0000 0000 0000 0000 0000 0000 0000 0000 0000 0000 0000 0000 0000 0000
0000 0000 0000 0000 0000 0000 0000 0000 0000 0000 0040 0041 0042 0000 0000 0000 0023 0024 0025 0026 0027 0000 0000 0029 002A 0000 0000 0000 0000 0000 0000 0000
0000 002B 002C 002D 0000 0000 0000 0000 0000 0000 0000 0000 0000 0000 0000 0000 0043 0044 0045 0046 0047 0000 0048 0049 004A 0000 0000 0000 0000 0000 002E 0000
0000 004B 004C 004D 0000 0000 0000 0000 0000 0000 0000 0000 0000 0000 0000 0000 0000 0000 0000 0000 0000 0000 0000 0000 0000 0000 0000 0000 0000 0000 0000 0000
0000 0000 0000 0000 0000 0000 002F 0030 0031 0000 0000 0000 0000 0000 0000 0000 0032 0033 0034 0000 0000 0000 0000 0000 0000 0000 0000 0000 0000 0000 0000 0000
0000 0000 0000 0000 0000 0000 004F 0050 0051 0000 0000 0035 0036 0037 0000 0000 0052 0053 0054 0000 0000 0000 0000 0000 0000 0000 0000 0000 0000 0000 0000 0000
0000 0000 0000 0000 0000 0000 0000 0070 0071 0000 0000 0055 0056 0057 0000 0000 0000 0000 0000 0000 0000 0000 0000 0000 0000 0000 0000 0000 0000 0000 0000 0000
0000 0000 0000 0000 0000 0000 008F 0090 0091 0000 0000 0000 0076 0077 0000 0000 0000 0000 0000 0000 0000 0000 0000 0000 0000 0000 0000 0000 0000 0000 0000 0000
0000 0000 0000 0000 0000 0000 0000 0000 0000 0000 0000 0095 0096 0097 0000 0000 0000 0038 0039 003A 0000 003B 0000 0000 0000 0000 0000 0000 0000 0000 0000 0000
0000 0000 0000 0000 0000 0000 0000 0000 0000 0000 0000 0000 0000 0000 0000 0000 0000 0058 0059 005A 0000 0000 0000 0000 0000 0000 0000 0000 0000 0000 0000 0000
00A0 00A1 00A2 00A3 00A4 0000 0000 0000 0000 0000 0000 0000 0000 0000 0000 0000 0000 0000 0000 0000 0000 0000 0000 0000 0000 0000 0000 0000 0000 0000 0000 0000
00C0 00C1 00C2 00C3 00C4 0000 00A8 00A9 00AA 00AB 00AC 0000 0000 0000 0000 0000 0000 0000 0000 0000 0000 0000 0000 0000 0000 0000 0000 0000 0000 0000 00AD 0000
0000 0000 0000 0000 0000 0000 00C8 00C9 00CA 0000 00CC 0000 0000 0000 0000 0000 0000 0000 0000 0000 0000 0000 00AE 0000 0000 0000 0000 0000 0000 0000 00CD 0000
0000 0000 0000 0000 0000 0000 00E8 00E9 00EA 0000 00EC 0000 0000 00B0 00B1 0000 0000 0000 0000 0000 0000 0000 00CE 0000 0000 0000 0000 0000 0000 0000 0000 0000
00B2 0000 0000 0000 0000 0000 0108 0000 0000 0000 010C 0000 00CF 00D0 00D1 0000 0000 0000 0000 0000 0000 0000 0000 0000 0000 0000 0000 0000 0000 0000 00BB 00BC
00D2 0000 0000 0000 0000 0000 0128 0000 012A 012B 012C 0000 0000 0000 0000 0000 0000 0000 0000 0000 0000 0000 0000 0000 0000 0000 0000 0000 00D9 00DA 00DB 00DC
0000 0000 0000 0000 0000 0000 0148 0000 014A 014B 014C 0000 0000 0000 0000 0000 0000 0000 0000 0000 0000 0000 0000 0000 0000 0000 0000 00F8 00F9 00FA 0000 0000
0000 0000 0000 0000 0166 0167 0168 0000 0000 0000 016C 0000 0000 0000 0000 0000 0000 0000 0000 0000 0000 0000 0000 0000 0000 0000 0000 0000 0000 011A 011B 011C
00BD 0000 0000 0185 0186 0187 0188 0000 0000 0000 018C 0000 0000 0000 0000 0000 0000 0000 0000 0000 0000 0000 0000 0000 0000 0000 0000 0000 0000 013A 013B 013C
00DD 0000 0000 0000 0000 0000 01A8 01A9 01AA 01AB 0000 0000 0000 0000 0000 0000 0000 0000 0000 0000 0000 0000 0000 0154 0155 0000 0000 0000 0000 015A 015B 015C
00FD 0000 0000 0000 0000 0000 01C8 01C9 01CA 01CB 0000 0000 0000 00BF 0000 0000 0000 0000 0000 0000 0000 0000 0173 0174 0175 0000 0000 0000 0000 017A 017B 017C
011D 011E 0000 0000 01E6 01E7 0000 0000 0000 0000 0000 0000 0000 00DF 0000 0000 0000 0000 0000 0000 0000 0000 0000 0000 0000 0196 0197 0198 0000 0000 019B 019C
013D 0000 0000 0205 0206 0207 0000 0000 0000 0000 0000 0000 0000 0000 0000 0000 0000 0000 0000 0000 0000 0000 0000 0000 0000 01B6 01B7 01B8 0000 0000 01BB 01BC
0000 0000 0000 0000 0000 0000 0000 0000 0000 0000 0000 0000 0000 0000 0000 0000 0000 0000 0281 0282 0000 0000 0000 0000 0000 01D6 0000 0000 0000 01DA 01DB 01DC
0000 0000 0000 0000 0000 0000 0000 0000 0000 0000 0000 0000 0000 0000 0000 0000 0000 02A0 02A1 02A2 0000 0000 0000 0000 01F5 01F6 0000 0000 0000 01FA 01FB 01FC
0283 0000 0000 0000 0000 0000 0000 0000 0000 0000 0000 0000 0000 0000 0000 0000 0000 0000 0000 0000 0000 0000 0000 0000 0000 0216 0217 0218 0219 021A 021B 021C
02A3 0000 0000 0000 0000 0000 0000 0000 0000 0000 0000 0000 0000 0000 0000 0000 0000 0000 0000 0000 0000 0000 0000 0000 0235 0236 0237 0238 0239 023A 023B 023C
02C3 02C4 02C5 0000 0000 0000 0000 0000 0000 0000 0000 0000 0000 0286 0287 0288 0000 0000 0000 0000 0000 0000 0289 0000 0000 0000 0257 0258 0259 025A 025B 025C
0000 0000 0000 0000 0000 028B 028C 0000 0000 0000 0000 0000 0000 02A6 02A7 02A8 0000 0000 0000 0000 0000 0000 02A9 0000 0000 0000 0277 0278 0279 027A 027B 027C
0000 0000 0000 0000 02AA 02AB 02AC 0000 0000 0000 0000 0000 0000 0000 0000 0000 0000 0000 0000 0000 0000 0000 0000 0000 0000 0000 0000 0000 0000 0000 0000 0000
028D 0000 0000 0000 0000 0000 0000 0000 0000 0000 0000 028F 0290 0291 0000 0000 0000 0000 0000 0000 0000 0000 0000 0293 0294 0000 0000 0000 0000 0295 0296 0297
02AD 02AE 0000 0000 0000 0000 0000 0000 0000 0000 0000 02AF 02B0 02B1 0000 0000 0000 0000 0000 0000 0000 0000 02B2 02B3 02B4 0000 0000 0000 0000 02B5 02B6 02B7
