ATARI GAUNTLET PLAYFIELD 16X16 TILEMAP
SOURCE: level-029-playfield.png
GRID: 32 X 32
TILE_SIZE: 16 X 16
UNIQUE_TILES: 47

0000 0001 0002 0002 0002 0002 0002 0002 0002 0002 0002 0002 0002 0002 0002 0002 0002 0002 0002 0002 0002 0002 0002 0002 0002 0002 0002 0002 0002 0002 0002 0002
0003 0004 0005 0006 0007 0008 0009 0006 0007 0008 0009 0006 0007 0008 0009 0006 0007 0008 0009 0006 0007 0008 0009 0006 0007 0008 0009 0006 0007 0008 0009 000A
0003 000B 000C 0001 0002 0002 0002 0002 0002 0002 0002 0002 0002 0002 0002 0002 0002 0002 0002 0002 0002 0002 0002 0002 0002 0002 0002 0002 0002 0002 000D 000E
000F 0010 0003 0004 0005 0006 0007 0008 0009 0006 0007 0008 0009 0006 0007 0008 0009 0006 0007 0008 0009 0006 0007 0008 0009 0006 0007 0008 0009 0006 0007 0008
0011 0012 0003 000B 000C 0001 0002 0002 0002 0002 0002 0002 0002 0002 0002 0002 0002 0002 0002 0002 0002 0002 0002 0002 0013 0001 0002 0002 0002 0002 0013 0001
0003 0004 0003 0010 0003 0004 0005 0006 0007 0008 0009 0006 0007 0008 0009 0006 0007 0008 0009 0006 0007 0008 0009 0006 000F 0004 0005 000A 0014 0015 0003 0010
0003 000B 0003 0012 0003 000B 000C 0001 0002 0002 0002 0002 0002 0002 0002 0002 0002 0002 0002 0002 0002 0002 0002 0002 0016 0017 0018 0012 0018 000B 0003 0012
0003 0010 0003 0004 0003 0010 0003 0004 0005 0006 0007 0008 0009 0006 0007 0008 0009 0006 0007 0008 0009 0006 0007 0008 0009 000A 0003 0004 0003 0010 0003 0004
0003 0012 0003 000B 0003 0012 0003 000B 000C 0001 0002 0002 0002 0002 0002 0002 0002 0002 0002 0002 0002 0002 0002 0002 0019 0012 0003 000B 0003 0012 0003 000B
0003 0004 0003 0010 0003 0004 0003 0010 0003 0004 0005 0006 0007 0008 0009 000A 0014 0008 0009 0006 0007 0008 0009 000A 0003 0004 0003 0010 0003 0004 0003 0010
0003 000B 0003 0012 0003 000B 0003 0012 0003 000B 000C 0001 0002 0002 000D 000E 000C 0001 0002 0002 0002 0002 0019 0012 0003 000B 0003 0012 0003 000B 0003 0012
0003 0010 0003 0004 0003 0010 0003 0004 0003 0010 0003 0004 0005 0006 0007 0008 000F 0010 0014 0008 0009 000A 0003 0004 0003 0010 0003 0004 0003 0010 0003 0004
0003 0012 0003 000B 0003 0012 0003 000B 0003 0012 0003 000B 001A 0013 0001 0002 0016 000E 000C 0001 0019 0012 0003 000B 0003 0012 0003 000B 0003 0012 0003 000B
0003 0004 0003 0010 0003 0004 0003 0010 0003 0004 0003 0010 0014 000F 001B 0006 0007 0008 000F 0010 0003 0004 0003 0010 0003 0004 0003 0010 0003 0004 0003 0010
0003 000B 0003 0012 0003 000B 0003 0012 0003 000B 0003 0012 000C 001C 0002 0002 0002 0002 0016 000E 0003 000B 0003 0012 0003 000B 0003 0012 0003 000B 0003 0012
0003 0010 0003 0004 0003 0010 0003 0004 0003 0010 0003 0004 0003 001D 0007 0015 001E 001F 0014 0015 0003 0010 0003 0004 0003 0010 0003 0004 0003 0010 0003 0004
0003 0012 0003 000B 0003 0012 0003 000B 0003 0012 0003 000B 0020 0001 0019 000B 0021 001E 0018 000B 0003 0012 0003 000B 0003 0012 0003 000B 0003 0012 0003 000B
0003 0004 0003 0010 0003 0004 0003 0010 0003 0004 0003 0010 0003 0004 0003 001D 0007 0008 000F 0010 0003 0004 0003 0010 0003 0004 0003 0010 0003 0004 0003 0010
0003 000B 0003 0012 0003 000B 0003 0012 0003 000B 0003 0012 0022 0017 0020 0001 0002 0002 0016 000E 0003 000B 0003 0012 0003 000B 0003 0012 0003 000B 0003 0012
0003 0010 0003 0004 0003 0010 0003 0004 0003 0010 0003 0023 0009 000A 0003 0023 0024 0025 0007 0008 000F 0010 0003 0004 0003 0010 0003 0004 0003 0010 0003 0004
0003 0012 0003 000B 0003 0012 0003 000B 0003 0012 0020 0001 0019 0012 0026 000D 0027 001A 0002 0002 0011 0012 0003 0028 000F 0012 0003 000B 0003 0012 0003 000B
0003 0004 0003 0010 0003 0004 0003 0010 0003 0004 0003 0010 0003 0023 0009 0006 0007 0008 0009 0006 000F 0004 0020 0001 0016 0027 0003 0010 0003 0004 0003 0010
0003 000B 0003 0012 0003 000B 0003 0012 0003 000B 0003 0012 0026 0002 0002 0002 0002 0002 0002 0002 0016 0017 0022 000E 0025 0029 0003 0012 0003 000B 0003 0012
0003 0010 0003 0004 0003 0010 0003 0004 0003 0010 0003 0004 0005 0006 0007 0008 0009 0006 0007 0008 0009 0006 0007 0015 0018 0010 0003 0004 0003 0010 0003 0004
0003 0012 0003 000B 0003 0012 0022 0017 0003 0012 0022 0017 001A 0013 0001 0002 0002 0002 0002 0002 0002 0002 000D 0017 0003 0012 0003 000B 0003 0012 0003 000B
0003 0004 0003 0010 0003 0023 0009 0006 000F 0023 0009 0006 0007 000F 001B 0006 0007 0008 0009 0006 0007 0008 0009 0006 000F 0023 000F 001D 000F 0004 0003 0010
0003 000B 0003 0012 0020 0001 0002 0002 002A 0002 0002 0002 0002 002A 0002 0002 0002 0002 0002 0002 0002 0002 0002 0002 002A 0002 002A 0002 0016 0017 0003 0012
0003 0010 0003 0004 0022 002B 0014 0008 0009 0006 0007 0008 0009 0006 0007 0008 0009 0006 0007 0008 0009 0006 0007 0008 0009 0006 0007 0008 0009 0006 000F 0004
0003 0012 0022 0017 002C 001E 001A 0002 0002 0002 0002 0002 0002 0002 0002 0002 0002 0002 0002 0002 0002 0002 0002 0002 0002 0002 0002 0002 0002 0002 0016 0017
0003 0004 001E 001F 002D 002E 0009 0006 0007 0008 0009 0006 0007 0008 0009 0006 0007 0008 0009 0006 0007 0008 0009 0006 0007 0008 0009 0006 0007 0008 0009 000A
0003 000B 002C 001E 001F 001A 0002 0002 0002 0002 0002 0002 0002 0002 0002 0002 0002 0002 0002 0002 0002 0002 0002 0002 0002 0002 0002 0002 0002 0002 000D 000E
000F 001D 0007 0008 0009 0006 0007 0008 0009 0006 0007 0008 0009 0006 0007 0008 0009 0006 0007 0008 0009 0006 0007 0008 0009 0006 0007 0008 0009 0006 0007 0008
