ATARI GAUNTLET MOTION OBJECT 16X16 TILEMAP
SOURCE: level-050.png
GRID: 32 X 32
TILE_SIZE: 16 X 16
ATLAS_TILES: 864
UNIQUE_PIXEL_TILES: 169
CONNECTED_OBJECT_GROUPS: 34

0020 0000 0000 0000 0000 0000 0000 0000 0000 0000 0000 0000 0000 0000 0000 0000 0025 0000 0000 0000 0000 0000 0000 0000 0000 0000 0000 0000 0000 0000 0029 002A
0040 0041 0000 0000 0000 0000 0000 0000 0000 002C 002D 0000 0000 0042 0043 0044 0045 0000 0000 0000 0000 0000 0000 0000 0000 0000 0000 0046 0047 0048 0049 004A
0000 0000 0000 002E 0000 0000 0000 0000 004B 004C 004D 0000 0000 0062 0063 0064 0065 0000 0000 0000 0000 0000 0000 0000 0000 0000 0000 0066 0067 0068 0000 0000
0000 0000 0000 0000 0000 0000 0000 0000 0000 0000 0000 0000 0000 0000 0000 0000 0000 0000 0000 002F 0030 0031 0000 0000 0000 0000 0000 0000 0000 0000 0000 0000
0000 0000 0000 0000 0000 0000 0000 0000 0032 0033 0034 0000 0000 0000 0000 008D 0000 0000 0000 004F 0050 0051 0000 0000 0000 0000 0000 0000 0000 0092 0093 0094
0000 0000 0000 0000 0000 0000 0000 0000 0052 0053 0054 0000 0000 00AB 00AC 0000 0000 0000 0000 0000 0000 0000 0000 0000 0000 00AE 00AF 00B0 0000 00B2 00B3 00B4
0000 0000 0000 0000 0000 0000 0000 0000 0000 0000 0000 0000 00CA 00CB 00CC 0000 0000 0000 0000 0000 0000 0000 0000 0000 0000 00CE 00CF 00D0 0000 00D2 00D3 00D4
0000 0000 0000 00E1 00E2 00E3 00E4 00E5 00E6 00E7 0000 00E9 0000 0000 0000 0000 0000 0000 0000 0000 0000 0000 0000 0000 0000 0000 0000 00F0 00F1 00F2 00F3 00F4
0000 0000 0100 0101 0102 0103 0104 0105 0106 0107 0000 0109 0000 0000 0000 0000 0000 0000 0000 0096 0097 0098 0000 0000 0000 0000 0000 0110 0111 0112 0113 0114
0000 0000 0000 0000 0000 0000 0000 0000 0000 0000 0128 0129 0000 0099 009A 009B 0000 0000 00B5 00B6 00B7 00B8 0000 0000 0000 012E 012F 0130 0131 0132 0133 0134
0000 0000 0000 0000 0000 0000 0000 0000 0000 0000 0000 0000 0000 00B9 00BA 00BB 0000 0000 0000 0000 0000 0000 0000 0000 0000 014E 014F 0150 0151 0152 0153 0154
0000 0000 0000 0000 0000 0000 0000 0000 0000 0000 0000 0000 0000 0000 0000 0000 0000 0000 0000 0000 0000 0000 0000 0000 0000 0000 0000 0000 0000 0000 0000 0000
0000 0000 0000 0000 0000 0000 0000 0000 0000 0000 0000 0000 0000 0000 0000 0000 0000 0000 0000 0000 0000 0000 0000 0000 0000 0000 0000 0000 0000 0000 0000 0000
009C 0000 0000 0000 009D 009E 009F 0000 0000 0000 0161 0162 0163 0164 0165 0166 0167 0168 0169 016A 016B 016C 016D 016E 016F 0170 0171 0000 0000 0000 0174 0175
0000 0000 0000 0000 00BD 00BE 00BF 0000 0000 0180 0181 0182 0183 0184 0185 0186 0187 0188 0189 018A 018B 018C 018D 018E 018F 0190 0191 0192 0000 0193 0194 0195
0000 0000 0000 0000 0000 0000 0000 0000 0000 01A0 01A1 01A2 01A3 01A4 01A5 01A6 01A7 01A8 01A9 01AA 01AB 01AC 01AD 01AE 01AF 01B0 01B1 01B2 0000 0000 0000 0000
0000 0000 0000 0000 0000 0000 0000 0000 0000 0000 0000 0000 0000 0000 0000 0000 01C7 01C8 01C9 01CA 01CB 01CC 01CD 01CE 01CF 01D0 0000 0000 0000 0176 0177 0178
0000 0000 0000 0000 0179 017A 017B 0000 0000 0000 0000 01E0 01E1 01E2 0000 0000 0000 0000 0000 0000 0000 0000 0000 0000 0000 0000 0000 0000 0000 0196 0197 0198
0000 0000 0000 0000 0199 019A 019B 0000 0000 0000 0000 0200 0201 0202 0000 0000 0000 0000 0000 0000 0000 0000 0000 0000 0000 0000 0000 0000 0000 0000 0000 0000
0000 0000 0000 0000 0000 0000 0000 01BC 01BD 01BE 0000 0000 0000 0000 0000 0000 0000 0000 0000 0000 0000 0000 0000 0000 0000 0000 0000 0000 0000 0000 0000 0000
0000 0000 0000 0000 0000 0000 0000 01DC 01DD 01DE 0000 0000 0000 01E3 0000 0000 0000 0000 0000 0000 0000 0000 0000 0000 0000 0000 0000 0000 01E4 01E5 01E6 0000
0000 0000 01E7 01E8 01E9 01EA 0000 0000 0000 0000 0000 0000 0000 0203 0000 0000 0000 0000 0000 01EF 01F0 0000 0000 0000 0000 0000 0000 0000 0204 0205 0206 0000
0000 0000 0207 0208 0209 0000 020B 020C 020D 0000 0000 0000 0000 0000 0000 0000 0000 0000 020E 020F 0210 0000 0000 01F1 01F2 01F3 0000 0000 0000 0000 0000 0000
0000 0000 0000 0000 0000 0000 022B 022C 022D 0000 0000 0000 0000 0000 0000 0000 0000 0000 0000 0000 0000 0000 0000 0211 0212 0213 0000 0000 0000 0000 0000 0000
0000 0000 0000 0248 0249 024A 0000 0000 0000 0000 0000 0000 0000 01F9 0000 0000 0000 0000 0000 0000 0000 0000 0000 0000 0000 0233 0234 0235 0236 0237 0238 0000
0000 0000 0000 0268 0269 026A 0000 0000 0000 0000 0000 0000 0000 0219 0000 0000 0000 0000 02A5 02A6 0000 0000 0000 0000 0000 0253 0254 0255 0256 0257 0258 0000
0000 0000 0000 0000 0000 0000 0000 0000 0000 0000 0000 0000 0000 0000 0000 0000 0000 02C4 02C5 02C6 0000 0000 0000 0271 0272 0273 0000 0000 0000 0000 0000 0000
0000 0000 0000 02A7 02A8 02A9 0000 0000 0000 0000 02AA 0000 0000 0000 02E1 02E2 02E3 0000 0000 0000 0000 0000 0000 0291 0292 0293 0000 0000 0000 0000 0000 0000
0000 0000 0000 02C7 02C8 02C9 0000 0000 0000 0000 02CA 0000 0000 0000 0301 0302 0303 0000 0000 0000 02AC 02AD 0000 0000 0000 0000 0000 0000 02AE 02AF 02B0 0000
0000 0000 0000 0000 0000 0000 0000 0000 0000 0000 02EA 0000 0000 0320 0000 0000 0000 0000 0000 02CB 02CC 02CD 0000 0000 0000 0000 0000 0000 02CE 02CF 02D0 0000
02B1 02B2 02B3 0000 0000 0000 0000 0000 0000 0000 0000 0000 0000 0340 0000 0000 0000 0000 0000 0000 0000 02ED 0000 02B4 02B5 02B6 0000 0000 0000 0000 0000 0000
02D1 02D2 02D3 0000 0000 0000 0000 0000 0000 02B7 0000 0000 0000 0000 0000 0000 0000 02B8 0000 0000 0000 030D 0000 02D4 02D5 02D6 0000 0000 0000 0000 0000 02B9
