ATARI GAUNTLET MOTION OBJECT 16X16 TILEMAP
SOURCE: level-004.png
GRID: 32 X 32
TILE_SIZE: 16 X 16
ATLAS_TILES: 800
UNIQUE_PIXEL_TILES: 148
CONNECTED_OBJECT_GROUPS: 25

0000 0000 0000 0000 0000 0000 0000 0000 0000 0000 0000 0021 0022 0023 0000 0000 0000 0000 0000 0000 0000 0000 0029 002A 002B 0000 0000 0000 0000 0000 0000 0000
0000 0000 0000 0000 0000 0000 002E 002F 0030 0000 0040 0041 0042 0043 0000 0000 0000 0044 0045 0046 0000 0000 0049 004A 004B 0000 0000 0000 0000 0000 0000 0000
0000 0000 0000 0000 0000 0000 004E 004F 0050 0000 0000 0000 0000 0000 0000 0000 0000 0064 0065 0066 0000 0000 0069 006A 006B 0000 0000 0000 0000 0000 0000 0000
0000 0032 0033 0034 0000 0000 0000 0000 0000 0000 0000 0000 0000 0000 0000 0000 0000 0000 0000 0086 0087 0088 0000 0000 0000 0000 0000 0000 0000 0000 0000 0000
0000 0052 0053 0054 0000 0000 0000 0000 0000 0000 0000 003A 003B 003C 0000 0000 0000 0000 0000 00A6 00A7 00A8 00A9 0000 0000 0000 0000 0000 0000 0000 0000 0000
0071 0072 0073 0074 0000 0000 0000 0000 0000 0000 0000 005A 005B 005C 0000 0000 0000 0000 0000 0000 00C7 00C8 00C9 00CA 0000 0000 0000 0000 0000 003D 003E 003F
0091 0000 0000 0000 0095 0096 0097 0000 0000 0000 0000 0000 0000 0000 0000 0000 0000 0000 0000 0000 0000 00E8 00E9 00EA 00EB 00EC 00ED 0000 0000 005D 005E 005F
0000 0000 0000 0000 00B5 00B6 00B7 0000 0000 0000 0000 0000 0000 0000 0000 0000 0000 0000 0000 0000 0000 0000 0000 010A 010B 010C 010D 0000 0000 0000 0000 0000
0000 0000 0000 0000 00D5 00D6 00D7 0000 0000 0000 0000 0000 0000 0000 0000 0000 0000 0000 0000 0000 0000 0000 0000 0000 0000 0000 0000 0000 0000 0000 0000 0000
00F1 00F2 00F3 00F4 00F5 00F6 0000 0000 0000 0000 0000 0000 0000 0000 0000 0000 0000 0000 0000 0000 0000 0000 0000 0000 0000 0000 0000 0000 0000 01E0 01E1 01E2
0111 0112 0113 0114 0115 0116 0000 0000 0000 0000 0000 0000 0000 0000 0000 0000 0000 0000 0000 01E4 01E5 01E6 0000 0000 0000 0000 0000 0000 0000 0200 0201 0202
0000 0000 0000 0000 0135 0136 0137 0000 0000 0000 0000 01E7 0000 0000 0000 0000 0000 0000 0203 0204 0205 0206 0000 0000 0000 0000 0000 0000 0000 0000 0000 0000
0151 0152 0153 0154 0155 0156 0157 0000 0000 0000 0000 0000 0000 0000 0000 0000 0000 0000 0000 0000 0000 0000 0000 0000 0000 0000 0000 0000 0000 0000 0000 0000
0171 0172 0173 0174 0000 0000 0177 0178 0179 0000 0000 0000 0000 0000 0000 0000 0000 0000 0000 0000 0000 0000 0000 0000 0000 0000 0000 0000 0000 0000 0000 01E9
0191 0000 0000 0000 0000 0000 0197 0198 0199 0000 0000 0000 0000 0000 0000 0000 0000 0000 0000 0000 0000 0000 0000 0000 0000 0000 0000 0000 0000 0000 0208 0209
0000 01B2 01B3 01B4 0000 0000 0000 0000 0000 0000 0000 0000 0000 0000 0000 0000 0000 0000 0000 0000 0000 0000 0000 0000 0000 0000 0000 0000 0000 0000 0000 0000
0000 01D2 01D3 01D4 0000 0000 0000 0000 0000 0000 0000 0000 0000 0000 0000 0000 01EA 0000 0000 0000 0000 0000 0000 0000 0000 0000 0000 0000 0000 0000 0000 0000
0000 0000 0000 0000 0000 0000 0000 0000 0000 0000 0000 0000 0000 0000 0000 0000 0000 0000 0000 0000 0000 0000 0000 0000 0000 0000 0000 0000 0000 0000 01EC 01ED
0000 0000 0000 0000 0000 0000 0000 0000 0000 0000 0000 0000 0000 0000 0000 0000 0000 0000 0000 01EE 01EF 01F0 0000 0000 0000 0000 0000 0000 0000 020B 020C 020D
0000 0000 0000 0000 0000 0000 0000 0000 0000 0000 0000 0000 0000 0000 0000 0000 0000 0000 0000 020E 020F 0210 0000 0000 0000 0000 0000 0000 0000 0000 0000 0000
0000 0000 0000 0000 0000 0000 0000 0000 0000 0000 0000 0000 0000 0000 0000 0000 0000 0000 0000 022E 022F 0230 0000 01F1 01F2 01F3 0000 01F7 01F8 01F9 0000 0000
01FC 0000 0000 0000 0000 0000 0000 0000 0000 0000 0000 02A2 02A3 0000 0000 0000 02A5 02A6 0000 024E 024F 0250 0000 0211 0212 0213 0000 0217 0218 0219 021A 021B
021C 0000 0000 0000 0000 0000 0000 0000 0000 0000 02C1 02C2 02C3 0000 0000 02C4 02C5 02C6 0000 026E 026F 0270 0000 0231 0232 0233 0000 0000 0000 0000 023A 023B
023C 0000 0000 0000 0000 0000 0000 0000 0000 0000 02E1 02E2 0000 0000 0000 0000 0000 0000 0000 0000 0000 0000 0000 0000 0000 0000 0254 0255 0256 0000 025A 025B
0000 0000 0000 0000 0000 0000 0000 0000 0000 0300 0301 0302 0000 0000 0000 0000 0000 0000 0000 0000 0000 0000 0000 0000 0000 0000 0274 0275 0276 0000 0000 0000
0000 0000 0000 0000 0000 0000 0000 0000 0000 0000 0000 0000 0000 0000 0000 0000 0000 0000 0000 0000 0000 0000 0000 0000 0000 0000 0294 0295 0296 0000 0000 0000
0000 0000 0000 0000 0000 02A7 02A8 02A9 02AA 0000 0000 0000 0000 0000 0000 02AB 02AC 02AD 02AE 0000 0000 0000 0000 0000 0000 0000 0000 0000 0000 0000 0000 0000
02AF 02B0 02B1 0000 0000 02C7 02C8 02C9 02CA 0000 0000 0000 0000 0000 0000 02CB 02CC 02CD 02CE 0000 0000 0000 0000 0000 0000 0000 0000 0000 0000 0000 0000 0000
02CF 02D0 02D1 0000 0000 0000 0000 0000 0000 0000 0000 0000 0000 0000 0000 0000 0000 0000 0000 0000 0000 0000 0000 0000 0000 0000 0000 0000 0000 02B5 02B6 02B7
02EF 0000 0000 0000 0000 0000 0000 0000 0000 0000 0000 0000 0000 02B8 0000 0000 0000 0000 0000 0000 0000 0000 0000 0000 0000 0000 02D2 02D3 02D4 02D5 02D6 02D7
0000 0000 0000 0000 02B9 02BA 02BB 0000 0000 0000 0000 0000 0000 02D8 0000 0000 0000 0000 0000 0000 0000 0000 02BD 02BE 0000 0000 02F2 02F3 02F4 0000 0000 0000
0000 0000 0000 0000 02D9 02DA 02DB 0000 0000 0000 0000 0000 0000 0000 0000 0000 0000 0000 0000 0000 0000 02DC 02DD 02DE 0000 0000 0000 0000 0000 0000 0000 0000
