ATARI GAUNTLET MOTION OBJECT 16X16 TILEMAP
SOURCE: level-019.png
GRID: 32 X 32
TILE_SIZE: 16 X 16
ATLAS_TILES: 864
UNIQUE_PIXEL_TILES: 152
CONNECTED_OBJECT_GROUPS: 28

0020 0000 0000 0000 0000 0000 0000 0000 0000 0000 0000 0022 0023 0024 0000 0000 0000 0000 0000 0025 0026 0027 0028 0029 002A 0000 0000 0000 0000 0000 002B 002C
0040 0000 0000 0000 0000 0000 0000 0000 0000 0000 0041 0042 0043 0044 0000 0000 0000 0000 0000 0045 0046 0047 0048 0049 004A 0000 0000 0000 0000 0000 004B 004C
0000 0000 002D 0000 0000 0000 0000 0000 0000 0000 0000 0000 0000 0000 0000 0000 0000 0000 0000 0000 0000 0000 0000 0000 0000 0000 0000 0000 0000 0000 0000 0000
0000 0000 0000 0000 0000 0000 0000 0000 0000 0000 0000 0000 0000 0000 0000 0000 0000 0000 0000 0000 0000 0000 0000 0000 0000 0000 0000 0000 0000 0000 0000 0000
002E 002F 0030 0031 0000 0000 0032 0033 0034 0000 0000 0000 0035 0036 0037 0000 0000 0000 0000 003B 003C 003D 0000 0000 0000 0000 0000 0000 0000 0000 0000 0000
004E 004F 0050 0051 0000 0000 0052 0053 0054 0000 0000 0000 0055 0056 0057 0000 0000 0000 0000 005B 005C 005D 0000 0000 0000 0000 0000 0000 0000 0000 0000 0000
006E 006F 0070 0000 0000 0000 0000 0000 0000 0000 0000 0000 0000 0000 0000 0078 0079 007A 0000 0000 0000 0000 0000 0000 0000 0000 0000 0000 0000 0000 0000 0000
008E 008F 0090 0000 0000 0000 0000 0000 0120 0121 0122 0000 0000 0000 0000 0098 0099 009A 0000 0000 0000 0123 0124 0125 0000 0000 0000 0000 0000 0000 0000 0000
00AE 0000 0000 0000 0000 0000 0000 0000 0140 0141 0142 0000 0000 0000 0000 0000 0000 0000 0000 0000 0000 0143 0144 0145 0000 0000 0000 0000 0000 0000 0127 0128
00CE 0000 0000 0000 0000 0000 0000 0000 0000 0000 0000 0000 0000 0000 0000 0000 0000 0000 0000 0000 0000 0000 0000 0000 0000 0000 0000 0000 0000 0000 0147 0148
00EE 0000 0000 0000 0000 0129 012A 012B 0000 0000 0000 0000 0000 0000 012C 012D 012E 0000 0000 0000 0000 0000 0000 0000 0000 0000 0000 0000 0000 0000 0167 0168
010E 0000 0000 0000 0000 0149 014A 014B 0000 0000 0000 0000 0000 0000 014C 014D 014E 0000 0000 0000 0000 0000 0000 0000 0000 0000 0000 0000 0000 0186 0187 0188
0000 0000 0000 0000 0000 0000 0000 0000 0000 0000 0000 0000 0000 0000 016C 016D 016E 0000 0000 0000 0000 0000 0000 0000 0000 0000 0000 0000 0000 0000 0000 0000
0000 0000 0000 0000 0000 0000 0000 0000 0000 0000 0000 0000 0000 0000 018C 018D 018E 018F 0190 0000 0000 0131 0132 0133 0000 0000 0000 0000 0000 0134 0135 0136
0137 0138 0139 0000 0000 0000 0000 0000 0000 0000 0000 0000 0000 0000 0000 0000 01AE 01AF 01B0 0000 0000 0151 0152 0153 0000 0000 0000 0000 0000 0154 0155 0156
0157 0158 0159 0000 0000 0000 0000 0000 0000 0000 0000 0000 0000 0000 0000 0000 0000 0000 0000 0000 0000 0000 0000 0000 0000 0000 0000 0000 0000 0000 0000 0000
0177 0178 0179 0000 0000 013A 013B 013C 0000 0000 0000 0000 0000 0000 013D 0000 0000 0000 0000 0000 0000 0000 0000 0000 0000 0000 01C1 01C2 0000 0000 0000 0000
0197 0198 0199 0000 0000 015A 015B 015C 0000 0000 0000 0000 0000 0000 015D 0000 0000 0000 0000 0000 0000 0000 0000 0000 0000 01E0 01E1 01E2 0000 0000 0000 0000
0000 0000 0000 0000 0000 0000 0000 0000 0000 0000 0000 0000 0000 0000 0000 0000 0000 0000 0000 0000 0000 0000 0000 0000 0000 0000 0000 0000 0000 0000 0000 0000
01C3 0000 0000 0000 0000 0000 0000 0000 0000 0000 0000 0000 0000 0000 0000 0000 0000 0000 0000 0000 0000 0000 0000 0000 0000 0000 0000 0000 0000 0000 01CC 01CD
01E3 0000 0000 0000 0000 0000 0000 0000 0000 0000 0000 0000 0000 0000 0000 0000 0000 0000 0000 0000 0000 0000 0000 0000 0000 0000 0000 0000 0000 0000 01EC 01ED
0203 0000 0000 0000 0000 0000 0000 020A 020B 0000 0000 01CE 01CF 01D0 0000 0000 0000 01D4 01D5 01D6 0000 01D8 01D9 0000 0000 0000 0000 0000 0000 0000 020C 020D
0223 0000 0000 0000 0000 0000 0229 022A 022B 0000 0000 01EE 01EF 01F0 0000 0000 0000 01F4 01F5 01F6 01F7 01F8 01F9 0000 0000 0000 0000 0000 0000 0000 022C 022D
0243 0000 0000 0000 0000 0000 0000 024A 024B 0000 0000 020E 020F 0210 0211 0212 0000 0214 0215 0216 0217 0000 0000 021A 021B 021C 021D 021E 021F 0000 024C 024D
0263 0000 0000 0000 0000 0000 0269 026A 026B 0000 0000 022E 022F 0230 0231 0232 0000 0234 0235 0236 0237 0000 0000 023A 023B 023C 023D 023E 023F 0000 026C 026D
0000 0284 0285 0286 0287 0288 0000 0000 0000 0000 0000 0000 0000 0000 0251 0252 0253 0254 0255 0256 0257 0258 0259 025A 025B 025C 0000 0000 0000 0000 0000 0000
02A3 02A4 02A5 02A6 02A7 02A8 0000 0000 0000 0000 0000 0000 026F 0270 0271 0272 0273 0274 0275 0276 0277 0278 0279 027A 027B 027C 0000 0000 0000 0000 0000 0000
02C3 02C4 02C5 0000 0000 0000 0000 0000 0000 0000 0000 0000 028F 0290 0291 0000 0000 0000 0000 0000 0000 0000 0000 0000 0000 0000 0000 0000 0000 0000 0000 0000
0000 0000 0000 0000 0000 02E1 02E2 02E3 0000 0000 0000 0000 02AF 0000 0000 0000 0000 0000 0000 0000 0000 0000 0000 0000 0000 0000 0000 0000 0000 0000 0000 0000
0000 0000 0000 0000 0300 0301 0302 0303 0000 0000 0000 0000 0000 0000 0000 0000 0000 0000 0000 0000 0000 0000 0000 0000 0000 0000 0000 0000 0000 0000 0000 0000
02E6 0000 0000 0000 0320 0321 0322 0323 0324 0325 0000 0000 0000 0000 02E7 0000 0000 0000 0000 02E8 02E9 02EA 0000 0000 0000 0000 0000 0000 0000 02EB 02EC 02ED
0306 0000 0000 0000 0000 0000 0000 0343 0344 0345 0000 0000 0000 0000 0307 0000 0000 0000 0000 0308 0309 030A 0000 0000 0000 0000 0000 0000 0000 030B 030C 030D
