ATARI GAUNTLET MOTION OBJECT 16X16 TILEMAP
SOURCE: level-043.png
GRID: 32 X 32
TILE_SIZE: 16 X 16
ATLAS_TILES: 1408
UNIQUE_PIXEL_TILES: 223
CONNECTED_OBJECT_GROUPS: 17

0020 0021 0022 0000 0000 0000 0000 0000 0000 0000 0000 0000 0000 0000 0000 0000 0000 0000 0000 0000 0000 0000 0000 0000 0000 0000 0000 0000 0000 0000 0000 0000
0040 0041 0042 0000 0000 0000 0000 0000 0000 0000 0000 0000 0000 0000 0000 0000 0000 0000 0000 0000 0000 0000 0000 0031 0032 0033 0034 0035 0036 0037 0038 0039
0060 0061 0000 0000 0000 0000 0000 0000 0000 0043 0044 0045 0046 0047 0048 0049 004A 004B 004C 004D 004E 004F 0050 0051 0052 0053 0054 0055 0056 0057 0058 0059
0000 0081 0000 0000 0000 0000 0000 0000 0000 0000 0064 0065 0066 0000 0000 0069 006A 006B 0000 006D 006E 006F 0070 0071 0000 0000 0000 0000 0000 0000 0000 0000
0000 0000 0000 0000 0000 0000 003A 0000 0000 0000 0084 0085 0086 0000 0088 0089 008A 008B 0000 008D 008E 008F 0090 0091 0000 0000 0000 0000 0000 0000 0000 0000
0000 0000 0000 0000 0000 0000 005A 0000 0000 00A3 00A4 00A5 0000 0000 0000 00A9 00AA 00AB 0000 0000 0000 0000 0000 0000 0000 0000 0000 0000 0000 0000 0000 0000
0000 0000 0000 0000 0000 0000 0000 0000 0000 00C3 00C4 00C5 0000 0000 0000 0000 0000 0000 0000 0000 0000 0000 00E0 00E1 00E2 00E3 00E4 00E5 00E6 00E7 00E8 00E9
0000 0121 0000 0000 0000 0000 0000 0000 0000 0000 0000 0000 0000 0000 0000 0000 0000 0000 0000 0000 0000 0000 0000 0101 0102 0103 0104 0105 0106 0107 0108 0109
0140 0141 0142 0000 0000 0000 0000 0147 0148 0000 0000 0000 0000 0000 0000 0000 0000 0000 0000 0000 0000 0000 0000 0000 0000 0000 0000 0000 0000 0000 0000 0000
0160 0161 0162 0000 0000 0000 0166 0167 0168 0000 0000 016B 016C 0000 0000 0000 0000 0000 0000 0000 0000 0175 0176 0000 0000 0000 0000 0000 0000 0000 0000 0000
0180 0000 0182 0183 0184 0000 0000 0000 0000 0189 018A 018B 018C 018D 0000 0000 0000 0000 0000 0193 0194 0195 0196 0197 0000 0000 0000 0000 0000 013B 013C 013D
01A0 01A1 01A2 01A3 01A4 0000 0000 01A7 01A8 01A9 01AA 01AB 01AC 01AD 0000 0000 0000 0000 0000 01B3 01B4 01B5 01B6 01B7 0000 0000 0158 0159 015A 0000 0000 0000
01C0 01C1 01C2 0000 0000 0000 0000 01C7 01C8 01C9 01CA 01CB 0000 0000 01CE 01CF 01D0 01D1 01D2 0000 0000 01D5 01D6 01D7 0000 0000 0178 0179 017A 0000 0000 0000
01E0 01E1 01E2 01E3 0000 01E5 0000 0000 0000 01E9 01EA 01EB 0000 0000 0000 0000 0000 0000 0000 0000 0000 01F5 01F6 01F7 0000 0000 0000 0000 0000 0000 0000 0000
0200 0201 0202 0203 0204 0205 0206 0207 0208 0000 0000 0000 0000 0000 0000 0000 0000 0000 0000 0000 0000 0000 0000 0000 0000 0000 0000 0000 0000 0000 0000 0000
0220 0221 0222 0223 0224 0225 0226 0227 0000 0000 0000 0000 0000 0000 0000 0000 0000 0000 0000 0000 0000 0000 0000 0000 0000 0000 0000 0000 0000 0000 013E 013F
0240 0241 0242 0243 0244 0245 0000 0247 0248 0249 0000 0440 0000 0000 0000 0000 0445 0000 0000 0000 0000 0449 0000 0000 0000 0000 0000 0000 0000 0000 015E 015F
0260 0261 0262 0263 0264 0265 0000 0267 0268 0269 0000 0460 0000 0000 0000 0000 0000 0000 0000 0000 0000 0469 0000 0000 0000 0451 0452 0453 0000 0000 0000 0000
0280 0281 0282 0283 0000 0285 0000 0000 0000 0000 0000 0000 0481 0000 0000 0000 0000 0000 0000 0000 0488 0000 0000 0000 0000 0471 0472 0473 0000 0000 0000 0000
02A0 02A1 02A2 02A3 0000 02A5 02A6 02A7 02A8 02A9 0000 0000 0000 04A2 04A3 04A4 0000 0000 04A6 04A7 04A8 04A9 04AA 04AB 0000 0000 0000 0000 0000 0000 0000 0000
0000 02C1 0000 0000 0000 0000 0000 0000 0000 0000 02CA 0000 0000 04C2 04C3 04C4 0000 0000 04C6 04C7 04C8 04C9 04CA 04CB 04CC 04CD 0000 0000 0000 0000 0000 0000
02E0 02E1 02E2 02E3 02E4 02E5 02E6 02E7 02E8 02E9 02EA 02EB 0000 0000 0000 0000 0000 0000 0000 0000 0000 0000 0000 04EB 04EC 04ED 04EE 04EF 04F0 0000 0000 0000
0300 0301 0302 0303 0304 0305 0000 0307 0000 0309 030A 030B 0000 0000 0000 0000 0000 0000 0000 0000 0000 0000 0000 0000 0000 0000 050E 050F 0510 0000 0000 0000
0320 0321 0322 0323 0324 0325 0000 0327 0328 0000 0000 032B 0000 0454 0455 0456 0457 0458 0459 0000 0000 0000 0000 0000 0000 0000 0000 0000 0000 0000 0000 0000
0340 0341 0000 0000 0000 0000 0000 0347 0348 0349 034A 034B 0000 0474 0475 0476 0477 0478 0479 0000 0000 0000 0000 0000 0000 0000 0000 0000 0000 045A 045B 045C
0360 0361 0362 0363 0364 0365 0366 0367 0368 0369 0000 036B 0000 0000 0000 0000 0497 0498 0499 0000 0000 0000 0000 0000 0000 0000 0000 0000 0000 0000 0000 0000
0380 0381 0382 0000 0384 0000 0000 0387 0388 0389 0000 038B 0000 0000 0000 0000 04B7 04B8 04B9 0000 0000 0000 045D 045E 045F 0000 0000 0000 0000 0000 0000 0000
03A0 03A1 03A2 0000 03A4 03A5 03A6 03A7 03A8 03A9 03AA 03AB 0000 04D4 04D5 04D6 0000 0000 0000 0000 0000 0000 047D 047E 047F 0000 0000 0000 0000 0000 0000 0000
03C0 03C1 03C2 03C3 03C4 03C5 03C6 03C7 03C8 03C9 0000 03CB 0000 04F4 04F5 04F6 0000 0000 0000 0000 0000 0000 0000 0000 0000 0000 0000 0000 0000 0000 0000 0000
03E0 03E1 03E2 0000 03E4 03E5 03E6 03E7 0000 03E9 03EA 03EB 0000 0000 0000 0000 0000 0000 0000 0000 0000 0000 0000 0000 0520 0521 0522 0000 0000 0523 0524 0525
0400 0401 0402 0000 0404 0405 0406 0407 0000 0409 040A 040B 0000 040D 040E 040F 0000 0526 0527 0528 0529 052A 052B 0000 0540 0541 0542 0000 0000 0543 0544 0545
0420 0000 0000 0000 0424 0425 0426 0427 0428 0429 042A 042B 042C 042D 042E 042F 0000 0546 0547 0548 0549 054A 054B 0000 0000 0000 0000 0000 0000 0000 0564 0565
