ATARI GAUNTLET PLAYFIELD 16X16 TILEMAP
SOURCE: level-034-playfield.png
GRID: 32 X 32
TILE_SIZE: 16 X 16
UNIQUE_TILES: 44

0000 0001 0002 0002 0002 0002 0002 0002 0002 0002 0002 0002 0002 0002 0002 0002 0003 0002 0003 0002 0002 0002 0002 0002 0002 0002 0002 0002 0002 0002 0002 0002
0004 0005 0006 0007 0008 0009 0006 0007 0008 0009 0006 0007 0008 0009 0006 0007 0008 0009 0006 0007 0008 0009 0006 0007 0008 0009 0006 0007 0008 0009 0006 0007
000A 000B 000C 000D 000E 000F 000C 000D 000E 000F 000C 000D 000E 000F 000C 000D 000E 000F 000C 000D 000E 000F 000C 000D 000E 000F 0010 0006 0011 000F 000C 000D
0000 0001 0002 0002 0002 0002 0002 0002 0002 0002 0002 0002 0002 0002 0002 0002 0002 0002 0002 0002 0002 0002 0002 0002 0002 0012 0013 0009 0014 0002 0002 0002
0004 0015 0007 0008 0009 0006 0007 0008 0009 0006 0007 0008 0009 0006 0007 0008 0009 0006 0007 0008 0009 0006 0007 0008 0009 0006 0007 0008 0009 0006 0007 0008
000A 0016 0017 0007 0018 000C 000D 000E 000F 000C 000D 000E 000F 000C 000D 000E 000F 000C 000D 000E 000F 000C 000D 000E 000F 000C 000D 000E 000F 000C 000D 000E
0000 0019 001A 0006 0014 0002 0002 0002 0002 0002 0002 0002 0002 0002 0002 0002 0002 001B 0001 0002 0002 0002 0002 0002 0002 0002 0002 0002 0002 0002 001B 0001
000A 001C 0008 0009 0006 0007 0008 0009 0006 0007 0008 0009 0006 0007 0008 0009 0006 0004 001D 0009 0006 0007 0008 0009 0006 0007 0008 0009 0006 0007 0004 0016
001E 0015 0007 0008 0009 0006 0007 0008 0009 0006 0007 0008 0009 0006 0007 0008 0009 0004 001C 0008 0009 0006 0007 0008 0009 0006 0007 0008 0009 0006 001F 0002
0004 0005 0006 0007 0008 0009 0006 0007 0008 0009 0006 0007 0008 0009 0006 0007 0008 0004 0015 0007 0008 0009 0006 0007 0008 0009 0006 0007 0008 0009 0006 0007
0004 001D 0009 0006 0007 0008 0009 0006 0007 0008 0009 0006 0007 0008 0009 0006 0007 0004 0005 0006 0007 0008 0009 0006 0007 0008 0009 0006 0007 0008 0009 0006
0004 001C 0008 0009 0006 0007 0008 0009 0006 0007 0008 0009 0006 0007 0008 0009 0006 0004 001D 0009 0006 0007 0008 0009 0006 0007 0008 0009 0006 0007 0008 0009
0004 0015 0007 0008 0009 0006 0007 0008 0009 0006 0007 0008 0009 0006 0007 0008 0009 0004 001C 0008 0009 0006 0007 0008 0009 0006 0007 0008 0009 0006 0007 0008
0004 0005 0006 0007 0008 0009 0006 0007 0008 0009 0006 0007 0008 0009 0006 0007 0008 0004 0015 0007 0008 0009 0006 0007 0008 0009 0006 0007 0008 0009 0006 0007
0004 001D 0009 0006 0007 0008 0009 0006 0007 0008 0009 0006 0007 0008 0009 0006 0007 0004 0005 0006 0007 0008 0009 0006 0007 0008 0009 0006 0007 0008 0009 0006
0004 001C 0008 0009 0006 0007 0008 0009 0006 0007 0008 0009 0006 0007 0008 0009 0006 0004 001D 0009 0006 0007 0008 0009 0006 0007 0008 0009 0006 0007 0008 0009
0004 0015 0007 0008 0009 0006 0007 0008 0009 0006 0007 0008 0009 0006 0007 0008 0009 0004 001C 0008 0009 0006 0007 0008 0009 0006 0007 0008 0009 0006 0007 0008
0004 0005 0006 0007 0008 0009 0006 0007 0008 0009 0006 0007 0008 0009 0006 0007 0008 0004 0015 0007 0008 0009 0006 0007 0008 0009 0006 0007 0008 0009 0006 0007
0004 001D 0009 0006 0007 0008 0009 0006 0007 0008 0009 0006 0007 0008 0009 0006 0007 0004 0005 0006 0007 0008 0009 0006 0007 0008 0009 0006 0007 0008 0009 0006
0004 001C 0008 0009 0006 0007 0008 0009 0006 0007 0008 0009 0006 0007 0008 0009 0006 0004 001D 0009 0006 0007 0008 0009 0006 0007 0008 0009 0006 0007 0008 0009
0004 0015 0007 0008 0009 0006 0007 0008 0009 0006 0007 0008 0009 0006 0007 0008 0009 0004 001C 0008 0009 0006 0007 0008 0009 0006 0007 0008 0009 0006 0007 0008
0004 0005 0006 0007 0008 0009 0006 0007 0008 0009 0006 0007 0008 0009 0006 0007 0008 0004 0015 0007 0008 0009 0006 0007 0008 0009 0006 0007 0008 0009 0006 0007
0004 001D 0009 0006 0007 0008 0009 0006 0007 0008 0009 0006 0007 0008 0009 0006 0007 0004 0005 0006 0007 0008 0009 0006 0007 0008 0009 0006 0007 0008 0009 0006
0004 001C 0008 0009 0006 0007 0008 0009 0006 0007 0008 0009 0006 0007 0008 0009 0006 0020 0013 0009 0006 0007 0008 0009 0006 0007 0008 0009 0006 0007 0008 0009
0004 0015 0007 0008 0009 0006 0007 0008 0009 0006 0007 0008 0009 0006 0007 0008 0009 0006 0007 0008 0009 0006 0007 0008 0009 0006 0007 0008 0009 0006 0007 0008
0004 0016 000D 000E 000F 000C 000D 000E 000F 000C 000D 000E 000F 000C 000D 000E 000F 000C 000D 000E 000F 000C 000D 000E 000F 000C 000D 000E 000F 000C 0017 0007
0021 0001 001B 0001 0002 0002 0002 0002 0002 0002 0002 001B 0001 001B 0001 0002 0002 001B 0001 0002 0002 001B 0001 001B 0001 0002 0002 0002 0002 0012 001A 0006
0004 001C 0004 0005 0006 0007 0008 0009 0006 0007 0008 0004 0015 0004 001D 0009 0006 0004 001D 0009 0006 0004 001D 0004 0015 0007 0008 0009 0006 0007 0022 0023
000A 0024 000A 001D 0009 0025 000E 000F 000C 000D 000E 000A 0016 000A 0026 000F 0027 000A 0027 000F 000C 000A 0026 000A 0016 000D 000E 000F 000C 000D 000E 000F
0000 0001 0028 0029 0008 0014 0002 0002 0002 0002 0002 0003 0002 0003 0002 0002 001B 002A 001B 0001 0002 0003 0002 0003 0002 0002 0002 0002 0002 0002 0002 0002
0004 001D 0009 0006 0007 0008 0009 0006 0007 0008 0009 0006 0007 0008 0009 0006 0004 001D 0004 0015 0007 0008 0009 0006 0007 0008 0009 0006 0007 0008 0009 0006
000A 0026 000F 000C 000D 000E 000F 000C 000D 000E 000F 000C 000D 000E 000F 000C 000A 0026 000A 0016 000D 000E 000F 000C 000D 000E 000F 000C 000D 000E 000F 002B
