ATARI GAUNTLET MOTION OBJECT 16X16 TILEMAP
SOURCE: level-096.png
GRID: 32 X 32
TILE_SIZE: 16 X 16
ATLAS_TILES: 608
UNIQUE_PIXEL_TILES: 135
CONNECTED_OBJECT_GROUPS: 14

0020 0021 0022 0000 0024 0025 0000 0000 0000 0000 0000 0000 0000 0000 0000 0000 0000 0000 0000 0000 0000 0000 0000 0000 0000 0000 0000 0000 0000 0000 0026 0027
0040 0041 0042 0043 0044 0045 0000 0000 0000 0000 0000 0000 0000 0000 0028 0029 002A 002B 0000 0000 0000 0000 0000 0000 0000 0000 0000 0000 0000 0000 0046 0047
0000 0000 0000 0063 0064 0065 0000 0000 0000 0000 0000 0000 0000 0000 0048 0049 004A 0000 0000 0000 0000 0000 0000 0000 0000 0000 0000 0000 0000 0000 0000 0000
0000 0000 0000 0083 0084 0085 0000 0000 0000 0000 0000 0000 0000 0000 0000 0000 0000 0000 0000 0000 0000 0000 0000 0000 0000 0000 0000 0000 0000 0000 0000 0000
0000 0000 0000 0000 0000 0000 0000 0000 0000 0000 0000 0000 0000 0000 0000 0000 0000 0000 0000 0000 0000 0000 0000 0000 0000 0000 0000 0000 0000 0000 0000 0000
0000 0000 0000 0000 0000 0000 0000 0000 0000 0000 0000 0000 0000 0000 0000 0000 0000 0000 0000 0000 0000 0000 0000 0000 0000 0000 0000 0000 0000 0000 0000 0000
0000 0000 0000 0000 0000 0000 0000 0000 0000 0000 0000 0000 0000 0000 0000 0000 0000 0000 0000 0000 0000 0000 0000 0000 0000 0000 0000 0000 0000 0000 0000 0000
0000 0000 0000 0000 0000 0000 0000 0000 0000 0000 0000 0000 0000 0000 0000 0000 0000 0000 0000 0000 0000 0000 0000 0000 0000 0000 0000 0000 0000 0000 0000 0000
0000 0000 0000 0000 0000 0000 0000 0000 0000 002D 002E 002F 0000 0000 0000 0000 0000 0000 0000 0030 0031 0032 0000 0000 0000 0000 0000 0000 0000 0000 0000 0000
0000 0000 0000 0000 0000 0000 0000 0000 0000 004D 004E 004F 0000 0000 0000 0000 0000 0000 0000 0050 0051 0052 0000 0000 0000 0000 0000 0000 0000 0000 0000 0000
0000 0000 0000 0000 0000 0000 0000 0000 006C 006D 006E 0000 0000 0000 0000 0000 0000 0000 0000 0000 0071 0072 0073 0000 0000 0000 0000 0000 0000 0000 0000 0000
0000 0000 0000 0000 0000 0000 0000 0000 008C 008D 008E 0000 0000 0000 0000 0000 0000 0000 0000 0000 0091 0092 0093 0000 0000 0000 0000 0000 0000 0000 0000 0000
0034 0035 0036 0037 0038 0000 0000 0000 0000 0000 0000 0000 0100 0101 0102 0103 0104 0105 0106 0000 0000 0000 0000 0000 0000 0000 0000 0000 0000 0000 0000 0000
0054 0055 0056 0057 0058 0059 0000 0000 0000 0000 0000 0000 0120 0000 0000 0123 0000 0000 0126 0000 0000 0000 0000 0000 0000 0000 0000 0000 0000 0000 0000 0000
0000 0000 0076 0077 0078 0079 0000 0000 0000 0000 0000 0000 0140 0000 0000 0000 0000 0000 0146 0000 0000 0000 0000 0000 0000 0000 0000 0000 0000 0000 0000 0000
0000 0095 0096 0097 0098 0000 0000 0000 0000 0000 0000 0000 0160 0000 0000 0107 0000 0000 0166 0000 0000 0000 0000 0000 0000 0000 0000 0000 0000 0000 0108 0000
0000 0000 0000 00B7 00B8 00B9 0000 0000 0000 0000 0000 0000 0180 0000 0000 0000 0000 0000 0186 0000 0000 0000 0000 0000 0000 0000 0000 0000 0000 0000 0000 0000
00D4 00D5 00D6 00D7 00D8 00D9 0000 0000 0000 0000 0000 0000 01A0 0000 0000 01A3 0000 0000 01A6 0000 0000 0000 0000 0000 0000 0000 0000 0000 0000 0000 0000 0000
00F4 00F5 00F6 0000 0000 0000 0000 0000 0000 0000 0000 0000 01C0 01C1 01C2 01C3 01C4 01C5 01C6 0000 010A 010B 010C 0000 0000 0000 0000 0000 0000 0000 0000 0000
0000 0000 0000 0000 0000 0000 0000 0000 010D 010E 010F 0000 0000 0000 0000 0000 0000 0000 0000 0000 012A 012B 012C 0000 0000 0000 0000 0000 0000 0000 0000 0000
0000 0000 0000 0000 0000 0000 0000 0000 012D 012E 012F 0130 0131 0000 0000 0000 0000 0000 0000 0149 014A 014B 0000 0000 0000 0000 0000 0000 0000 0000 0000 0000
0000 0000 0000 0000 0000 0000 0000 0000 0000 0000 014F 0150 0151 0000 0000 0000 0000 0000 0000 0169 016A 016B 0000 0000 0000 0000 0000 0000 0000 0000 0000 0000
0000 0000 0000 0000 0000 0000 0000 0000 0000 0000 0000 0000 0000 0000 0000 0000 0000 0000 0000 0000 0000 0000 0000 0000 0000 0000 0000 0000 0000 0000 0000 0000
0000 0000 0000 0000 0000 0000 0000 0000 0000 0000 0000 0000 0000 0000 0000 0000 0000 0000 0000 0000 0000 0000 0000 0000 0000 0000 0000 0000 0000 0000 0000 0000
0000 0000 0000 0000 0000 0000 0000 0000 0000 0000 0000 0000 0000 0000 0000 0000 0000 0000 0000 0000 0000 0000 0000 0000 0000 0000 0000 0000 0000 0000 0000 0000
0000 0113 0114 0115 0116 0000 0000 0000 0000 0000 0000 0000 0000 0000 0000 0000 0000 0000 0000 0000 0000 0000 0000 0000 0000 0000 0000 0000 0000 0000 0000 0000
0132 0133 0134 0135 0136 0137 0138 0000 0000 0000 0000 0000 0000 0000 0000 0000 0000 0000 0000 0000 0000 0000 0000 0000 0000 0119 011A 011B 0000 0000 0000 0000
0152 0153 0154 0000 0156 0157 0158 0000 0000 0000 0000 0000 0000 0000 0000 0000 0000 0000 0000 0000 0000 0000 0000 0000 0000 0139 013A 013B 0000 0000 0000 0000
0172 0173 0174 0000 0000 0000 0000 0000 0000 0000 0000 0000 0000 01E0 01E1 01E2 01E3 0000 0000 0000 0000 0000 0000 0000 0000 0000 0000 0000 015C 015D 0000 0000
0000 0000 0000 0000 0000 0000 0000 0000 0000 0000 0000 0000 0000 0200 0201 0202 0203 0204 0000 0000 0000 0000 0000 0000 0000 0000 0000 017B 017C 017D 0000 0000
0000 0000 0000 0000 0000 0000 0000 0000 0000 0000 0000 0000 0000 0220 0221 0222 0223 0224 0225 0000 0000 0000 0000 0000 0000 0000 0000 019B 019C 019D 019E 019F
0000 0000 0000 0000 0000 0000 0000 0000 0000 0000 0000 0000 0000 0240 0241 0242 0243 0244 0245 0000 0000 0000 0000 0000 0000 0000 0000 01BB 01BC 01BD 01BE 01BF
