ATARI GAUNTLET PLAYFIELD 16X16 TILEMAP
SOURCE: level-090-playfield.png
GRID: 32 X 32
TILE_SIZE: 16 X 16
UNIQUE_TILES: 36

0000 0001 0002 0002 0002 0002 0002 0002 0002 0002 0002 0002 0002 0002 0002 0002 0002 0002 0002 0002 0002 0002 0002 0002 0002 0002 0002 0002 0002 0002 0002 0002
0003 0004 0005 0006 0007 0008 0005 0006 0007 0008 0005 0006 0007 0008 0005 0006 0007 0008 0005 0006 0007 0008 0005 0006 0007 0008 0005 0006 0007 0008 0005 0006
0003 0009 0008 0005 0006 0007 0008 0005 0006 0007 0008 0005 0006 0007 0008 0005 0006 0007 0008 0005 0006 0007 0008 0005 0006 0007 0008 0005 0006 0007 0008 0005
0003 000A 0007 0008 0005 0006 0007 0008 0005 0006 0007 0008 0005 0006 0007 0008 0005 0006 0007 0008 0005 0006 0007 0008 0005 0006 0007 0008 0005 0006 0007 0008
0003 000B 0006 0007 0008 0005 0006 0007 0008 0005 0006 0007 0008 0005 0006 0007 0008 0005 0006 0007 0008 0005 0006 0007 0008 0005 0006 0007 0008 0005 0006 0007
0003 0004 0005 0006 0007 0008 0005 000C 000D 000E 000F 0010 000D 000E 000F 0010 0011 0008 0012 0010 000D 000E 000F 0010 000D 000E 000F 0013 0007 0008 0005 0006
0003 0009 0008 0005 0006 0007 0008 0014 0001 0002 0002 0002 0002 0002 0002 0015 0016 0007 0017 0002 0002 0002 0002 0002 0002 0002 0018 000B 0006 0007 0008 0005
0003 000A 0007 0008 0005 0006 0007 0003 000B 0006 0007 0008 0005 0006 0007 0008 0005 0006 0007 0008 0005 0006 0007 0008 0005 0006 0003 0004 0005 0006 0007 0008
0003 000B 0006 0007 0008 0005 0006 0003 0004 0005 0006 0007 0008 0005 0006 0007 0008 0005 0006 0007 0008 0005 0006 0007 0008 0005 0003 0009 0008 0005 0006 0007
0003 0004 0005 0006 0007 0008 0005 0003 0009 0008 0005 0006 0007 0008 0005 0006 0007 0008 0005 0006 0007 0008 0005 0006 0007 0008 0003 000A 0007 0008 0005 0006
0003 0009 0008 0005 0006 0007 0008 0003 000A 0007 0008 0005 0006 0007 0008 0005 0006 0007 0008 0005 0006 0007 0008 0005 0006 0007 0003 000B 0006 0007 0008 0005
0003 000A 0007 0008 0005 0006 0007 0003 000B 0006 0007 0008 0005 0006 0007 0008 0005 0006 0007 0008 0005 0006 0007 0008 0005 0006 0003 0004 0005 0006 0007 0008
0003 000B 0006 0007 0008 0005 0006 0003 0004 0005 0006 0007 0008 0005 0006 0007 0008 0005 0006 0007 0008 0005 0006 0007 0008 0005 0003 0009 0008 0005 0006 0007
0003 0004 0005 0006 0007 0008 0005 0003 0009 0008 0005 0006 0007 0008 0005 0006 0007 0008 0005 0006 0007 0008 0005 0006 0007 0008 0003 000A 0007 0008 0005 0006
0003 0009 0008 0005 0006 0007 0008 0019 0016 0007 0008 0005 0006 0007 0008 0005 0006 0007 0008 0005 0006 0007 0008 0005 0006 0007 0019 001A 0006 0007 0008 0005
0003 000A 0007 0008 0005 0006 0007 0008 0005 0006 0007 0008 0005 0006 0007 0008 0005 0006 0007 0008 0005 0006 0007 0008 0005 0006 0007 0008 0005 0006 0007 0008
0003 000B 0006 0007 0008 0005 0006 0007 0008 0005 0006 0007 0008 0005 0006 0007 0008 0005 0006 0007 0008 0005 0006 0007 0008 0005 000C 0011 0008 0005 0006 0007
0003 0004 0005 0006 0007 0008 0005 000C 0011 0008 0005 0006 0007 0008 0005 0006 0007 0008 0005 0006 0007 0008 0005 0006 0007 0008 001B 000A 0007 0008 0005 0006
0003 0009 0008 0005 0006 0007 0008 001B 000A 0007 0008 0005 0006 0007 0008 0005 0006 0007 0008 0005 0006 0007 0008 0005 0006 0007 0003 000B 0006 0007 0008 0005
0003 000A 0007 0008 0005 0006 0007 0003 000B 0006 0007 0008 0005 0006 0007 0008 0005 0006 0007 0008 0005 0006 0007 0008 0005 0006 0003 0004 0005 0006 0007 0008
0003 000B 0006 0007 0008 0005 0006 0003 0004 0005 0006 0007 0008 0005 0006 0007 0008 0005 0006 0007 0008 0005 0006 0007 0008 0005 0003 0009 0008 0005 0006 0007
0003 0004 0005 0006 0007 0008 0005 0003 0009 0008 0005 0006 0007 0008 0005 0006 0007 0008 0005 0006 0007 0008 0005 0006 0007 0008 0003 000A 0007 0008 0005 0006
0003 0009 0008 0005 0006 0007 0008 0003 000A 0007 0008 0005 0006 0007 0008 0005 0006 0007 0008 0005 0006 0007 0008 0005 0006 0007 0003 000B 0006 0007 0008 0005
0003 000A 0007 0008 0005 0006 0007 0003 000B 0006 0007 0008 0005 0006 0007 0008 0005 0006 0007 0008 0005 0006 0007 0008 0005 0006 0003 0004 0005 0006 0007 0008
0003 000B 0006 0007 0008 0005 0006 0003 0004 0005 0006 0007 0008 0005 0006 0007 0008 0005 0006 0007 0008 0005 0006 0007 0008 0005 0003 0009 0008 0005 0006 0007
0003 0004 0005 0006 0007 0008 0005 0003 0009 0008 0005 0006 0007 0008 0005 0006 0007 0008 0005 0006 0007 0008 0005 0006 0007 0008 0003 000A 0007 0008 0005 0006
0003 0009 0008 0005 0006 0007 0008 0003 001C 000D 000E 000F 0010 000D 000E 001D 0006 0007 001E 000F 0010 000D 000E 000F 0010 000D 001F 0020 0020 0020 0020 0005
0003 000A 0007 0008 0005 0006 0007 0021 0002 0002 0002 0002 0002 0002 0015 0022 0005 0006 0017 0002 0002 0002 0002 0002 0002 0002 0023 0022 0005 0006 0007 0008
0003 000B 0006 0007 0008 0005 0006 0007 0008 0005 0006 0007 0008 0005 0006 0007 0008 0005 0006 0007 0008 0005 0006 0007 0008 0020 0006 0007 0008 0005 0006 0007
0003 0004 0005 0006 0007 0008 0005 0006 0007 0008 0005 0006 0007 0008 0005 0006 0007 0008 0005 0006 0007 0008 0005 0006 0007 0020 0005 0006 0007 0008 0005 0006
0003 0009 0008 0005 0006 0007 0008 0005 0006 0007 0008 0005 0006 0007 0008 0005 0006 0007 0008 0005 0006 0007 0008 0005 0006 0020 0008 0005 0006 0007 0008 0005
001F 001C 000D 000E 000F 0010 000D 000E 000F 0010 000D 000E 000F 0010 000D 000E 000F 0010 000D 000E 000F 0010 000D 000E 000F 0020 000D 000E 000F 0010 000D 000E
