ATARI GAUNTLET MOTION OBJECT 16X16 TILEMAP
SOURCE: level-021.png
GRID: 32 X 32
TILE_SIZE: 16 X 16
ATLAS_TILES: 1760
UNIQUE_PIXEL_TILES: 359
CONNECTED_OBJECT_GROUPS: 4

0020 0000 0000 0000 0000 0000 0000 0000 0000 0000 0000 0000 0000 0000 0000 0000 0000 0000 0000 0000 0000 0000 0176 0177 0178 0000 0000 0000 017C 017D 017E 017F
0040 0000 0000 0000 0000 0000 0000 0000 0000 0000 0000 0000 0000 0000 0000 0000 0000 0000 0192 0193 0194 0000 0196 0197 0198 0000 0000 0000 019C 019D 019E 019F
0060 0000 0000 0000 0000 0000 0000 0561 0562 0000 0564 0565 0000 0000 0000 0000 0000 01B1 01B2 01B3 01B4 0000 01B6 01B7 01B8 0000 0000 01BB 01BC 01BD 01BE 01BF
0080 0000 0000 0000 0000 0000 0580 0581 0582 0583 0584 0585 0000 0000 0000 0000 0000 01D1 01D2 01D3 0000 01D5 01D6 01D7 01D8 01D9 0000 01DB 01DC 01DD 01DE 01DF
00A0 0000 0000 0000 0000 0000 0000 0000 05A2 05A3 05A4 0000 0000 0000 0000 0000 0000 0000 0000 0000 0000 01F5 01F6 01F7 01F8 01F9 0000 0000 01FC 01FD 01FE 01FF
00C0 0000 0000 0000 0000 0000 0000 05C1 05C2 05C3 05C4 05C5 0000 0000 05C8 05C9 05CA 05CB 0000 0213 0214 0215 0216 0217 0218 0219 021A 021B 021C 021D 021E 021F
00E0 0000 0000 0000 0000 0000 0000 0000 0000 05E3 05E4 05E5 0000 0000 05E8 05E9 05EA 05EB 0000 0233 0234 0235 0236 0237 0238 0239 023A 023B 0000 023D 023E 023F
0100 0000 0000 0000 0000 0000 0000 0000 0000 0000 0000 0000 0606 0607 0000 0000 0000 0000 0000 0253 0254 0255 0256 0257 0258 0259 025A 025B 0000 0000 025E 025F
0120 0000 0000 0000 0000 0000 0000 0000 0000 0000 0000 0625 0626 0627 0000 0000 0000 0000 0000 0273 0274 0275 0276 0277 0278 0279 027A 027B 0000 0000 027E 027F
0140 0000 0000 0000 0000 0000 0000 0000 0000 0000 0000 0000 0646 0647 0000 0000 0000 0000 0000 0000 0000 0295 0296 0297 0298 0299 029A 029B 029C 029D 029E 029F
0000 0000 0000 0000 0000 0000 0000 0000 0000 0000 0000 0665 0666 0667 0000 0000 0000 0000 0000 0000 0000 02B5 02B6 02B7 02B8 02B9 02BA 02BB 02BC 0000 0000 0000
0000 0000 0000 0000 0000 0000 0000 0000 0000 0000 0000 0685 0686 0687 0000 0000 0000 0000 0000 0000 0000 02D5 02D6 02D7 02D8 02D9 02DA 02DB 02DC 0000 0000 0000
0000 0000 0000 0000 0000 0000 0000 0000 0000 0000 0000 0000 06A6 06A7 0000 0000 0000 0000 0000 0000 02F4 02F5 02F6 02F7 02F8 02F9 02FA 02FB 02FC 0000 0000 0000
0000 056D 056E 056F 0570 0000 0000 0000 0000 0000 0000 06C5 06C6 06C7 0000 0000 0000 0000 0000 0000 0314 0315 0316 0317 0318 0319 031A 031B 031C 0000 0000 0000
058C 058D 058E 058F 0590 0000 0000 0000 0000 0000 0000 0000 0000 0000 0000 0000 0000 0000 0332 0000 0334 0335 0336 0337 0338 0339 033A 033B 033C 0000 0000 0000
05AC 05AD 05AE 05AF 0000 05B1 0000 0000 0000 0000 0000 0000 0000 0000 0000 0000 0000 0351 0352 0353 0354 0355 0356 0357 0358 0359 035A 035B 035C 0000 0000 0000
0000 05CD 05CE 05CF 0000 0000 0000 0000 0000 0000 0000 0000 0000 0000 036E 036F 0370 0371 0372 0000 0374 0375 0000 0000 0378 0000 037A 0000 037C 037D 0000 0000
0000 0000 0000 0000 0000 0000 0000 0000 0000 0000 0000 0000 0000 038D 038E 038F 0390 0391 0392 0393 0394 0395 0396 0397 0398 0399 039A 039B 039C 039D 039E 0000
0000 0000 0000 0000 0000 0000 0000 0000 0000 0000 0000 0000 0000 0000 0000 0000 03B0 03B1 03B2 03B3 0000 0000 0000 0000 0000 03B9 03BA 03BB 03BC 03BD 0000 0000
0000 0000 0000 0000 0000 0000 0000 0000 0000 0000 0000 0000 0000 0000 0000 0000 03D0 03D1 03D2 03D3 03D4 0000 0000 0000 0000 03D9 03DA 03DB 03DC 03DD 03DE 0000
0000 0000 0000 0000 0000 0000 0000 0000 0000 0000 0000 0000 0000 0000 0000 0000 0000 0000 0000 0000 03F4 03F5 03F6 03F7 03F8 03F9 03FA 03FB 0000 0000 0000 0000
0000 0000 0000 0000 0000 0000 0000 0000 0000 0000 0000 0000 0000 0000 0000 0000 0000 0000 0000 0000 0414 0415 0416 0417 0418 0419 041A 041B 041C 0000 0000 0000
0000 0000 0000 0000 0424 0425 0426 0000 0000 0429 042A 042B 042C 042D 042E 0000 0000 0000 0000 0000 0434 0435 0436 0437 0438 0439 043A 043B 043C 0000 0000 0000
0000 0000 0442 0443 0444 0445 0446 0447 0448 0449 044A 044B 044C 044D 044E 0000 0000 0000 0000 0000 0000 0000 0456 0457 0458 0459 045A 045B 045C 045D 0000 0000
0000 0461 0462 0463 0464 0465 0466 0467 0468 0469 046A 046B 046C 046D 046E 046F 0470 0000 0000 0000 0000 0000 0476 0477 0478 0479 047A 047B 047C 047D 0000 0000
0000 0481 0482 0483 0484 0485 0486 0487 0488 0489 048A 048B 048C 048D 048E 048F 0490 0000 0000 0000 0000 0000 0000 0000 0498 0499 049A 049B 049C 049D 049E 0000
0000 04A1 04A2 04A3 04A4 04A5 04A6 04A7 04A8 04A9 04AA 04AB 04AC 0000 0000 0000 0000 04B1 04B2 04B3 0000 0000 0000 04B7 04B8 04B9 04BA 04BB 04BC 04BD 04BE 0000
0000 04C1 04C2 04C3 04C4 04C5 04C6 04C7 04C8 04C9 04CA 04CB 04CC 0000 0000 0000 0000 04D1 04D2 04D3 0000 0000 04D6 04D7 04D8 04D9 04DA 04DB 04DC 04DD 04DE 04DF
0000 0000 0000 0000 0000 04E5 04E6 04E7 04E8 04E9 04EA 04EB 04EC 0000 0000 0000 0000 0000 04F2 04F3 04F4 0000 04F6 04F7 04F8 04F9 04FA 04FB 04FC 04FD 04FE 04FF
0000 0000 0000 0000 0000 0000 0506 0507 0508 0509 050A 050B 050C 0000 0000 0000 0000 0000 0512 0513 0514 0000 0516 0517 0518 0519 051A 051B 051C 051D 051E 051F
0520 0521 0522 0523 0524 0525 0526 0527 0528 0529 052A 052B 052C 052D 052E 052F 0530 0531 0532 0533 0534 0535 0536 0537 0538 0539 053A 053B 053C 053D 053E 053F
0540 0541 0542 0543 0544 0545 0546 0547 0548 0000 0000 0000 054C 054D 054E 054F 0550 0551 0552 0553 0554 0555 0556 0557 0558 0559 055A 055B 055C 055D 055E 055F
