ATARI GAUNTLET MOTION OBJECT 16X16 TILEMAP
SOURCE: level-053.png
GRID: 32 X 32
TILE_SIZE: 16 X 16
ATLAS_TILES: 1216
UNIQUE_PIXEL_TILES: 204
CONNECTED_OBJECT_GROUPS: 22

0020 0021 0022 0023 0024 0000 0000 0000 0000 0000 0000 0000 0000 0000 0000 0000 0000 0000 0000 0000 0000 0000 0000 0000 0000 0000 0000 0000 002B 0000 0000 0000
0040 0041 0042 0043 0044 0045 0000 0000 0000 0000 0000 0000 0000 0000 0000 0000 0000 0000 0000 0000 0000 0000 0000 0000 0047 0048 0000 0000 004B 004C 004D 004E
0000 0061 0062 0063 0064 0000 0000 0000 0000 0000 0000 0000 0000 0000 0000 0000 0000 0000 0000 0000 0000 0000 0000 0066 0067 0068 0069 0000 006B 006C 006D 006E
0080 0081 0082 0083 0000 0000 0000 0000 0000 0000 0000 0000 0000 0000 0000 0000 002F 0000 0000 0000 0000 0000 0000 0000 0087 0088 0089 008A 008B 0000 0000 0000
00A0 00A1 00A2 0000 0000 0000 0000 0000 0000 0000 0000 0000 0033 0000 0000 0000 0000 0000 0000 0000 0034 0000 0000 0000 0000 00A8 00A9 00AA 00AB 00AC 00AD 0000
00C0 0000 0000 0000 0000 0000 0000 0000 0000 0000 0000 0052 0053 0000 0000 0000 0000 0000 0000 0000 0054 0055 0000 0000 0000 0000 0000 0000 0000 0000 00CD 00CE
00E0 0000 0000 0000 0000 0000 0000 0000 0000 0000 0071 0072 0000 0000 0000 0000 0000 0000 0000 0000 0000 0075 0076 0000 0000 00E8 00E9 00EA 00EB 00EC 00ED 00EE
0000 0000 0000 0000 0000 0000 0000 0000 0000 0090 0091 0000 0000 0000 0000 0000 0000 0000 0000 0000 0000 0000 0096 0097 0000 0000 0000 0000 010B 0000 010D 0000
0038 0039 0000 0000 0000 0000 0000 0000 0000 00B0 0000 0000 0000 0000 0000 0000 0000 0000 0000 0000 0000 0000 0000 00B7 0000 0000 0000 0000 012B 0000 012D 0000
0058 0059 005A 0000 0000 0000 0000 0000 0000 0000 0000 0000 0000 0000 0000 0000 0000 0000 0000 0000 0000 0000 0000 0000 0000 0148 0149 014A 014B 0000 014D 0000
0000 0079 007A 007B 0000 0000 0000 0000 0000 0000 0000 0000 0000 0000 0000 0000 0000 0000 0000 0000 0000 0000 0000 0000 0000 0168 0169 016A 016B 0000 016D 0000
0098 0000 009A 009B 009C 0000 0000 0000 0000 0000 0000 0000 0000 0000 0000 0000 0000 0000 0000 0000 0000 0000 0000 0000 0000 0000 0000 0000 018B 0000 018D 018E
0000 0000 0000 0000 0000 0000 0000 0000 0000 0000 0000 0000 0000 0000 0000 0000 0225 0000 0000 0000 0000 0000 0000 0000 0000 0000 022D 0000 01AB 0000 0000 0000
022E 022F 0230 0000 0000 0000 0000 0000 0000 0000 0000 0240 0241 0000 0000 0244 0245 0246 0247 0248 0249 0000 0000 024A 024B 024C 0000 0000 01CB 01CC 01CD 0000
024E 024F 0250 0000 0000 0232 0233 0000 0000 0000 0000 0260 0261 0262 0000 0264 0265 0266 0267 0268 0269 0000 0000 026A 026B 026C 0000 0000 01EB 01EC 01ED 0000
0000 0000 0000 0000 0251 0252 0253 0254 0000 0000 0000 0000 0281 0282 0283 0000 0000 0000 0000 0000 0000 0000 0000 0000 0000 0000 0000 0000 020B 020C 020D 0000
0000 0000 0000 0000 0271 0272 0273 0274 0275 0000 0000 0000 0000 0000 0000 0000 0000 0000 0000 0000 0000 0000 0000 0000 0000 0000 0000 0000 0000 0000 0000 0000
0000 0000 0000 0000 0000 0292 0293 0294 0000 0000 0000 0000 0239 023A 023B 0000 0000 0000 0000 0000 0000 0000 0000 0000 0000 0000 023E 023F 0000 0000 0000 0000
0000 0000 0000 0000 0000 02B2 02B3 02B4 0000 0000 0000 0000 0259 025A 025B 0000 0000 0000 0000 0000 0000 0000 0000 0000 0000 0000 0000 0000 0000 0000 0000 0000
0320 0321 0322 0000 0000 02D2 02D3 02D4 0000 0000 0000 0000 0279 027A 0000 0000 0000 0000 0000 0000 0000 0000 0000 0000 0327 0328 0329 032A 0000 0000 0000 032E
0340 0341 0342 0000 0000 0000 0000 0000 0000 0000 0000 0000 0299 029A 0000 0000 0000 0000 0000 0000 0000 0000 0000 0346 0347 0348 0349 034A 0000 034C 034D 034E
0360 0361 0000 0000 0000 0000 0000 0000 0000 02B6 02B7 02B8 02B9 02BA 02BB 0000 0000 0000 0000 032F 0330 0331 0000 0366 0367 0368 0369 036A 036B 036C 036D 036E
0380 0381 0382 0000 0000 0000 0000 0000 0000 02D6 02D7 02D8 02D9 02DA 02DB 02DC 02DD 0000 0000 034F 0350 0351 0000 0386 0387 0388 0389 038A 0000 038C 038D 038E
03A0 03A1 03A2 03A3 0000 0000 0000 0000 0000 0000 02F7 02F8 02F9 0000 02FB 02FC 02FD 0000 0000 0000 0000 0000 0000 03A6 03A7 03A8 03A9 03AA 0000 03AC 03AD 03AE
0000 0000 03C2 03C3 03C4 0000 0000 0000 0000 0000 0317 0318 0319 0000 0000 0000 0000 0000 0000 0000 0000 0000 0000 03C6 03C7 03C8 03C9 03CA 0000 0000 0000 0000
03E0 03E1 03E2 03E3 03E4 03E5 0000 0000 0000 0000 0000 0000 0000 0000 0000 0000 0000 0000 0332 0333 0334 0000 0000 0000 0000 0000 0000 0000 0000 0000 0000 0000
0400 0401 0402 0000 0000 0000 0000 0000 0000 0000 0000 0339 033A 033B 0000 0000 0000 0000 0352 0353 0354 0000 0000 0000 0000 0000 0000 0000 0000 0000 0000 0000
0000 0000 0000 0000 0000 0000 0000 0000 0000 0000 0358 0359 035A 035B 035C 035D 0000 0000 0000 0373 0374 0375 0000 0000 0000 033E 033F 0000 0000 0000 0426 0427
0428 0000 0000 0000 0000 0000 0000 0000 0376 0377 0378 0379 037A 037B 037C 037D 0000 0000 0000 0393 0394 0395 0000 0000 0000 0000 0000 0000 0000 0445 0446 0447
0000 0000 0000 0000 0000 0000 0000 0000 0396 0397 0398 0399 039A 0000 0000 0000 0000 0000 0000 0000 0000 0000 0000 0000 0000 0000 0000 0463 0000 0465 0466 0467
0429 042A 042B 0000 0000 0000 0000 0000 0000 0000 0000 0000 0000 0000 0000 0000 0000 0000 0000 042C 042D 042E 042F 0000 0480 0481 0482 0483 0484 0485 0486 0487
0449 044A 044B 0000 0000 0000 0000 0000 0000 0000 0000 0000 0000 0000 0000 0000 0000 0000 0000 044C 044D 044E 044F 0000 04A0 04A1 04A2 04A3 04A4 0000 0000 04A7
