ATARI GAUNTLET MOTION OBJECT 16X16 TILEMAP
SOURCE: level-102.png
GRID: 32 X 32
TILE_SIZE: 16 X 16
ATLAS_TILES: 1344
UNIQUE_PIXEL_TILES: 207
CONNECTED_OBJECT_GROUPS: 19

0000 0000 0000 0000 0000 0000 0020 0021 0022 0023 0024 0025 0026 0027 0000 0029 002A 002B 002C 0000 0000 0000 0000 0000 0000 0000 0000 0000 0000 0000 0000 0000
0000 0000 0000 0000 0032 0000 0040 0041 0042 0043 0044 0045 0046 0047 0000 0049 004A 004B 004C 0000 0000 0000 0000 0000 0000 0000 0000 0000 0000 0000 0000 0000
0000 0000 0033 0000 0000 0000 0000 0000 0000 0000 0000 0000 0066 0067 0068 0000 0000 0000 006C 006D 006E 006F 0070 0071 0000 0034 0035 0036 0000 0000 0000 0000
003B 0000 0000 0000 0000 01E5 0000 0000 0000 0000 0000 0000 0086 0087 0088 0089 0000 0000 008C 008D 008E 008F 0090 0091 0000 0054 0055 0056 0057 0058 0059 005A
005B 0000 0000 0000 0000 0205 0000 0000 0000 0000 0000 0000 0000 00A7 00A8 00A9 00AA 00AB 00AC 0000 0000 0000 0000 0000 0000 0000 0000 0000 0077 0078 0079 007A
0000 0000 0000 0223 0224 0225 0000 0000 0000 0000 0000 0000 00C6 00C7 00C8 0000 00CA 00CB 00CC 0000 0000 0000 0000 0000 0000 0094 0095 0096 0000 0000 0000 0000
0240 0241 0242 0000 0000 0000 0000 01F1 01F2 01F3 0000 0000 00E6 00E7 00E8 00E9 0000 0000 00EC 0000 0000 0000 0000 0000 0000 00B4 00B5 00B6 0000 0000 0000 0000
0260 0261 0262 0000 0000 0000 0000 0211 0212 0213 0000 0000 0000 0107 0108 0109 010A 010B 010C 0000 0000 0000 0000 0000 0000 0000 0000 0000 0000 0000 0000 0000
0280 0281 0282 0000 0000 0000 0230 0231 0232 0000 0000 0000 0126 0127 0128 0000 012A 012B 012C 0000 0000 0000 0000 0000 0000 0000 0000 01F6 01F7 01F8 0000 01FA
02A0 02A1 02A2 0000 0000 0000 0250 0251 0252 0000 0000 0000 0146 0147 0148 0000 0000 0000 014C 014D 014E 014F 0150 0151 0000 0000 0000 0216 0217 0218 0219 021A
02C0 0000 0000 0000 0000 0000 0000 0000 0000 0000 0000 0000 0000 0000 0000 0000 0000 0000 016C 016D 016E 016F 0170 0171 0000 0234 0235 0236 0000 0000 0239 023A
02E0 02E1 02E2 0000 0000 0000 0000 0000 0000 0000 02EA 02EB 0000 0000 02EE 02EF 0000 0000 018C 0000 0000 0000 0000 0000 0000 0254 0255 0256 0000 0000 0000 0000
0300 0301 0302 0303 0304 0305 0306 0307 0308 0309 030A 030B 0000 030D 030E 030F 0000 0000 01AC 0000 0000 0000 0000 0000 0000 0000 0000 0000 0000 0000 0000 0000
0320 0321 0322 0323 0324 0325 0326 0327 0328 0329 032A 032B 032C 0000 032E 0000 0000 0000 01CC 0000 0000 0000 0000 0000 0000 0000 0000 0000 0000 0000 0000 0000
0340 0341 0342 0000 0344 0345 0346 0347 0348 0349 034A 034B 034C 0000 0000 0000 0000 0000 0000 0000 0000 0000 0000 0000 0000 0000 0000 0000 0000 0000 0000 0000
0000 0000 0000 0000 0000 0000 0000 0000 0000 0000 0000 0000 0000 0000 0000 0000 0000 01FC 01FD 0000 0000 0000 0000 0000 0000 0000 0000 0000 0000 0000 0000 0000
0000 0000 0000 0363 0364 0365 0000 0367 0368 0369 0000 0000 0000 0000 0000 0000 021B 021C 021D 0000 0000 0000 0000 0000 0000 0000 0000 0000 0000 0000 0000 0000
0000 0000 0000 0383 0384 0385 0000 0387 0388 0389 0000 0000 0000 0000 0000 0000 0000 0000 0000 0000 0000 0000 0000 0000 0000 0000 0000 0000 0000 0000 0000 0000
03A0 03A1 03A2 03A3 03A4 03A5 03A6 03A7 03A8 03A9 03AA 03AB 03AC 03AD 03AE 03AF 03B0 03B1 0000 0000 0000 0000 0000 0000 0000 0000 0000 0000 0000 0000 0000 0000
0000 0000 03C2 03C3 03C4 0000 0000 0000 03C8 03C9 03CA 0000 0000 0000 0000 0000 0000 0000 0000 0000 0372 0373 0374 0000 0000 0000 0000 0000 0000 0000 0000 0000
0000 0000 0000 03E3 03E4 0000 0000 0000 0000 03E9 03EA 0000 0000 0000 0000 0000 0000 0000 0000 0000 0392 0393 0394 0000 0000 0000 0000 0000 0000 0000 0000 0000
037E 0000 0402 0403 0404 0000 0000 0000 0408 0409 040A 0000 0000 0000 0000 0000 0000 0000 0000 0000 0000 0000 0000 03B5 03B6 0000 03B8 03B9 03BA 03BB 0000 03BD
039E 0000 0422 0423 0424 0000 0000 0000 0428 0429 042A 0000 0000 0000 0000 0000 0000 0000 0000 0000 0000 0000 03D4 03D5 03D6 03D7 03D8 03D9 03DA 03DB 03DC 03DD
0000 0000 0000 0000 0000 0000 0000 0000 0000 0000 0000 0000 0000 0000 0000 0500 0501 0502 0000 0000 0000 03F3 03F4 03F5 03F6 0000 0000 0000 0000 0000 0000 0000
0503 0000 0000 0000 0000 0000 0000 0000 0000 0000 0000 0000 0000 0000 0000 0520 0521 0522 0000 0000 0000 0413 0414 0415 0416 0417 0418 0419 041A 041B 041C 041D
0000 0000 0000 0000 0000 0000 0000 0000 0504 0505 0506 0000 0000 0000 0000 0000 0000 0000 0000 0000 0000 0000 0000 0435 0436 0000 0000 0000 0000 0000 0000 0000
0000 0000 0507 0508 0509 0000 0000 0000 0524 0525 0526 0000 0000 0000 0000 050A 050B 050C 0000 0000 0000 0453 0454 0455 0456 0000 0000 0000 0000 0000 0000 0000
0000 0000 0527 0528 0529 0000 0000 0000 0000 0000 0000 0000 0000 0000 0000 052A 052B 052C 0000 0000 0000 0473 0474 0475 0476 0000 0000 0000 0000 0000 0000 0000
0000 0000 0000 0000 0000 0000 0000 0000 0000 0000 0000 0000 0000 0000 0000 0000 0000 0000 0000 0000 0000 0493 0494 0495 0496 0000 0000 0000 0000 0000 0000 0000
0000 0000 0000 0000 0000 0000 0000 0000 0000 0000 0000 0000 0000 0000 0000 0000 0000 0000 0000 0000 0000 0000 0000 0000 04B6 0000 0000 0000 0000 0000 0000 0000
0000 0000 0000 0000 0000 050E 050F 0000 0000 0000 0000 0000 0511 0512 0513 0514 0515 0516 0517 0000 0000 04D3 04D4 04D5 04D6 0000 0000 0000 0000 0000 0000 0000
0000 0000 0000 0000 052D 052E 052F 0000 0000 0000 0000 0530 0531 0532 0533 0534 0535 0536 0537 0000 0000 04F3 04F4 04F5 04F6 0000 0000 0000 0000 0000 0000 0000
