ATARI GAUNTLET MOTION OBJECT 16X16 TILEMAP
SOURCE: level-047.png
GRID: 32 X 32
TILE_SIZE: 16 X 16
ATLAS_TILES: 1504
UNIQUE_PIXEL_TILES: 163
CONNECTED_OBJECT_GROUPS: 11

0020 0000 0000 0000 0000 0065 0000 0000 0000 0000 0000 006B 0000 0000 0000 0000 0070 0000 0000 0073 0000 0000 0000 0460 0000 0000 0000 0464 0465 0466 0467 0468
0040 0000 0000 0083 0084 0085 0086 0087 0088 0089 008A 008B 0000 008D 0000 0000 0090 0000 0000 0093 0000 0469 0000 0480 0000 0000 0000 0484 0485 0486 0487 0488
0000 0000 00A2 00A3 00A4 00A5 00A6 00A7 00A8 00A9 00AA 00AB 0000 00AD 00AE 00AF 00B0 00B1 00B2 00B3 0000 0489 0000 04A0 04A1 0000 04A3 04A4 04A5 04A6 04A7 0000
0000 0000 0000 0000 0000 00C5 00C6 00C7 00C8 00C9 00CA 00CB 0000 0000 00CE 00CF 00D0 00D1 00D2 00D3 0000 0000 0000 0000 04C1 04C2 0000 0000 04C5 04C6 04C7 0000
00E0 00E1 00E2 00E3 00E4 00E5 00E6 00E7 0000 00E9 00EA 00EB 00EC 00ED 00EE 00EF 00F0 00F1 00F2 00F3 0000 0000 0000 0000 04E1 04E2 04E3 0000 04E5 04E6 04E7 04E8
0100 0000 0000 0000 0000 0000 0000 0107 0000 0109 0000 0000 0000 010D 010E 0000 0110 0111 0000 0113 0000 0000 0000 0000 0501 0000 0503 0504 0000 0000 0507 0508
0000 0000 0000 046A 0000 0000 0000 0127 0000 0129 0000 0000 012C 012D 012E 0000 0130 0131 0000 0133 0134 0000 0000 0000 0000 0000 0000 0524 0525 0000 0000 0000
0000 0000 0000 0000 0000 0000 0000 0000 0000 0149 0000 0000 0000 0000 0000 0000 0150 0000 0000 0000 0154 0155 0000 0000 0000 0000 0000 0544 0545 0546 0000 0000
0160 0161 0162 0163 0164 0165 0166 0167 0168 0169 016A 016B 016C 016D 016E 016F 0170 0171 0172 0000 0000 0175 0176 0000 0000 0000 0000 0564 0000 0566 0567 0000
0180 0000 0182 0183 0184 0000 0000 0000 0000 0189 0000 018B 018C 018D 0000 0000 0190 0191 0192 0193 0000 0000 0196 0197 0000 0000 0000 0000 0000 0000 0587 0588
01A0 01A1 01A2 01A3 01A4 01A5 01A6 01A7 01A8 01A9 0000 01AB 01AC 01AD 0000 0000 01B0 01B1 01B2 01B3 01B4 0000 0000 01B7 01B8 0000 0000 0000 0000 0000 0000 05A8
01C0 01C1 01C2 0000 01C4 01C5 01C6 01C7 01C8 01C9 0000 0000 0000 0000 01CE 01CF 01D0 0000 0000 0000 01D4 01D5 0000 0000 01D8 01D9 0000 0000 0000 0000 0000 05C8
0000 0000 0000 0000 0000 0000 0000 0000 0000 01E9 0000 0000 0000 0000 01EE 01EF 01F0 0000 0000 0000 0000 01F5 01F6 01F7 01F8 01F9 01FA 0000 0000 0000 0000 0000
0200 0201 0202 0203 0204 0205 0206 0207 0208 0209 020A 020B 020C 020D 020E 020F 0210 0000 0000 0000 0214 0215 0216 0217 0000 0000 021A 021B 0000 0000 0000 0000
0220 0000 0000 0000 0000 0000 0000 0000 0000 0229 0000 0000 0000 0000 0000 022F 0230 0000 0000 0000 0234 0235 0236 0237 0238 0000 0000 023B 023C 0000 023E 023F
0240 0000 0000 0000 0000 0000 0000 0000 0000 0249 0000 0000 046C 046D 0000 024F 0250 0000 0252 0253 0254 0000 0000 0000 0258 0259 0000 0000 025C 025D 025E 025F
0260 0000 0000 0000 0000 0000 0000 046E 0000 0269 0000 048B 048C 048D 0000 026F 0270 0271 0272 0273 0274 0275 0276 0277 0000 0279 027A 0000 0000 0000 027E 027F
0280 0000 0000 0000 0000 0000 0000 048E 0000 0289 0000 0000 0000 0000 0000 028F 0290 0291 0292 0293 0294 0295 0296 0297 0298 0299 029A 029B 0000 0000 029E 029F
02A0 0000 0000 0000 0000 0000 0000 0000 0000 02A9 02AA 02AB 02AC 02AD 02AE 02AF 02B0 0000 02B2 02B3 02B4 02B5 0000 0000 02B8 02B9 02BA 02BB 0000 0000 02BE 02BF
02C0 0000 0000 046F 0000 0000 0000 0000 0000 02C9 0000 0000 02CC 02CD 0000 0000 02D0 0000 02D2 02D3 02D4 0000 0000 0000 0000 0000 02DA 02DB 0000 0000 02DE 02DF
0000 0000 0000 048F 0000 02E5 02E6 02E7 02E8 02E9 0000 02EB 02EC 02ED 0000 0000 02F0 0000 0000 0000 0000 0000 0000 0000 0000 02F9 02FA 0000 0000 02FD 02FE 0000
0000 0000 0000 0000 0000 0305 0000 0000 0000 0309 0000 0000 0000 0000 0000 0000 0310 0000 0000 0000 0314 0315 0316 0000 0318 0319 0000 0000 031C 031D 031E 031F
0000 0471 0472 0000 0000 0325 0000 0000 0000 0329 0000 0000 0000 0000 0000 0000 0330 0000 0000 0000 0334 0335 0336 0337 0338 0339 0000 033B 033C 033D 033E 033F
0490 0491 0492 0000 0000 0345 0000 0000 0000 0349 0000 0000 0000 0000 0000 0000 0350 0000 0000 0000 0000 0000 0356 0357 0358 0359 035A 035B 035C 035D 035E 035F
0000 0000 0000 0000 0000 0365 0366 0367 0368 0369 0000 0000 0473 0000 0000 0000 0370 0371 0372 0373 0000 0375 0376 0000 0000 0379 037A 037B 037C 037D 037E 037F
0000 0000 0000 0000 0000 0385 0386 0387 0388 0389 0000 0000 0493 0000 0000 0000 0390 0391 0392 0393 0394 0395 0396 0397 0398 0399 039A 039B 039C 039D 0000 0000
0000 0000 0000 0000 0000 03A5 03A6 03A7 03A8 03A9 0000 0000 0000 0000 0000 0000 03B0 0000 0000 03B3 03B4 03B5 03B6 03B7 03B8 03B9 03BA 03BB 03BC 03BD 0000 0000
0474 0475 0476 0477 0000 03C5 03C6 03C7 03C8 03C9 03CA 0000 0000 0000 0000 0000 03D0 0000 03D2 03D3 0000 0000 03D6 03D7 03D8 03D9 03DA 03DB 0000 0000 03DE 03DF
0494 0495 0496 0497 0000 03E5 03E6 03E7 03E8 03E9 03EA 0000 0000 0000 0000 0000 03F0 03F1 03F2 0000 0000 03F5 03F6 03F7 03F8 03F9 03FA 03FB 0000 03FD 03FE 03FF
04B4 0000 0000 0000 0000 0405 0406 0407 0408 0409 040A 0000 040C 040D 0000 0000 0410 0411 0412 0000 0414 0415 0416 0417 0418 0419 0000 0000 041C 041D 041E 041F
04D4 04D5 04D6 0000 0000 0425 0426 0427 0428 0429 042A 042B 042C 042D 0000 0000 0430 0431 0432 0433 0434 0435 0436 0437 0438 0439 0000 043B 043C 043D 043E 0000
04F4 04F5 04F6 0000 0000 0445 0446 0447 0448 0449 044A 044B 044C 0000 0000 0000 0450 0000 0000 0453 0000 0000 0000 0000 0000 0000 0000 045B 045C 045D 045E 0000
