ATARI GAUNTLET MOTION OBJECT 16X16 TILEMAP
SOURCE: level-098.png
GRID: 32 X 32
TILE_SIZE: 16 X 16
ATLAS_TILES: 1696
UNIQUE_PIXEL_TILES: 191
CONNECTED_OBJECT_GROUPS: 25

0020 0021 0022 0023 0024 0025 0026 0027 0028 0029 0000 0000 002C 002D 002E 002F 0030 0000 0180 0181 0182 0000 0000 0185 0186 0187 0188 0189 018A 0000 0000 018C
0040 0041 0042 0043 0044 0045 0046 0047 0048 0049 0000 004B 004C 004D 004E 004F 0050 0000 01A0 01A1 01A2 01A3 01A4 01A5 01A6 01A7 01A8 01A9 01AA 01AB 0000 01AC
0000 0000 0062 0063 0064 0065 0066 0067 0068 0069 006A 006B 0000 0000 0000 0000 0000 0000 0000 01C1 01C2 01C3 0000 0000 0000 0000 0000 0000 0000 0000 0000 0000
0000 0000 0082 0083 0084 0085 0086 0087 0088 0089 008A 008B 0000 008D 008E 0000 0000 0000 0000 0000 0000 0000 0000 0000 0000 0000 0000 0000 0193 0194 0195 0000
00A0 0000 00A2 00A3 00A4 00A5 00A6 00A7 0000 0000 0000 0000 00AC 00AD 00AE 0000 0000 0000 0000 0000 0000 0000 01AD 01AE 01AF 0000 0000 0000 01B3 01B4 01B5 01B6
00C0 0000 00C2 00C3 00C4 00C5 00C6 00C7 0000 0000 0000 0000 0000 0000 0000 00CF 00D0 00D1 00D2 00D3 00D4 0000 01CD 01CE 01CF 01D0 01D1 01D2 0000 0000 01D5 01D6
0000 00E1 00E2 0000 0000 0000 0000 0000 0000 0000 0000 0000 0000 0000 0000 00EF 00F0 00F1 00F2 00F3 00F4 0000 0000 0000 0000 01F0 01F1 01F2 01F3 0000 0000 0000
0100 0101 0102 0000 0000 0000 0000 0000 0000 0000 0000 0000 0000 0000 0000 0000 0000 0000 0000 0000 0000 0000 0000 0000 0000 0000 0211 0212 0213 0214 0215 0000
0000 0000 0122 0123 0124 0000 0000 0000 0000 0000 0000 0000 0000 02C2 02C3 0000 02C5 02C6 0000 02C8 02C9 0000 0000 022E 022F 0230 0000 0000 0233 0234 0235 0000
0000 0000 0142 0143 0144 0145 0000 0000 0000 02CB 0000 0000 02E1 02E2 02E3 02E4 02E5 02E6 02E7 02E8 02E9 0000 0000 024E 024F 0250 0000 0000 0000 0000 0000 0000
0000 0000 0000 0163 0164 0165 0000 0000 0000 02EB 0000 0300 0301 0302 0000 0000 0000 0000 0000 0308 0309 030A 0000 0000 0000 0270 0271 0272 0000 0000 0000 0000
02CC 0000 0000 0000 0000 0000 0000 0000 0000 0000 0000 0320 0321 0322 0000 0000 0000 0000 0000 0328 0329 032A 0000 0000 028F 0290 0291 0292 0000 0000 02CD 02CE
02EC 0000 0000 0000 0000 0000 0000 02D6 02D7 0000 0000 0000 0000 0000 0343 0344 0345 0000 0000 0000 0000 0000 0000 02AE 02AF 02B0 0000 0000 0000 0000 02ED 02EE
0000 0000 0000 0000 02F3 02F4 02F5 02F6 02F7 0000 0000 0000 0000 0000 0363 0364 0365 0000 0000 0000 0000 0000 0000 0000 0000 0000 0000 0000 0000 0000 0000 0000
0000 0000 0000 0312 0313 0314 0000 0000 0000 0000 0000 03A8 03A9 0000 0000 0000 0000 0000 0000 0000 0000 03AB 03AC 0000 0000 0000 0000 0000 0000 0000 0000 0000
0000 0330 0331 0332 0000 0000 0000 0000 0000 0000 03C7 03C8 03C9 0000 0000 0000 0000 0000 0000 0000 03CA 03CB 03CC 0000 0000 0000 0000 0000 03B1 03B2 03B3 0000
0000 0350 0351 0352 0000 0000 03E3 03E4 0000 03E6 03E7 03E8 0000 0000 0000 0000 03B4 0000 0000 0000 0000 0000 03EC 03ED 03EE 0000 0000 0000 03D1 03D2 03D3 0000
036F 0370 0000 0000 0000 0402 0403 0404 0405 0406 0407 0408 0000 0000 0000 0000 0000 0000 0000 0000 0000 0000 040C 040D 040E 0000 0000 0000 0000 0000 0000 0000
038F 0390 0000 0000 0000 0000 0000 0424 0425 0000 0000 0000 0000 0000 0000 0000 0000 0000 0000 0000 042A 042B 042C 0000 0000 042F 0430 0000 0000 0000 0000 03B5
0000 0000 0000 0000 0000 0000 0443 0444 0445 0000 0000 0000 03B6 03B7 03B8 0000 0000 0000 0000 0000 044A 044B 044C 0000 044E 044F 0450 0000 0000 0000 0000 0000
0000 0000 0000 0000 0461 0462 0000 0000 0000 0000 0000 0000 03D6 03D7 03D8 0000 0000 0000 0000 0000 0000 0000 0000 0000 0000 0000 0000 0000 0000 0000 0000 0000
03B9 0000 0000 0480 0481 0482 0000 0000 0000 0000 0000 0000 0000 0000 0000 0000 0000 03BC 03BD 0000 0000 0000 0000 04A1 04A2 0000 0000 0000 0000 04A4 04A5 04A6
03D9 03DA 0000 0000 0000 0000 0000 0000 0000 04E5 04E6 04E7 0000 0000 0000 0000 03DB 03DC 03DD 0000 0000 0000 04C0 04C1 04C2 0000 0000 0000 04C3 04C4 04C5 04C6
0000 0000 0000 0000 0000 0000 0000 0000 0000 0505 0506 0507 0000 0509 050A 0000 0000 0000 0000 0000 0000 0000 0000 0000 0000 0000 0000 0000 0000 0000 0000 0000
04FC 04FD 0000 0000 0000 0000 0000 0000 0000 0000 0000 0000 0528 0529 052A 0000 0000 0000 0000 0620 0621 0622 0000 0000 0000 0624 0625 0000 0000 0000 0000 0000
051C 051D 0000 0000 0000 0000 0542 0543 0544 0545 0546 0547 0000 0000 0000 0000 0000 0000 0000 0640 0641 0642 0000 0000 0643 0644 0645 0000 0000 0000 0000 055B
0000 0000 0000 0000 0000 0000 0562 0563 0564 0565 0566 0567 0000 0569 056A 0000 0000 0000 0000 0000 0000 0000 0000 0000 0000 0000 0000 0000 0578 0579 057A 0000
0626 0627 0000 0000 0000 0581 0582 0000 0000 0000 0000 0000 0588 0589 058A 0000 0000 0000 0000 0000 0000 0591 0592 0593 0000 0000 0000 0000 0598 0599 059A 059B
0646 0647 0000 0000 05A0 05A1 05A2 05A3 05A4 0000 0000 0000 0000 0000 0000 05AB 05AC 05AD 0000 0000 0000 05B1 05B2 05B3 05B4 05B5 05B6 05B7 05B8 05B9 0000 05BB
0666 0667 0000 0000 0000 0000 05C2 05C3 05C4 05C5 05C6 05C7 0000 0000 0000 05CB 05CC 05CD 0000 05CF 05D0 0000 0000 0000 05D4 05D5 05D6 0000 0000 0000 0000 0000
0686 0687 0000 0000 0000 0000 0000 05E3 05E4 05E5 05E6 05E7 05E8 05E9 05EA 0000 0000 0000 05EE 05EF 05F0 0000 0000 0000 05F4 05F5 05F6 05F7 05F8 0000 0000 0628
0000 0000 0000 0000 0000 0000 0000 0000 0000 0000 0606 0607 0608 0609 060A 0000 0000 0000 060E 060F 0610 0000 0000 0613 0614 0615 0616 0617 0618 0000 0000 0648
