ATARI GAUNTLET PLAYFIELD 16X16 TILEMAP
SOURCE: level-109-playfield.png
GRID: 32 X 32
TILE_SIZE: 16 X 16
UNIQUE_TILES: 47

0000 0001 0002 0002 0002 0002 0002 0002 0002 0002 0002 0002 0002 0002 0002 0002 0002 0002 0002 0002 0002 0002 0002 0002 0002 0002 0002 0002 0002 0002 0002 0002
0003 0004 0005 0006 0007 0008 0005 0006 0007 0008 0005 0006 0007 0008 0005 0006 0007 0008 0005 0006 0007 0008 0005 0006 0007 0008 0005 0006 0007 0008 0005 0006
0003 0009 0008 0005 0006 0007 0008 0005 0006 0007 0008 0005 0006 0007 0008 0005 0006 0007 0008 0005 0006 0007 0008 0005 0006 0007 0008 0005 0006 0007 0008 0005
0003 000A 0007 0008 0005 0006 0007 0008 0005 0006 0007 0008 0005 0006 0007 0008 0005 0006 0007 0008 0005 0006 0007 0008 0005 0006 0007 0008 0005 0006 0007 0008
0003 000B 0006 0007 0008 0005 0006 0007 0008 0005 0006 0007 0008 0005 0006 0007 0008 0005 0006 0007 0008 0005 0006 0007 0008 0005 0006 0007 0008 0005 0006 0007
0003 0004 0005 0006 0007 0008 0005 0006 0007 0008 0005 0006 0007 0008 0005 0006 0007 0008 0005 0006 0007 0008 0005 0006 0007 0008 0005 0006 0007 0008 0005 0006
0003 0009 0008 0005 0006 0007 0008 0005 0006 0007 0008 0005 0006 0007 0008 0005 0006 0007 0008 0005 0006 0007 0008 0005 0006 0007 0008 0005 0006 0007 0008 0005
0003 000A 0007 0008 0005 0006 0007 000C 000D 000E 000F 0010 0005 0006 0007 0008 0005 0006 0007 0008 0005 0006 0007 0008 0005 0006 0007 0008 0005 0006 0007 0008
0003 000B 0006 0007 0008 0005 0006 0011 0001 0002 0012 0013 0008 0005 0006 0007 0008 0005 0006 0007 000C 0014 0006 0007 0008 0005 0006 0007 0008 0005 0006 0007
0003 0004 0005 0006 0007 0008 0005 0003 0015 0010 0005 0006 0007 0008 0005 0006 0007 0008 0005 0006 0016 0004 0005 0006 0007 0008 0005 0006 0007 0008 0005 0006
0003 0009 0008 0005 0006 0007 0008 0017 0018 0013 0008 0005 0006 0007 0008 0005 0006 0007 0008 0005 0003 0009 0008 0005 0006 0007 0008 0005 0006 0007 0008 0005
0003 000A 0007 0008 0005 0006 0007 0003 000B 0006 0007 0008 0005 0006 0007 0008 0005 0006 0007 0008 0003 000A 0007 0008 0005 0006 0007 0008 0005 0006 0007 0008
0003 000B 0006 0007 0008 0005 0006 0003 0019 000D 000E 000F 0010 0005 0006 0007 0008 0005 0006 0007 0003 000B 0006 0007 0008 0005 0006 0007 0008 0005 0006 0007
0003 0004 0005 0006 0007 0008 0005 001A 0002 0002 0002 0012 0013 000C 000D 000E 001B 000C 000D 001C 0003 001D 000D 000E 001B 0008 0005 0006 0007 0008 0005 0006
0003 0009 0008 0005 0006 0007 0008 0005 0006 0007 0008 0005 0006 001E 001F 0018 0020 001E 0021 000B 001A 0002 0002 0012 0020 0007 0008 0005 0006 0007 0008 0005
0003 000A 0007 0008 0005 0006 0007 0008 0005 0006 0007 0008 0005 0006 0003 0004 0005 0006 0003 0004 0005 0006 0007 0008 0005 0006 0007 0008 0005 0006 0007 0008
0003 000B 0006 0007 0008 0005 0006 0007 0008 0005 0006 0007 0008 0005 0003 0009 0008 0005 0003 0009 0008 0005 0006 0007 0008 0005 0006 0007 0008 0005 0006 0007
0003 0004 0005 0006 0007 0008 0005 0006 0007 0008 0005 0006 0007 0008 0003 0022 001B 000C 0023 000A 0007 0008 0005 0006 0007 0008 0005 0006 0007 0008 0005 0006
0003 0009 0008 0005 0006 0007 0008 0005 0006 0007 0008 0005 0006 0007 0017 0018 0020 001E 0024 000B 0006 0007 0008 0005 0006 0007 0008 0005 0006 0007 0008 0005
0003 000A 0007 0008 0005 0006 0007 0008 0005 0006 0007 0008 0005 0006 0003 0004 0005 0006 0003 0004 0005 0006 0007 0008 0005 0006 0007 0008 0005 0006 0007 0008
0003 000B 0006 0007 0008 0005 0006 0007 0008 0005 0006 0007 0008 0005 0025 0013 000C 0014 0025 0013 0008 0005 0006 0007 0008 0005 0006 0007 0008 0005 0006 0007
0003 0004 0005 0006 0007 0008 0005 0006 0007 0008 0005 0006 0007 0008 0026 001C 0027 0028 0026 001C 0007 0008 0005 0006 0007 0008 0005 0006 0007 0008 0005 0006
0003 0009 0008 0005 0006 0007 0008 0005 0006 0007 0008 0005 0006 0007 0016 0029 001C 002A 002B 000B 0006 0007 0008 0005 0006 0007 0008 0005 0006 0007 0008 0005
0003 000A 0007 0008 0005 0006 0007 0008 0005 0006 0007 0008 0005 0006 001A 0012 002C 001E 002D 0028 0005 0006 0007 0008 0005 0006 0007 0008 0005 0006 0007 0008
0003 000B 0006 0007 0008 0005 0006 0007 0008 0005 0006 0007 0008 0005 0006 0007 0008 0005 0006 0007 0008 0005 0006 0007 0008 0005 0006 0007 0008 0005 0006 0007
0003 0004 0005 0006 0007 0008 0005 0006 0007 0008 0005 0006 0007 0008 0005 0006 0007 0008 0005 0006 0007 0008 0005 0006 0007 0008 0005 0006 0007 0008 0005 0006
0003 0009 0008 0005 0006 0007 0008 0005 0006 0007 0008 0005 0006 0007 0008 0005 0006 0007 0008 0005 0006 0007 0008 0005 0006 0007 0008 0005 0006 0007 0008 0005
0003 000A 0007 0008 0005 0006 0007 0008 0005 0006 0007 0008 0005 0006 0007 0008 0005 0006 0007 0008 0005 0006 0007 0008 0005 0006 0007 0008 0005 0006 0007 0008
0003 000B 0006 0007 0008 0005 0006 0007 0008 0005 0006 0007 0008 0005 0006 0007 0008 0005 0006 0007 0008 0005 0006 0007 0008 0005 0006 0007 0008 0005 0006 0007
0003 0004 0005 0006 0007 0008 0005 0006 0007 0008 0005 0006 0007 0008 0005 0006 0007 0008 0005 0006 0007 0008 0005 0006 0007 0008 0005 0006 0007 0008 0005 0006
0003 0009 0008 0005 0006 0007 0008 0005 0006 0007 0008 0005 0006 0007 0008 0005 0006 0007 0008 0005 0006 0007 0008 0005 0006 0007 0008 0005 0006 0007 0008 0005
0023 0022 000F 002E 000D 000E 000F 002E 000D 000E 000F 002E 000D 000E 000F 002E 000D 000E 000F 002E 000D 000E 000F 002E 000D 000E 000F 002E 000D 000E 000F 002E
