ATARI GAUNTLET PLAYFIELD 16X16 TILEMAP
SOURCE: level-007-playfield.png
GRID: 32 X 32
TILE_SIZE: 16 X 16
UNIQUE_TILES: 35

0000 0001 0002 0002 0002 0002 0002 0002 0002 0002 0002 0002 0002 0002 0002 0002 0002 0002 0002 0002 0002 0002 0002 0002 0002 0002 0002 0002 0002 0002 0002 0002
0003 0004 0005 0006 0007 0008 0005 0006 0007 0008 0005 0006 0007 0008 0005 0006 0007 0008 0005 0006 0007 0008 0005 0006 0007 0008 0005 0006 0007 0008 0005 0009
0003 000A 0008 0005 0006 0007 0008 0005 0006 0007 0008 0005 0006 0007 0008 0005 0006 0007 0008 0005 0006 0007 0008 0005 0006 0007 0008 0005 0006 0007 000B 000C
0003 000D 000E 000F 0010 0011 000E 000F 0010 0011 000E 000F 0010 0012 0007 0008 0005 0006 0007 000B 0010 0011 000E 000F 0010 0011 000E 000F 0010 0011 0013 0004
0014 0001 0002 0002 0002 0002 0002 0002 0002 0002 0002 0002 0015 0016 0006 0007 0008 0005 0006 0017 0002 0002 0002 0002 0002 0002 0002 0002 0002 0002 0018 000A
0003 0004 0005 0006 0007 0008 0005 0006 0007 0008 0005 0006 0007 0008 0005 0006 0007 0008 0005 0006 0007 0008 0005 0006 0007 0008 0005 0006 0007 0008 0003 0019
0003 000A 0008 0005 0006 0007 0008 0005 0006 0007 0008 0005 0006 0007 0008 0005 0006 0007 0008 0005 0006 0007 0008 0005 0006 0007 0008 0005 0006 0007 0003 001A
0003 0019 0007 0008 0005 0006 0007 0008 0005 0006 0007 0008 0005 0006 0007 0008 0005 0006 0007 0008 0005 0006 0007 0008 0005 0006 0007 0008 0005 0006 0003 0004
0003 001A 0006 0007 0008 0005 0006 0007 0008 0005 0006 0007 0008 0005 0006 0007 0008 0005 0006 0007 0008 0005 0006 0007 0008 0005 0006 0007 0008 0005 0003 000A
0003 0004 0005 0006 001B 000F 0010 0011 000E 000F 0010 0011 000E 000F 0010 0011 000E 000F 0010 0011 000E 000F 0010 0011 000E 000F 0010 0011 000E 000F 001C 0019
0003 000A 0008 0005 0017 0002 0002 0002 0002 0002 0002 0002 0002 0002 0002 0002 0002 0002 0002 0002 0002 0002 0002 0002 0002 0002 0002 0002 0002 0002 0018 001A
0003 0019 0007 0008 0005 0006 0007 0008 0005 0006 0007 0008 0005 0006 0007 0008 0005 0006 0007 0008 0005 0006 0007 0008 0005 0006 0007 0008 0005 0006 0003 0004
0003 001A 0006 0007 0008 0005 0006 0007 0008 0005 0006 0007 0008 0005 0006 0007 0008 0005 0006 0007 0008 0005 0006 0007 0008 0005 0006 0007 0008 0005 0003 000A
0003 0004 0005 0006 0007 0008 0005 0006 0007 0008 0005 0006 0007 0008 0005 0006 0007 0008 0005 0006 0007 0008 0005 0006 0007 0008 0005 0006 0007 0008 0003 0019
0003 000A 0008 0005 0006 0007 0008 0005 0006 0007 0008 0005 0006 0007 0008 0005 0006 0007 0008 0005 0006 0007 0008 0005 0006 0007 0008 0005 0006 0007 0003 001A
0003 0019 0007 0008 0005 0006 0007 0008 0005 0006 0007 0008 0005 0006 0007 0008 0005 0006 0007 0008 0005 0006 0007 0008 0005 0006 0007 0008 0005 0006 0003 0004
0003 001D 0011 000E 000F 0010 0011 000E 000F 0010 0011 000E 000F 0010 0011 000E 000F 0010 0011 000E 000F 0010 0011 000E 000F 0010 0011 001E 0008 0005 0003 000A
0014 0001 0002 0002 0002 0002 0002 0002 0002 0002 0002 0002 0002 0002 0002 0002 0002 0002 0002 0002 0002 0002 0002 0002 0002 0002 0015 001F 0007 0008 0003 0019
0003 000A 0008 0005 0006 0007 0008 0005 0006 0007 0008 0005 0006 0007 0008 0005 0006 0007 0008 0005 0006 0007 0008 0005 0006 0007 0008 0005 0006 0007 0003 001A
0003 0019 0007 0008 0005 0006 0007 0008 0005 0006 0007 0008 0005 0006 0007 0008 0005 0006 0007 0008 0005 0006 0007 0008 0005 0006 0007 0008 0005 0006 0003 0004
0003 001A 0006 0007 0008 0005 0006 0007 0008 0005 0006 0007 0008 0005 0006 0007 0008 0005 0006 0007 0008 0005 0006 0007 0008 0005 0006 0007 0008 0005 0003 000A
0003 0004 0005 0006 0007 0008 0005 0006 0007 0008 0005 0006 0007 0008 0005 0006 0007 0008 0005 0006 0007 0008 0005 0006 0007 0008 0005 0006 0007 0008 0003 0019
0003 000A 0008 0005 0006 0007 0008 0005 0006 0007 0008 0005 0006 0007 0008 0005 0006 0007 0008 0005 0006 0007 0008 0005 0006 0007 0008 0005 0006 0007 0003 001A
0003 0019 0007 0008 0005 0020 000E 000F 0010 0011 000E 000F 0010 0011 000E 000F 0010 0011 000E 000F 0010 0011 000E 000F 0010 0011 000E 000F 0010 0011 001C 0004
0003 001A 0006 0007 0008 0017 0002 0002 0002 0002 0002 0002 0002 0002 0002 0002 0002 0002 0002 0002 0002 0002 0002 0002 0002 0002 0002 0002 0002 0002 0021 0022
0003 0004 0005 0006 0007 0008 0005 0006 0007 0008 0005 0006 0007 0008 0005 0006 0007 0008 0005 0006 0007 0008 0005 0006 0007 0008 0005 0006 0007 0008 0005 0006
0003 000A 0008 0005 0006 0007 0008 0005 0006 0007 0008 0005 0006 0007 0008 0005 0006 0007 0008 0005 0006 0007 0008 0005 0006 0007 0008 0005 0006 0007 0008 0005
0003 0019 0007 0008 0005 0006 0007 0008 0005 0006 0007 0008 0005 0006 0007 0008 0005 0006 0007 0008 0005 0006 0007 0008 0005 0006 0007 0008 0005 0006 0007 0008
0003 001A 0006 0007 0008 0005 0006 0007 0008 0005 0006 0007 0008 0005 0006 0007 0008 0005 0006 0007 0008 0005 0006 0007 0008 0005 0006 0007 0008 0005 0006 0007
0003 0004 0005 0006 0007 0008 0005 0006 0007 0008 0005 0006 0007 0008 0005 0006 0007 0008 0005 0006 0007 0008 0005 0006 0007 0008 0005 0006 0007 0008 0005 0006
0003 000A 0008 0005 0006 0007 0008 0005 0006 0007 0008 0005 0006 0007 0008 0005 0006 0007 0008 0005 0006 0007 0008 0005 0006 0007 0008 0005 0006 0007 0008 0005
001C 000D 000E 000F 0010 0011 000E 000F 0010 0011 000E 000F 0010 0011 000E 000F 0010 0011 000E 000F 0010 0011 000E 000F 0010 0011 000E 000F 0010 0011 000E 000F
