ATARI GAUNTLET PLAYFIELD 16X16 TILEMAP
SOURCE: level-056-playfield.png
GRID: 32 X 32
TILE_SIZE: 16 X 16
UNIQUE_TILES: 57

0000 0001 0002 0002 0002 0002 0002 0002 0002 0002 0002 0002 0002 0002 0002 0002 0002 0002 0002 0002 0002 0002 0002 0002 0002 0002 0002 0002 0002 0002 0002 0002
0003 0004 0005 0006 0007 0008 0005 0006 0007 0008 0005 0006 0007 0008 0005 0006 0007 0008 0005 0006 0007 0008 0005 0006 0007 0008 0005 0006 0007 0008 0005 0006
0009 000A 0008 0005 000B 000C 000D 000E 000F 000C 000D 000E 000F 000C 000D 000E 000F 000C 000D 000E 000F 000C 000D 000E 000F 000C 000D 000E 000F 000C 000D 000E
0010 0011 0007 0008 0012 0001 0002 0002 0002 0002 0002 0002 0002 0002 0002 0002 0002 0002 0002 0002 0002 0002 0002 0002 0002 0002 0002 0002 0002 0002 0002 0002
0003 0013 0006 0007 0003 0013 0006 0007 0008 0005 0006 0007 0008 0005 0006 0007 0008 0005 0006 0007 0008 0005 0006 0007 0008 0005 0006 0007 0008 0005 0006 0007
0003 0014 0005 0006 0003 0014 0005 0006 0015 000D 000E 000F 000C 000D 000E 000F 000C 000D 000E 000F 000C 000D 000E 000F 000C 000D 0016 0006 0007 0017 0016 0006
0003 000A 0017 0016 0003 000A 0008 0018 0019 0002 0002 001A 0001 0002 0002 0002 0002 0002 0002 0002 0002 0002 0002 0002 0002 001B 0014 0005 0006 001C 0014 0005
0003 0011 001C 0014 0003 0011 0007 001C 001D 0006 0007 001E 001F 0006 0007 0008 0005 0006 0007 0008 0005 0006 0007 0008 0005 0003 000A 0008 0005 0003 000A 0008
0003 0013 0003 000A 0003 0013 0006 0003 0014 0005 0006 0007 0008 0005 0006 0007 0017 0016 0006 0007 0008 0018 0020 0007 0008 0003 0011 0007 0008 0003 0011 0007
0003 0014 0003 0011 0003 0014 0005 0003 000A 0008 0005 000B 000C 000D 000E 000F 0021 0022 000E 000F 000C 0021 001F 0006 0007 0003 0023 0020 0007 0003 0013 0006
0003 000A 0003 0013 0003 000A 0008 0003 0011 0007 0008 0012 0001 0002 0002 0024 0025 0026 0002 0002 0024 0027 0028 0005 0006 0029 002A 001F 0006 0003 0014 0005
0003 0011 0003 0014 0003 0011 0007 001E 002B 000F 002C 0003 0013 0006 0007 0008 0005 0006 0007 0008 0005 001C 000A 0008 0005 0003 000A 0008 0005 0003 000A 0008
0003 0013 0003 000A 0003 0013 0006 0015 0019 0024 0025 0003 0014 0005 0006 0007 0008 0005 0006 0007 0008 0003 0011 0007 0008 0003 0011 0007 0008 0003 0011 0007
0003 0014 0003 0011 0003 0014 0005 001C 000A 0008 0005 0003 000A 0008 0018 000F 000C 000D 000E 0020 0007 0003 0013 0006 0007 0003 0013 0006 0015 0009 0013 0006
0003 002D 0009 0023 0009 002D 002E 0009 0011 0007 0008 0003 0011 0007 0026 0002 0002 0002 001B 0013 0006 001E 002F 0005 0006 0003 0014 0005 0026 0010 0014 0005
0029 0001 0030 0002 0030 0002 0002 0010 002E 0006 0007 0003 0013 0006 0007 0008 0005 0006 001E 0022 000E 000F 000C 000D 000E 0009 000A 0008 0005 0003 000A 0008
0003 0013 0006 0007 0008 0005 002E 0003 0014 0005 0006 0003 0014 0005 0006 0007 0008 0005 000B 0019 0002 0002 0002 0002 0002 0010 0011 0007 0008 0003 0011 0007
0003 0014 0005 000B 000C 0028 0005 0003 000A 0008 0018 0031 0032 0008 0018 000F 000C 000D 0033 0011 0007 0008 0005 0006 0007 0003 0013 0006 0007 0003 0013 0006
0003 000A 0008 0026 001B 000A 0008 0003 0011 0007 0034 002B 0020 0007 0012 0001 0002 0002 0035 001F 0006 0007 0008 0005 0006 0003 0014 0005 0006 0003 0036 0016
0003 0011 0007 0008 0003 0011 0007 0003 0013 0006 0007 001C 0013 0006 001E 002F 0005 0006 0007 0008 0005 000B 000C 0028 0005 0003 002D 0028 0005 0029 002A 002F
0003 0013 0006 0007 0003 0013 0006 0003 0014 0005 0006 0003 0014 0005 0006 0007 0008 0005 0006 0007 0008 0012 002A 0032 0008 0029 002A 0032 0008 0003 0011 0007
0003 0014 0005 0006 0003 0014 0005 0003 000A 0008 0005 0003 002D 000D 000E 000F 000C 000D 000E 000F 000C 0009 0013 0006 0007 0003 0013 0006 0007 0003 0013 0006
0003 000A 0008 0005 0003 000A 0008 0003 0011 0007 0008 0037 0002 0002 0002 0002 0002 001A 0001 0002 0002 0035 002F 0005 0006 0003 0014 0005 0006 0003 0014 0005
0003 0011 0007 0008 0003 0011 0007 0003 0013 0006 0007 0008 0005 0006 0007 0008 0005 0003 000A 0008 0005 0006 0007 0008 0005 0003 000A 0008 0005 0003 000A 0008
0003 0013 0006 0015 0009 0013 0006 001E 0022 000E 000F 000C 000D 000E 000F 002C 0008 0003 0011 0007 0008 0018 000F 000C 000D 0009 0011 0007 0008 0003 0011 0007
0003 0014 0005 0026 0010 0014 0005 0006 0026 0002 0002 0002 0002 0002 001B 0011 0007 0003 0013 0006 0007 0012 0001 0002 0002 0035 001F 0006 0007 0003 0013 0006
0003 000A 0008 0005 0003 000A 0008 0005 0006 0007 0008 0005 0006 0007 001E 001F 0006 0003 0014 0005 0006 001E 002F 0005 0006 0007 0008 0005 0006 0003 0014 0005
0003 0011 0007 0008 0003 0011 0007 0008 0005 0006 0007 0008 0005 0006 0007 0008 0005 0003 000A 0008 0005 0006 0007 0008 0005 0006 0007 0008 0005 0003 000A 0008
0003 0013 0006 0007 001E 002B 000F 000C 000D 000E 000F 000C 000D 000E 000F 000C 000D 0009 0038 000C 000D 000E 000F 000C 000D 000E 000F 000C 000D 0009 0011 0007
0003 0014 0005 0006 0007 0026 001A 0001 0002 0002 0002 0002 0002 0002 0002 0002 0002 0030 0002 0002 001A 0001 0002 0002 0002 0002 0002 0002 0002 0035 001F 0006
0003 000A 0008 0005 0006 0007 001E 001F 0006 0007 0008 0005 0006 0007 0008 0005 0006 0007 0008 0005 001E 0032 0008 0005 0006 0007 0008 0005 0006 0007 0008 0005
0009 0038 000C 000D 000E 000F 000C 000D 000E 000F 000C 000D 000E 000F 000C 000D 000E 000F 000C 000D 000E 000F 000C 000D 000E 000F 000C 000D 000E 000F 000C 000D
