ATARI GAUNTLET MOTION OBJECT 16X16 TILEMAP
SOURCE: level-040.png
GRID: 32 X 32
TILE_SIZE: 16 X 16
ATLAS_TILES: 1536
UNIQUE_PIXEL_TILES: 165
CONNECTED_OBJECT_GROUPS: 18

0000 0021 0022 0023 0024 0025 0026 0000 0000 0000 0000 0000 0000 0000 0000 0000 0000 0000 0000 0000 0000 0000 0000 0000 0000 0000 0000 009B 009C 009D 009E 009F
0000 0041 0042 0043 0044 0045 0046 0000 0000 0000 0000 0000 0000 02E0 02E1 0000 0000 0000 0000 0000 0000 0000 0000 00B7 00B8 00B9 00BA 00BB 00BC 00BD 00BE 00BF
0060 0061 0000 0000 0000 0000 0000 0000 0000 0000 0000 0000 0000 0000 0000 0302 0303 0304 0000 0000 0000 0000 0000 00D7 00D8 00D9 0000 0000 0000 0000 0000 00DF
0000 0000 0000 0000 0000 00E5 0000 0000 0000 0000 0000 0000 0000 0000 0000 0000 0000 0000 0000 0000 0000 0000 00F6 00F7 00F8 0000 0000 0000 0000 0000 0000 0000
0000 0000 0102 0103 0104 0000 0000 0000 0000 0000 0000 0000 010C 010D 010E 0000 0000 0000 0000 0000 0000 0000 0116 0117 0118 0000 0000 0000 0000 0000 0000 0000
0120 0121 0122 0123 0124 0000 0000 0000 0000 0000 0000 0000 012C 012D 012E 012F 0130 0131 0000 0000 0134 0135 0000 0000 0000 0000 0000 0000 0000 0000 0000 013F
0140 0141 0000 0000 0000 0000 0000 0147 0148 0149 014A 0000 0000 0000 0000 014F 0150 0151 0000 0153 0154 0155 0000 0000 0158 0159 0000 015B 015C 015D 015E 015F
0160 0000 0000 0000 0000 0000 0166 0167 0168 0169 016A 0000 0000 016D 016E 016F 0000 0000 0172 0173 0174 0175 0176 0177 0178 0179 017A 017B 017C 017D 017E 017F
0180 0000 0000 0183 0184 0185 0186 0187 0188 0189 018A 0000 0000 018D 018E 018F 0000 0000 0192 0193 0194 0195 0196 0197 0198 0199 019A 0000 0000 019D 019E 019F
01A0 01A1 0000 01A3 01A4 01A5 01A6 01A7 01A8 01A9 01AA 0000 0000 0000 0000 01AF 01B0 01B1 0000 01B3 01B4 01B5 0000 01B7 01B8 01B9 01BA 0000 0000 0000 0000 01BF
01C0 01C1 01C2 01C3 01C4 0000 0000 0000 01C8 0000 0000 01CB 01CC 01CD 01CE 01CF 01D0 01D1 0000 0000 0000 0000 0000 0000 0000 0000 0000 0000 0000 0000 0000 01DF
0000 0000 01E2 01E3 01E4 0000 01E6 01E7 01E8 0000 0000 0000 01EC 01ED 01EE 0000 0000 0000 0000 0000 0000 0000 0000 0000 0000 0000 0000 0000 0000 02E5 0000 0000
0000 0000 0000 0000 0000 0000 0206 0207 0208 0000 020A 020B 020C 0000 0000 0000 0000 0000 0000 0000 0000 0000 0000 0000 0000 0000 0000 0000 0000 0000 0000 0000
0000 0000 0000 0000 0000 0000 0000 0000 0000 0000 022A 022B 022C 022D 022E 0000 0000 0000 0000 02E6 0000 02E7 0000 02EC 02ED 02EE 0000 02F1 0000 0000 0000 0000
0000 0000 0000 0000 0000 0000 0000 0000 0000 0000 0000 0000 024C 024D 024E 0000 0000 0000 0000 0000 0000 0000 0000 030C 030D 030E 0000 0000 0000 0000 0000 0000
0000 0000 02F2 0000 0000 02F3 02F4 02F5 0000 0269 026A 026B 026C 026D 026E 026F 0000 0000 0000 0000 0329 032A 032B 032C 0000 032E 032F 0330 0000 0000 0000 0000
0000 0000 0312 0000 0000 0313 0314 0315 0000 0289 028A 028B 028C 028D 028E 0000 0290 0000 0000 0348 0349 034A 034B 034C 0000 034E 034F 0350 0000 0000 0000 0000
0000 0000 0332 0000 0000 0000 0000 0000 0000 0000 0000 0000 02AC 02AD 02AE 0000 0000 0000 0000 0368 0369 036A 036B 0000 0000 0000 0000 0000 0000 0000 0000 0000
0000 0000 0000 0000 02FA 02FB 02FC 0000 0000 0000 0000 0000 02CC 02CD 02CE 0000 0000 0000 0000 0000 0000 0000 0000 0000 03EC 03ED 03EE 03EF 03F0 0000 0000 0000
0000 0000 0000 0000 031A 031B 031C 0000 0000 0000 0000 0000 0000 0000 0000 0000 0000 0000 0000 0000 0000 0000 0000 040B 040C 040D 040E 040F 0410 0000 0000 0000
0000 0000 0338 0339 033A 0000 0000 0000 0000 0000 0000 0000 0420 0421 0422 0000 0000 0425 0000 0000 0000 0000 042A 042B 042C 042D 042E 0000 0000 0000 0000 0000
0356 0357 0358 0359 035A 0000 0000 0000 0000 0000 0000 0000 0440 0441 0442 0443 0444 0445 0000 0447 0000 0000 0000 044B 044C 044D 044E 0000 0000 0451 0000 03F2
0376 0377 0000 0379 037A 037B 0000 0000 03F3 0000 0000 0000 0000 0000 0000 0463 0464 0465 0000 0467 0468 0469 0000 046B 046C 046D 0000 046F 0470 0471 0000 0412
0000 0000 0000 0399 039A 039B 039C 0000 0000 0000 0000 0000 0480 0481 0482 0000 0000 0000 0486 0487 0488 0489 048A 0000 048C 048D 0000 048F 0490 0491 0000 0000
0000 0000 0000 0000 0000 0000 03BC 0000 0000 0000 0000 0000 04A0 04A1 04A2 0000 0000 0000 04A6 04A7 04A8 04A9 04AA 04AB 04AC 04AD 0000 0000 0000 0000 0000 0000
03F4 03F5 0000 0000 0000 0000 03DC 0000 0000 0000 0000 0000 04C0 04C1 04C2 04C3 04C4 04C5 04C6 04C7 04C8 04C9 04CA 04CB 04CC 04CD 0000 0000 0000 0000 0000 0532
0414 0415 0000 0000 0000 0000 0000 0000 0000 0000 0000 0000 04E0 04E1 04E2 04E3 04E4 04E5 0000 0000 0000 0000 0000 0000 0000 0000 0000 0000 054F 0550 0551 0552
0000 0000 0000 0000 0000 0000 0000 0000 0000 0000 0000 0000 0000 0501 0000 0000 0000 0000 0000 0000 0000 0000 0000 056A 056B 056C 056D 0000 056F 0570 0571 0000
0000 0000 0000 0000 0537 0538 0539 0000 0000 0000 0000 0000 0000 0000 0000 0000 0000 0000 0000 0000 0000 0000 0589 058A 058B 058C 058D 058E 058F 0000 0000 0000
0000 0000 0000 0000 0557 0558 0559 0000 0000 0000 0000 053A 0000 0000 0000 0000 0000 0000 0000 0000 0000 05A8 0000 05AA 05AB 05AC 05AD 05AE 05AF 0000 0000 0000
0573 0574 0575 0576 0577 0578 0579 0000 0000 0000 0000 0000 0000 0000 0000 05C2 05C3 05C4 05C5 0000 05C7 05C8 05C9 05CA 05CB 05CC 0000 0000 0000 05D0 05D1 05D2
0000 0594 0595 0596 0597 0598 0599 0000 0000 0000 0000 0000 0000 05E0 05E1 05E2 05E3 05E4 05E5 05E6 05E7 05E8 05E9 0000 0000 0000 0000 0000 0000 05F0 05F1 05F2
