ATARI GAUNTLET PLAYFIELD 16X16 TILEMAP
SOURCE: level-055-playfield.png
GRID: 32 X 32
TILE_SIZE: 16 X 16
UNIQUE_TILES: 67

0000 0001 0002 0002 0003 0002 0002 0002 0002 0002 0002 0003 0002 0002 0002 0002 0002 0002 0002 0002 0002 0002 0002 0002 0002 0002 0004 0001 0002 0002 0002 0002
0005 0006 0007 0008 0009 000A 000B 000C 000D 000A 000B 000C 000D 000A 000B 000E 0009 000A 000B 000C 000D 000A 000B 000E 0009 000F 0005 0010 0009 000F 0007 0008
0005 0011 000F 0007 0008 0012 0002 0013 0014 0015 0002 0013 0014 0015 0013 0016 0017 0015 0002 0013 0014 0015 0013 0016 0008 0018 0019 0016 0008 0018 001A 0007
0005 0010 0009 000F 0007 0017 001B 001C 001D 001E 0009 000F 001F 0014 000D 000A 001D 001E 0009 000F 001F 0014 001B 001C 000B 0020 0011 000F 0007 0021 0011 000F
0005 0022 0008 0009 000A 0015 0002 0013 0023 0007 0008 0009 000F 001F 0014 001D 0023 0007 0017 000D 000F 0012 0002 0002 0002 0024 0010 0009 000F 0005 0010 0009
0005 0006 0007 0008 0021 0006 0007 0008 0009 000F 0007 0008 0009 000F 0021 0010 0009 000A 001D 0014 000D 000F 0007 0008 0009 0005 0022 0008 0018 0019 0016 0008
0005 0011 000F 0007 0005 0011 000F 0025 000E 0018 001C 0026 0008 0009 0027 0016 0008 0021 0006 0021 0010 0009 000F 0007 0017 0019 0023 0007 0021 0011 000F 0007
0005 0010 0009 000F 0005 0010 0009 001F 0028 0015 0013 0029 0026 0008 0009 000F 0007 0005 0011 0005 0022 0008 0018 001A 0021 0010 0009 000F 0005 0010 0009 000F
0005 0022 0008 0009 0005 0022 0008 0009 0021 0022 0008 001F 0029 000B 000C 001B 001C 0019 001E 0005 0006 0025 001D 002A 0005 0022 0008 0009 0005 0022 0008 0009
0005 0006 0007 0008 0027 0029 0026 0008 0005 0006 0007 0008 0012 0002 0002 0002 0013 0023 0007 0027 002A 0021 0022 0008 0005 0006 0007 0017 0019 0023 0007 0008
0005 0011 000F 0007 0017 001D 0023 0007 0005 002B 000F 0007 0008 0009 000F 0007 0008 0009 000F 0007 0008 0005 0006 0025 0019 002A 000F 0021 0010 0009 000F 0007
0005 0010 0009 000F 002C 0010 0009 000F 0005 0010 0009 000F 0007 0008 0009 000A 000B 000C 001B 001A 0007 0005 0011 0021 0022 0008 0009 0005 0022 0008 0009 000F
0005 0022 0008 0009 002D 0028 000C 001B 0019 0028 000C 001B 001C 000B 000C 0015 0002 0002 0013 002E 001C 0019 001E 0005 0006 0007 0008 0005 0006 0007 0017 000D
0005 0006 0007 0008 0009 002F 0030 0031 002A 0012 0002 0002 0002 0002 0032 0010 0009 000A 0026 0033 0034 0023 0007 0005 0011 000F 0025 0019 002A 000F 0021 0010
0005 0011 000F 0007 0008 0009 000F 0007 0008 0009 000F 0007 0008 0009 0005 0022 0008 001F 0023 0005 0010 0009 000A 0019 001E 0009 0021 0022 0008 0009 0005 0022
0005 0035 001B 001C 000B 000C 001B 001C 000B 000C 001B 001A 0007 0008 0005 0006 0025 000E 0009 0005 0022 0008 0021 0006 0007 0008 0005 0006 0007 0008 0005 0006
0036 0001 0002 0002 0002 0002 0002 0002 0002 0002 0013 002E 001A 0007 0005 0011 0021 0022 0008 0005 0006 0007 0005 0011 000F 0007 0005 0011 000F 0025 0019 002A
0005 0006 0007 0008 0009 000F 0007 0008 0009 000F 0007 0021 0011 000F 0005 0010 0027 0029 0026 0005 0011 000F 0005 0010 0009 000A 0019 001E 0009 0021 0022 0008
0005 0011 000F 0007 0008 0018 001C 000B 000C 000D 000F 0005 0010 0009 0005 0022 0008 0021 0006 0005 0010 0018 0019 0016 0008 0021 0006 0007 0008 0005 0006 0007
0005 0010 0009 000F 0025 0015 0002 0002 0013 001E 0009 0005 0022 0008 0027 0029 0026 0005 0011 0027 0016 0021 0011 000F 0007 0005 0011 000F 0007 0005 0011 000F
0005 0022 0008 0009 0021 0022 0008 0009 000F 0007 0008 0027 0029 0026 0008 002C 0006 0005 0010 0009 000F 0005 0010 0009 000F 0037 0010 0009 000A 0019 001E 0009
0005 0006 0007 0008 0005 0006 0007 0017 000D 000F 0007 0008 0021 0038 000B 0039 0011 0005 0022 0008 0009 0005 0022 0008 0018 003A 0016 0008 002C 0006 0007 0008
0005 0011 000F 0007 0005 0011 000F 0021 0010 0009 000F 0007 0036 003B 0030 003C 001E 0005 0006 0007 0017 0019 0023 0007 0021 0011 003D 0007 0037 0011 000F 0007
0005 0010 0009 000F 0005 0010 0009 0005 0022 0008 0009 000A 0019 001E 0009 000F 0007 0005 0011 000F 0021 0010 0009 000F 0005 0010 0009 000F 0005 0010 0009 000F
0005 0022 0008 0009 0005 0022 0008 0005 0006 0007 0008 0021 0038 000B 000C 001B 001C 003E 0035 001B 003E 0022 0008 003D 0005 003F 000C 001B 0019 0016 0008 0009
0005 0006 0025 000C 003E 0006 0007 0027 002E 001C 000B 0040 0002 0002 0002 0002 0002 0003 0002 0002 0041 0023 0007 0017 0040 0002 0002 0013 002A 000F 0007 0008
003E 0011 0012 0002 0024 0011 000F 0007 0012 0002 0013 0016 0008 0009 000F 0007 0008 0009 000F 0007 0008 0009 000F 0021 0010 0009 000F 0007 0008 0009 000F 0025
0024 0010 0009 000F 0005 0010 0009 000F 0007 0008 0009 000F 0007 0008 0018 001C 000B 000C 001B 001C 000B 000C 001B 003E 0022 0008 0009 000A 000B 000C 001B 0015
0005 0022 0008 0009 0027 0028 000C 001B 001C 000B 000C 001B 001C 000B 0015 0002 0002 0002 0002 0002 0002 0002 0002 0024 0006 0007 0017 0015 0002 0002 0013 002A
0005 0006 0007 0008 0009 0012 0002 0002 0002 0002 0002 0002 0002 0013 0016 0008 0009 000F 0007 0008 0009 000F 003D 0005 0011 000F 0021 0010 0009 000F 0007 0008
0005 0011 000F 0007 0017 000D 000F 0007 0008 0009 000F 0025 000E 0009 000F 0007 0008 0009 000F 0007 0008 0009 000F 0027 001E 0009 0027 0016 0008 0009 000F 0007
003E 0035 001B 001C 0020 0035 001B 001C 000B 000C 001B 0020 0042 000C 001B 001C 000B 000C 001B 001C 000B 000C 001B 001C 000B 000C 001B 001C 000B 000C 001B 001C
