ATARI GAUNTLET PLAYFIELD 16X16 TILEMAP
SOURCE: level-028-playfield.png
GRID: 32 X 32
TILE_SIZE: 16 X 16
UNIQUE_TILES: 53

0000 0001 0002 0002 0002 0002 0002 0002 0002 0002 0002 0002 0002 0002 0002 0002 0002 0002 0002 0002 0002 0002 0002 0002 0002 0002 0002 0002 0002 0002 0002 0002
0003 0004 0005 0006 0007 0008 0009 0006 0007 0008 0009 0006 0007 0008 0009 0006 0007 0008 0009 0006 0007 0008 0009 0006 0007 0008 0009 0006 0007 0008 0009 000A
0003 000B 000C 0001 0002 0002 0002 0002 0002 0002 0002 0002 0002 0002 0002 0002 0002 0002 0002 0002 0002 0002 0002 0002 0002 0002 0002 0002 0002 0002 000D 000E
0003 000F 0003 0004 0010 0011 0012 0013 0010 0011 0014 0008 0009 0006 0007 0008 0009 0006 0007 0015 0010 0011 0012 0013 0010 0011 0012 0013 0010 0011 0003 0004
0003 000E 0003 000B 0013 0010 0011 0012 0013 0010 000C 0001 0002 0002 0002 0002 0002 0002 000D 000B 0013 0010 0011 0012 0013 0010 0011 0012 0013 0010 0003 000B
0003 0004 0003 000F 0012 0013 0010 0016 0017 0013 0003 000F 0012 0013 0010 0011 0012 0013 0003 000F 0012 0013 0010 0011 0012 0013 0010 0011 0012 0013 0003 000F
0003 000B 0003 000E 0011 0012 0018 0019 001A 0017 0003 000E 0011 0012 0013 0010 0011 0012 0003 001B 000A 0012 0013 0010 0011 0012 0013 0010 0011 0012 0003 000E
0003 000F 0003 001C 001D 0011 001E 001C 001F 0020 0021 0004 0010 0011 0012 0013 0010 0011 0022 0023 0024 000A 0012 0013 0010 0011 0012 0013 0010 0011 0003 0004
0003 000E 0022 0023 0025 0010 0022 0001 0000 0001 0026 000B 0013 0010 0011 0012 0013 0010 0003 000B 0027 0024 000A 0012 0013 0010 0011 0012 0013 0010 0003 000B
0003 0004 0003 000F 0012 0013 0028 001A 0029 0025 0003 000F 0012 0013 0010 0011 0012 0013 0003 000F 0014 0019 002A 0011 0012 0013 0010 0011 0012 0013 0003 000F
0003 000B 0003 000E 0011 0012 0013 0027 002B 0012 0028 002A 0011 0012 0013 0010 0011 0012 0003 001B 0019 002C 0013 0010 0011 0012 0013 0010 0011 0012 0003 000E
0003 000F 0003 0004 0010 0011 0012 0013 0010 0011 0014 0015 0010 0011 0012 0013 0010 0011 0022 0023 002A 0011 0012 0013 0010 0011 0012 0013 0010 0011 0003 0004
0003 000E 0003 002D 0008 0009 0006 0007 0008 0009 001F 002D 0008 0009 000A 0012 0013 0010 0003 002D 0008 001D 0011 0012 0018 0009 0006 0007 0008 0009 0021 000B
0003 0004 0022 0001 0002 0002 0002 0002 0002 0002 002E 0002 0002 002F 002A 0011 0012 0013 0022 0001 002F 0025 0010 0011 0030 0002 0002 0002 0002 0002 0026 000F
0003 000B 0003 000E 0011 0012 0013 0010 0011 0012 0013 0010 0011 0012 0013 0010 0011 0014 0029 0024 000A 0012 0013 0010 0011 0012 0013 0010 0011 0012 0003 000E
0003 000F 0003 0004 0010 0031 0012 0013 0010 0011 0012 0013 0010 0011 0012 0013 0005 0019 002C 0027 0024 000A 0012 0013 0010 0011 0012 0013 0010 0011 0003 0004
0003 000E 0003 002D 0008 0009 0006 0007 0008 0009 0006 0007 0008 0009 0006 0007 0019 0024 000A 0014 0019 002A 0011 0012 0013 0010 0011 0012 0013 0010 0003 000B
0003 0004 0022 0001 0002 0002 0002 0002 0002 0002 0002 0002 0002 0002 0032 0023 002C 0027 0024 0019 002C 0013 0010 0011 0012 0013 0010 0011 0012 0013 0003 000F
0003 000B 0003 000E 0011 0012 0013 0010 0011 0012 0013 0010 0011 0012 0028 002A 0011 0014 001F 000E 0011 0012 0013 0010 0011 0012 0013 0010 0011 0012 0003 000E
0003 000F 0003 0004 0010 0011 0012 0013 0010 0011 0012 0013 0010 0011 0014 0015 0005 0033 0026 0004 0010 0011 0012 0013 0010 0011 0012 0013 0010 0011 0003 0004
0003 000E 0003 000B 0013 0010 0011 0012 0013 0010 0011 0012 0013 0010 0027 0034 0019 002A 0003 000B 0013 0010 0011 0012 0013 0010 0011 0012 0013 0010 0003 000B
0003 0004 0003 000F 0012 0013 0010 0011 0012 0013 0010 0011 0012 0013 0010 0027 002C 0013 0003 000F 0012 0013 0010 0011 0012 0013 0010 0011 0012 0013 0003 000F
0003 000B 0003 000E 0011 0012 0013 0010 0011 0012 0013 0010 0011 0012 0013 0010 0011 0012 0003 000E 0016 0017 0013 0010 0011 0012 0013 0010 0011 0012 0003 000E
0003 000F 0003 001C 0009 0006 0007 0015 0010 0011 0012 0013 0010 0011 0012 0013 0010 0011 0003 001C 0019 001A 0017 0013 0010 0011 0012 0013 0010 0011 0028 0025
0003 000E 0022 0001 0002 0002 002F 002C 0013 0010 0011 0012 0013 0010 0011 0012 0013 0010 0022 0023 0025 0027 001A 0017 0013 0010 0011 0012 0013 0010 0016 0017
0003 0004 0003 000F 0012 0013 0010 0011 0014 0015 0010 0011 0012 0013 0010 0011 0012 0013 0003 000F 0012 0018 0019 002B 0012 0013 0010 0011 0012 0013 001E 000F
0003 000B 0003 000E 0011 0012 0013 0010 001E 000B 0013 0010 0011 0012 0013 0010 0011 0014 0029 0024 000A 0027 0025 0010 0011 0012 0013 0010 0011 0012 0028 002A
0003 000F 0003 0004 0010 0011 0012 0013 0003 000F 0012 0013 0010 0011 0012 0013 0005 0019 002C 0027 0024 000A 0012 0013 0010 0011 0012 0013 0010 0011 0014 0015
0003 000E 0028 002C 0013 0010 0011 0012 0003 000E 0011 0012 0013 0010 0011 0012 0027 0024 000A 0014 0019 002A 0011 0012 0013 0010 0011 0012 0013 0010 0027 002C
0003 0004 0010 0011 0012 0018 0009 0006 0021 001C 0009 0006 0007 0008 0009 0006 0007 0019 0024 0019 0034 0008 0009 0006 0007 0008 0009 0006 0007 0008 0009 000A
0003 000B 0013 0010 0011 0030 0002 0002 002E 0002 0002 0002 0002 0002 0002 0002 002F 002C 0027 002A 0030 0002 0002 0002 0002 0002 0002 0002 0002 0002 002F 002A
0021 0020 0007 0008 0009 0006 0007 0008 0009 0006 0007 0008 0009 0006 0007 0008 0009 0006 0007 0008 0009 0006 0007 0008 0009 0006 0007 0008 0009 0006 0007 0008
