ATARI GAUNTLET PLAYFIELD 16X16 TILEMAP
SOURCE: level-111-playfield.png
GRID: 32 X 32
TILE_SIZE: 16 X 16
UNIQUE_TILES: 48

0000 0001 0002 0002 0002 0002 0002 0002 0002 0002 0002 0002 0002 0002 0002 0002 0002 0002 0002 0002 0002 0002 0002 0002 0002 0002 0002 0002 0002 0002 0002 0002
0003 0004 0005 0006 0007 0008 0005 0006 0007 0008 0005 0006 0007 0008 0005 0006 0007 0008 0005 0006 0007 0008 0005 0006 0007 0008 0005 0006 0007 0008 0005 0006
0003 0009 0008 000A 000B 000C 000D 000E 000B 000C 000D 000E 000B 000C 000D 000E 000B 000C 000D 000E 000B 000C 000D 000E 000B 000C 000D 000E 000B 000C 000F 0005
0003 0010 0007 0011 0001 0002 0002 0002 0002 0002 0002 0002 0002 0002 0002 0002 0002 0002 0002 0002 0002 0002 0002 0002 0002 0002 0002 0002 0002 0012 0013 0008
0003 0014 0006 0003 0004 0005 0006 0007 0008 0005 0006 0007 0008 0005 0006 0007 0008 0005 0006 0007 0008 0005 0006 0007 0008 0005 0006 0007 0008 0005 0006 0007
0003 0004 0005 0003 0009 0008 0005 0006 0007 0008 0005 0006 0015 000D 000E 000B 000C 000D 000E 000B 000C 000D 000E 000B 000C 000D 000E 000B 0016 0008 0005 0006
0003 0009 0008 0003 0010 0007 0008 0005 0006 0007 0008 0005 0011 0001 0002 0002 0002 0002 0002 0002 0002 0002 0002 0002 0017 0001 0002 0012 0018 0007 0008 0005
0003 0010 0007 0003 0014 0006 0007 0008 0005 0006 0007 0008 0003 0010 0007 0008 0005 0006 0007 0008 0005 0006 0007 0019 001A 0010 0007 0008 0005 0006 0007 0008
0003 0014 0006 0003 0004 0005 0006 0007 0008 0005 0006 0007 0003 0014 0006 0007 0008 0005 0006 0007 0008 000A 000B 001B 001C 001D 0006 0007 0008 0005 0006 0007
0003 0004 0005 0003 0009 0008 0005 0006 0007 0008 0005 0006 0003 0004 0005 0006 0007 0008 0005 0006 0007 0011 0001 001E 0013 0008 0005 0006 0007 0008 0005 0006
0003 0009 0008 0003 0010 0007 0008 0005 0006 0007 0008 0005 001F 0013 0008 0005 0006 0007 0008 0005 0006 0003 0004 0005 0006 0007 0008 0005 0006 0007 0008 0005
0003 0010 0007 0003 0014 0006 0007 0008 0005 0006 0007 0008 0005 0006 0007 0008 0005 0006 0007 0008 0005 0003 0020 000D 0021 0006 0007 0008 0005 0006 0007 0008
0003 0014 0006 0003 0004 0005 0006 0007 0019 000E 000B 000C 000D 000E 000B 000C 000D 000E 0022 0007 0008 0023 0002 0024 0025 000E 0022 0007 0008 0005 0006 0007
001A 0004 0005 0003 0020 000D 000E 000B 001B 0001 0002 0002 0017 0001 0002 0002 0002 0024 0014 0006 0007 0008 0005 0023 0002 0024 0026 000B 000C 000D 000E 000B
0027 0009 0008 0023 0002 0002 0002 0002 001E 0013 0008 0005 0003 0028 0008 0005 0006 0003 0025 000E 000B 0016 0008 0005 0006 0023 0002 0002 0002 0002 0002 0002
0003 0010 0007 0008 0005 0006 0007 0008 0005 0006 0007 0008 0003 0029 000C 000F 0005 0023 0002 0002 0024 0010 0007 0008 0005 002A 0016 0008 0005 0006 0007 0008
0003 0014 0006 0015 000D 000E 000B 000C 000D 0021 0006 0007 002B 0001 0024 0009 0008 0005 0006 0007 0003 0026 000B 000C 000D 002C 0029 000C 000D 0021 0006 0007
0003 0004 0005 002D 0002 0002 0002 0002 0024 0025 000E 000B 001A 0028 0003 0029 000C 000D 000E 0022 0023 0002 0002 0002 0002 002E 0002 0002 0024 0004 0005 0006
0003 0009 0008 0005 0006 0007 0008 0005 0023 0002 0002 0002 0027 0009 0023 0002 0002 0002 0024 0026 000B 000C 000F 0005 0006 0007 0008 0005 0003 0009 0008 0005
0003 0010 0007 0008 0005 0006 0007 0008 0005 0006 0007 0008 0003 0029 000C 000D 000E 0022 0023 0002 0002 0024 0020 000F 0005 0006 0007 0008 0003 0010 0007 0008
0003 0014 0006 0007 0008 0005 0006 0007 0008 0005 0006 0007 0023 0002 0002 0002 0012 001D 0006 0007 0008 0023 0024 0020 000D 0021 002A 000C 001A 0014 0006 0007
0003 0004 0005 0006 0007 0008 0005 0006 0007 0008 0005 0006 0007 0008 0005 0006 0007 0008 0005 0006 0007 0008 0023 0002 0012 002F 002D 0002 001E 002F 0005 0006
0003 0009 0008 0005 0006 0007 0008 0005 0006 0007 0008 0005 0006 0007 0008 0005 0006 0007 0008 0005 0006 0007 0008 0005 0006 0007 0008 0005 0006 0007 0008 0005
0003 0010 0007 0008 0005 0006 0007 0008 0005 0006 0007 0008 0005 0006 0007 0008 0005 0006 0007 0008 0005 0006 0007 0008 0005 0006 0007 0008 0005 0006 0007 0008
0003 0014 0006 0007 0008 0005 0006 0007 0008 0005 0006 0007 0008 0005 0006 0007 0008 0005 0006 0007 0008 0005 0006 0007 0008 0005 0006 0007 0008 0005 0006 0007
0003 0004 0005 0006 0007 0008 0005 0006 0007 0008 0005 0006 0007 0008 0005 0006 0007 0008 0005 0006 0007 0008 0005 0006 0007 0008 0005 0006 0007 0008 0005 0006
001A 0020 000D 000E 000B 000C 000D 000E 000B 000C 000D 000E 000B 000C 000D 000E 000B 000C 000D 000E 000B 000C 000D 000E 000B 000C 000D 000E 000B 000C 000D 000E
0000 0001 0002 0002 0002 0002 0002 0002 0002 0002 0002 0002 0002 0002 0002 0002 0002 0002 0002 0002 0002 0002 0002 0002 0002 0002 0002 0002 0002 0002 0002 0002
0003 0014 0006 0007 0008 0005 0006 0007 0008 0005 0006 0007 0008 0005 0006 0007 0008 0005 0006 0007 0008 0005 0006 0007 0008 0005 0006 0007 0008 0005 0006 0007
0003 0004 0005 0006 0007 0008 0005 0006 0007 0008 0005 0006 0007 0008 0005 0006 0007 0008 0005 0006 0007 0008 0005 0006 0007 0008 0005 0006 0007 0008 0005 0006
0003 0009 0008 0005 0006 0007 0008 0005 0006 0007 0008 0005 0006 0007 0008 0005 0006 0007 0008 0005 0006 0007 0008 0005 0006 0007 0008 0005 0006 0007 0008 0005
001A 0029 000C 000D 000E 000B 000C 000D 000E 000B 000C 000D 000E 000B 000C 000D 000E 000B 000C 000D 000E 000B 000C 000D 000E 000B 000C 000D 000E 000B 000C 000D
