ATARI GAUNTLET PLAYFIELD 16X16 TILEMAP
SOURCE: level-003-playfield.png
GRID: 32 X 32
TILE_SIZE: 16 X 16
UNIQUE_TILES: 37

0000 0001 0002 0002 0002 0002 0002 0002 0002 0002 0002 0002 0002 0002 0002 0002 0002 0002 0002 0002 0002 0002 0002 0002 0002 0002 0002 0002 0002 0002 0003 0002
0004 0005 0006 0007 0008 0009 0006 0007 0008 0009 0006 0007 0008 0009 0006 0007 0008 0009 0006 0007 0008 0009 0006 0007 0008 0009 0006 0007 0008 0009 0006 0007
0004 000A 0009 0006 0007 0008 0009 0006 0007 0008 0009 0006 0007 0008 0009 0006 0007 0008 0009 0006 000B 000C 0009 0006 0007 0008 0009 0006 0007 0008 0009 0006
0004 000D 0008 0009 0006 0007 0008 0009 0006 0007 0008 0009 0006 0007 0008 0009 0006 0007 0008 0009 000E 000F 0008 0009 0006 0007 0008 0009 0006 0007 0008 0009
0004 0010 0007 0008 0009 0006 0007 0008 0009 0006 0007 0008 0009 0006 0007 0008 0009 0006 0007 0008 0009 0006 0007 0008 0009 0006 0007 0011 0012 0006 0007 0008
0004 0005 0006 0007 0008 0009 0006 0007 0008 0009 0006 0007 0008 0009 0006 0007 0008 0009 0006 0007 0008 0009 0006 0007 0008 0009 0006 000E 0013 0009 0006 0007
0004 000A 0009 0006 0007 0008 0009 0006 0007 0008 0009 0006 0007 0008 0009 0006 0007 0008 0014 0015 0007 0008 0009 0006 0007 0008 0009 0016 0017 0008 0009 0006
0004 000D 0008 0009 0006 0007 0008 0009 0006 0007 0008 0009 0006 0007 0008 0009 0006 0007 000E 0018 0006 0007 0008 0009 0006 0007 0008 000E 0019 0007 0008 0009
0004 0010 0007 0008 0009 0006 0007 0008 0009 0006 0007 0008 0009 0006 0007 0008 0009 0006 0007 0008 0009 0006 0007 0008 0009 0006 0007 0008 0009 0006 0007 0008
0004 0005 0006 0007 0008 0009 0006 0007 0008 0009 0006 0007 0008 0009 0006 0007 0008 0009 0006 0007 0008 0009 0006 0007 0008 0009 0006 0007 0008 0014 0015 0007
0004 000A 0009 0006 0007 0008 0009 0006 0007 0008 0009 0006 0007 0008 0009 0006 0007 0008 0009 0006 0007 0008 0009 0006 000B 000C 0009 0006 0007 000E 0018 0006
0004 000D 0008 0009 0006 0007 0008 0009 0006 0007 0008 0009 0006 0007 0008 0009 0006 0007 0008 0009 0006 0007 0008 0009 000E 000F 0008 0009 0006 0007 0008 0009
0004 0010 0007 0008 0009 0006 0007 0008 0009 0006 0007 0008 0009 0006 0007 0008 0009 0006 0007 0008 0009 0006 0007 0008 0009 0006 0007 0008 0009 0006 0007 0008
0004 0005 0006 0007 0008 0014 001A 0017 0008 0009 0006 0007 0008 0009 0006 0007 0011 0012 0006 0007 0008 0009 0016 0017 0008 0009 0006 0007 0008 0009 0006 0007
0004 000A 0009 0006 0007 001B 001C 0019 0007 0008 0009 0006 0007 0008 0009 0006 000E 0013 0009 0006 0007 0008 000E 0019 0007 0008 0009 0006 0007 0008 0009 0006
0004 000D 0008 0009 0006 0007 0008 0009 0006 0007 0008 0009 0006 0007 0008 0009 0006 0007 0008 0009 0006 0007 0008 0014 0015 0007 0008 0009 0006 0007 0008 0009
0004 0010 0007 0008 0009 0006 0007 0008 0009 0006 0007 0008 0014 0015 0007 0008 0009 0006 0007 0008 0009 0006 0007 000E 0018 0006 0007 0008 0009 0016 0017 0008
0004 0005 0006 0007 0008 0009 0006 0007 0011 0012 0006 0007 000E 0018 0006 0007 0008 0009 0006 0007 0008 0009 0006 0007 0008 0009 0006 0007 0008 000E 0019 0007
0004 000A 0009 0006 0007 0008 0009 0006 000E 0013 0009 0006 0007 0008 0009 0006 0007 0008 0009 0006 0007 0008 0009 0006 0007 0008 0009 0006 0007 0008 0009 0006
0004 000D 0008 0009 0006 0007 0008 0009 0006 0007 0008 0009 0006 0007 0008 0009 0006 0007 0008 0009 0006 0007 0008 0009 0006 0007 0008 0014 0015 0007 0008 0009
0004 0010 0007 0008 0009 0006 0007 0008 0009 0006 000B 000C 0009 0006 0007 0008 0009 0006 0007 0008 0009 0006 0007 0008 0009 0016 0017 000E 0018 0006 0007 0008
0004 0005 0006 0007 0008 0014 0015 0007 0008 0009 000E 000F 0008 0009 0006 0007 0008 0009 0006 0007 0008 0009 0006 0007 0008 000E 0019 0007 0008 0009 0006 0007
0004 000A 0009 0006 0007 000E 0018 0006 0007 0008 0009 0006 0007 0008 0009 0016 0017 0008 0009 0006 0007 0008 0009 0006 0007 0008 0009 0006 0007 0011 0012 0006
0004 000D 0008 0009 0006 0007 0008 0009 0006 0007 0008 0009 0006 0007 0008 000E 0019 0007 0008 0009 0006 0007 0011 0012 0006 0007 0008 0009 0006 000E 0013 0009
0004 0010 0007 0008 0009 0006 0007 0008 0009 0006 000B 000C 0009 0006 0007 0008 0009 0006 0007 0008 0009 0006 000E 0013 0009 0006 0007 0008 0009 0006 0007 0008
0004 0005 0006 0007 0008 0009 0006 0007 0008 0009 000E 000F 0011 0012 0006 0007 0008 0009 0006 0007 0008 0009 0006 000B 000C 0009 0006 0007 0008 0009 0006 0007
0004 000A 0009 0006 0007 0008 0009 0006 0007 0008 0009 0006 000E 0013 0009 0006 0007 0008 0009 0006 0007 0008 0009 000E 000F 0008 0009 0006 0007 0008 0009 0006
001D 000D 0008 0009 0006 0007 0008 0009 0006 0007 0008 0009 0006 0007 0008 0009 0006 0007 0008 0009 0006 0007 0008 0009 0006 0007 0008 0009 0016 001E 001F 0020
0021 0010 0007 0008 0009 0006 0007 0008 0009 0006 0007 0008 0009 0006 0007 0008 0009 0006 0007 0011 0012 0006 0007 0008 0009 0006 0007 0008 001B 0002 0002 0002
0004 0005 0006 0007 0008 0009 0006 0007 0011 0012 0006 0007 0008 0009 0006 0007 0008 0009 0006 000E 0013 0009 0006 0007 0008 0009 0006 0007 0008 0009 0016 0017
0004 000A 0009 0006 0007 0008 0009 0006 000E 0013 0009 0006 0007 0008 0009 0006 0007 0008 0009 0006 0007 0008 0009 0006 0007 0008 0009 0006 0007 0008 0022 0010
001D 0023 001F 0020 001A 001E 001F 0020 001A 001E 001F 0020 001A 001E 001F 0020 001A 001E 001F 0020 001A 001E 001F 0020 001A 001E 001F 0020 001A 001E 001D 0024
