ATARI GAUNTLET MOTION OBJECT 16X16 TILEMAP
SOURCE: level-055.png
GRID: 32 X 32
TILE_SIZE: 16 X 16
ATLAS_TILES: 1632
UNIQUE_PIXEL_TILES: 204
CONNECTED_OBJECT_GROUPS: 23

0000 0000 0000 0023 0024 0025 0000 0000 0000 0000 0000 0000 0000 0000 0000 0000 0000 0000 0000 0000 0000 0000 0000 0000 0000 0000 0033 0034 0035 0036 0037 0000
0040 0041 0042 0043 0044 0045 0000 0000 0000 0000 0000 0000 0000 0000 0000 0000 0000 0000 0000 0000 0000 0000 0000 0000 0000 0000 0053 0054 0055 0056 0057 0000
0060 0061 0062 0000 0000 0065 0066 0067 0000 0000 0000 0000 0000 0000 0000 0000 0000 0000 0000 0000 006D 006E 006F 0000 0000 0000 0073 0074 0075 0076 0077 0000
0080 0081 0082 0000 0000 0085 0086 0087 0000 0000 0182 0183 0184 0000 0188 0189 018A 018B 018C 0000 008D 008E 008F 0000 0091 0092 0093 0094 0000 0096 0097 0098
00A0 00A1 00A2 0000 0000 0000 0000 0000 0000 0000 01A2 01A3 01A4 0000 01A8 01A9 01AA 01AB 01AC 0000 00AD 00AE 00AF 00B0 0000 00B2 00B3 00B4 0000 00B6 00B7 00B8
0000 0000 00C2 00C3 00C4 0000 0000 0000 01C0 01C1 01C2 01C3 0000 0000 0000 0000 0000 0000 0000 0000 00CD 00CE 00CF 00D0 0000 00D2 00D3 00D4 0000 0000 0000 0000
0000 0000 00E2 00E3 00E4 00E5 00E6 0000 01E0 01E1 01E2 01E3 01E4 01E5 01E6 0000 0000 0000 0000 0000 0000 0000 0000 0000 0000 0000 0000 0000 00F5 00F6 00F7 0000
0100 0101 0102 0103 0104 0105 0106 0000 0000 0000 0000 0000 0204 0205 0206 0207 0000 0000 0000 0000 0000 0000 0000 0000 0190 0191 0192 0000 0115 0116 0117 0000
0000 0000 0000 0000 0000 0000 0126 0127 0128 0000 0000 0000 0000 0000 0226 0000 0000 0198 0199 019A 0000 0000 0000 0000 01B0 01B1 01B2 0000 0135 0136 0137 0000
0000 0000 02E2 02E3 02E4 0000 0146 0147 0148 0149 014A 014B 014C 0000 0000 0000 0000 01B8 01B9 01BA 01BB 0000 01CE 01CF 01D0 01D1 01D2 0000 0000 0000 0000 0000
0300 0301 0302 0303 0304 0000 0000 0000 0000 0000 016A 016B 016C 0000 0000 0000 0000 0000 01D9 01DA 01DB 0000 01EE 01EF 01F0 0000 0000 01F3 01F4 01F5 01F6 01F7
0320 0321 0322 0323 0000 0000 0000 0000 0000 0000 0000 0000 0000 0000 0000 0000 0000 0000 0000 0000 0000 0000 0000 020F 0210 0211 0000 0213 0214 0215 0216 0217
0340 0341 0342 0343 0344 0000 0000 0000 0000 0000 0000 0000 0000 0000 0000 0000 0000 0000 0000 0000 0000 0000 0000 022F 0230 0231 0000 0233 0234 0235 0236 0237
0000 0000 0362 0363 0364 0000 0366 0367 0368 0000 0000 02EC 02ED 02EE 0000 0000 0000 0000 0000 0000 0000 024D 024E 024F 0250 0251 0000 0000 0000 0000 0000 0000
0380 0381 0382 0000 0000 0385 0386 0387 0388 0000 0000 030C 030D 030E 0000 0000 0000 0000 0000 0000 0000 026D 026E 026F 0000 0000 0000 0000 02F1 02F2 02F3 0000
03A0 03A1 03A2 0000 0000 03A5 03A6 03A7 0000 0000 0000 0000 0000 0000 0000 0000 02F4 02F5 02F6 0000 0000 0000 028E 028F 0290 0000 030F 0310 0311 0312 0313 0000
0000 0000 0000 0000 0000 0000 0000 0000 03C8 03C9 03CA 0000 0000 0000 0000 0000 0314 0315 0316 0000 0000 0000 02AE 02AF 02B0 0000 032F 0330 0331 0000 0000 0000
0000 0000 0000 0000 0000 02F7 0000 0000 03E8 03E9 03EA 03EB 0000 0000 0000 0000 0000 0000 0000 0000 0000 0000 02CE 02CF 02D0 0000 0000 0000 0000 0000 0000 0000
02F8 02F9 02FA 0000 0000 0000 0000 0000 0000 0409 040A 040B 0000 0000 0000 0000 0000 0000 0000 0000 0000 0000 0000 0000 0000 0000 0000 0431 0432 0433 0434 0435
0318 0319 031A 0000 0000 0000 0000 0000 0000 0000 0000 0000 0000 0000 0000 0000 0000 0000 0000 0000 0000 044B 044C 044D 0000 044F 0450 0451 0452 0453 0454 0455
0000 0000 0000 0000 0436 0437 0438 0000 0000 0000 0000 0000 0000 0000 0000 0000 0000 0467 0468 0469 0000 046B 046C 046D 0000 046F 0470 0471 0000 0000 0000 0000
0000 0000 0000 0000 0456 0457 0458 0459 045A 045B 0000 0000 0000 0000 0000 0000 0000 0487 0488 0489 048A 048B 048C 048D 048E 048F 0490 0491 0492 0000 0000 0000
05A0 05A1 05A2 0000 0000 0000 0000 0479 047A 047B 0000 0000 0000 0000 0000 0000 0000 0000 04A8 04A9 04AA 0000 0000 0000 04AE 04AF 04B0 0000 0000 0000 0000 0000
05C0 05C1 05C2 0000 0000 0000 0000 0000 0000 0000 0000 0000 0000 0000 0000 0000 0000 0000 04C8 04C9 0000 0000 0000 0000 04CE 04CF 04D0 04D1 04D2 0000 05A7 05A8
05E0 05E1 05E2 05E3 05E4 0000 0000 0000 0000 0000 0000 0000 0000 0000 0000 0000 0000 0000 0000 04E9 04EA 0000 04EC 04ED 0000 04EF 04F0 04F1 0000 0000 05C7 05C8
0000 0000 0602 0603 0604 0000 0000 0000 0000 0000 0000 0501 0502 0503 0504 0505 0000 0000 0000 0000 050A 0000 050C 050D 050E 0000 0000 0000 0000 0000 0000 0000
0620 0621 0622 0000 0624 0625 0626 0000 0000 0000 0000 0521 0522 0523 0524 0525 0000 0000 0000 0000 052A 0000 0000 0000 0000 0000 0000 0000 05AC 05AD 05AE 0000
0640 0641 0642 0000 0644 0645 0646 0000 0000 0000 0540 0541 0542 0543 0544 0545 0000 0000 0548 0000 054A 0000 0000 0000 0000 05C9 05CA 0000 05CC 05CD 05CE 05CF
0000 0000 0000 0000 0000 0000 0000 0000 0000 0000 0560 0561 0562 0000 0000 0565 0566 0567 0568 0569 056A 0000 0000 0000 0000 05E9 05EA 05EB 0000 0000 0000 0000
0000 05B1 05B2 05B3 0000 0000 0000 0000 0000 0000 0000 0000 0000 0000 0000 0585 0586 0587 0588 0589 058A 0000 0000 0000 0000 0000 0000 0000 0000 0000 0000 05B5
05D0 05D1 05D2 05D3 05D4 0000 0000 0000 05B6 05B7 05B8 05B9 0000 0000 0000 0000 0000 0000 0000 0000 0000 0000 05BA 05BB 05BC 0000 05BD 0000 0000 0000 0000 0000
05F0 05F1 05F2 05F3 05F4 0000 0000 0000 05D6 05D7 05D8 05D9 0000 0000 0000 0000 0000 0000 0000 0000 0000 0000 05DA 05DB 05DC 0000 05DD 0000 05BE 0000 0000 0000
