ATARI GAUNTLET MOTION OBJECT 16X16 TILEMAP
SOURCE: level-078.png
GRID: 32 X 32
TILE_SIZE: 16 X 16
ATLAS_TILES: 1856
UNIQUE_PIXEL_TILES: 272
CONNECTED_OBJECT_GROUPS: 16

0020 0000 0000 0023 0024 0000 0000 0000 0000 0000 0000 0000 0000 00ED 00EE 00EF 0000 0000 0000 0000 0000 0000 00F6 00F7 00F8 00F9 00FA 0000 0000 0000 0480 0481
0040 0041 0042 0043 0044 0000 0000 0000 0000 0000 0000 010B 010C 010D 010E 010F 0110 0111 0112 0113 0114 0000 0116 0117 0118 0119 011A 0000 0000 0000 04A0 04A1
0000 0000 0000 0000 0064 0000 0000 0000 0000 0000 012A 012B 012C 012D 012E 012F 0130 0131 0132 0133 0134 0000 0136 0137 0138 0000 013A 013B 013C 0000 0000 0000
0000 0000 0000 0000 0084 0000 0000 0000 0000 0000 0000 0000 0000 0000 0000 0000 0000 0000 0152 0153 0154 0000 0156 0157 0158 0000 015A 015B 015C 0000 0000 0000
0000 0000 0000 0000 00A4 0000 0000 0000 0000 0000 0000 0483 0484 0000 0000 0000 0000 0000 0172 0173 0174 0175 0176 0177 0000 0000 017A 017B 017C 0000 0000 0000
0000 0000 0000 0000 00C4 0000 0000 0000 0000 0000 04A2 04A3 04A4 0000 0000 0000 0000 0000 0192 0193 0194 0195 0196 0197 0000 0000 0000 0000 0000 0000 0000 0000
0000 0000 0000 0000 0000 0000 0000 0000 0000 0000 0000 0000 0000 0000 0000 0000 0000 0000 0000 0000 0000 01B5 01B6 01B7 0000 0000 0000 0000 0000 0000 0000 0000
0000 0000 0485 0000 0000 0000 048C 0000 0000 048E 0000 0000 0000 01CD 0000 0000 0000 0000 01D2 01D3 01D4 01D5 0000 0000 0000 0000 0000 0492 0493 0494 0000 0000
0000 0000 0000 0000 0000 04AB 04AC 0000 0000 04AE 0000 01EB 01EC 01ED 0000 0000 0000 0000 01F2 01F3 01F4 01F5 0000 0000 04AF 04B0 04B1 04B2 04B3 04B4 0000 0000
04C6 0000 0000 0000 04CA 04CB 04CC 0000 0000 0000 0000 020B 020C 020D 0000 0000 0000 0000 0000 0213 0214 0215 0000 0000 04CF 04D0 04D1 0000 04D3 0000 04D5 04D6
04E6 0000 0000 0000 04EA 04EB 04EC 0000 0000 0000 022A 022B 022C 022D 022E 022F 0230 0231 0232 0000 0000 0235 0000 0000 04EF 04F0 04F1 0000 0000 0000 04F5 04F6
0506 0507 0508 0509 050A 050B 050C 050D 0000 0000 0000 0000 0000 024D 024E 024F 0250 0251 0252 0000 0000 0255 0000 0000 0000 0000 0000 0000 0000 0000 0515 0516
0526 0527 0528 0529 052A 052B 052C 052D 0000 0000 0000 0000 0000 026D 026E 026F 0000 0000 0000 0000 0000 0275 0000 0000 0000 0000 0000 0000 0000 0534 0535 0536
0000 0000 0000 0000 0000 0000 0000 0000 0000 0000 0000 0000 0000 028D 028E 028F 0000 0000 0000 0293 0294 0295 0296 0297 0000 0497 0498 0499 0000 0554 0555 0556
0000 0000 0000 0000 0000 049A 049B 049C 0000 0000 0000 0000 0000 02AD 02AE 02AF 0000 0000 0000 02B3 02B4 02B5 02B6 02B7 0000 04B7 04B8 04B9 0000 0574 0575 0576
0000 0000 0000 0000 0000 04BA 04BB 04BC 0000 0000 0000 0000 0000 0000 0000 0000 0000 0000 0000 02D3 02D4 02D5 02D6 02D7 0000 0000 0000 0000 0000 0000 0000 0000
0000 0000 0000 0000 0000 0000 0000 0000 0000 0000 0000 0000 0000 0000 0000 0000 0000 0000 0000 02F3 02F4 02F5 02F6 02F7 02F8 0000 0000 0000 0000 0000 0000 0000
0000 0000 0000 0000 0000 0305 0306 0307 0308 0309 030A 030B 030C 030D 0000 0000 0310 0311 0312 0313 0314 0315 0316 0317 0318 0319 031A 0000 0000 0000 0000 0000
0320 0321 0322 0323 0324 0325 0326 0327 0328 0329 032A 032B 032C 032D 0000 0000 0330 0331 0332 0333 0334 0000 0336 0337 0338 0339 033A 0000 033C 033D 0000 033F
0340 0341 0342 0343 0344 0345 0346 0347 0348 0000 034A 034B 034C 034D 034E 034F 0350 0351 0000 0000 0000 0000 0356 0357 0358 0000 0000 035B 035C 035D 035E 035F
0000 0361 0362 0363 0000 0365 0366 0367 0368 0000 0000 0000 0000 0000 0000 0000 0000 0371 0000 0000 0000 0000 0000 0000 0000 0000 0000 0000 0000 0000 0000 0000
0000 0381 0382 0000 0000 0385 0386 0387 0000 0000 0000 0000 0000 0000 0000 0000 0000 0000 0000 0000 0000 0000 0000 0000 0000 0000 0000 0000 0580 0581 0582 0583
03A0 03A1 03A2 0000 0000 03A5 03A6 03A7 0000 0000 0585 0586 0000 0000 0000 0588 0589 0000 0000 0000 0000 0000 0000 0000 0597 0000 0000 0000 05A0 05A1 05A2 05A3
0000 0000 03C2 03C3 0000 0000 0000 0000 0000 05A4 05A5 05A6 0000 0000 05A7 05A8 05A9 0000 0000 0000 0000 0000 0000 0000 05B7 0000 0000 0000 0000 0000 0000 0000
0000 03E1 03E2 03E3 0000 03E5 03E6 03E7 0000 0000 0000 0000 0000 0000 0000 0000 0000 0000 0000 0000 0000 0000 0000 0000 05D7 0000 0000 0000 0000 059C 059D 059E
0000 0000 0000 0000 0404 0405 0406 0407 0408 0409 0000 0000 05EB 05EC 05ED 05EE 05EF 05F0 05F1 05F2 05F3 05F4 05F5 05F6 05F7 0000 0000 0000 05BB 05BC 05BD 05BE
0000 0421 0422 0423 0424 0425 0426 0427 0428 0429 0000 060A 060B 060C 060D 060E 060F 0610 0611 0612 0613 0614 0615 0616 0617 0000 0000 0000 0000 0000 0000 0000
0000 0441 0442 0443 0444 0445 0446 0447 0000 0000 0000 0000 0000 0000 0000 0000 0000 0630 0631 0632 0633 0634 0635 0000 0000 0638 0639 063A 0000 0000 0000 0000
0000 0000 0000 0463 0464 0465 0466 0467 0000 06C1 06C2 06C3 0000 0000 0000 0000 0000 0650 0651 0652 0653 0654 0655 0656 0657 0658 0659 065A 0000 0000 0000 0000
0000 0000 0000 0000 0000 0000 0000 0000 0000 06E1 06E2 06E3 06E4 06E5 06E6 06E7 0000 0670 0671 0672 0000 0000 0675 0676 0677 0678 0000 0000 0000 0000 0000 0000
0000 0000 0000 0000 0000 0000 0000 0000 0700 0701 0702 0703 0704 0705 0706 0707 0000 0690 0691 0692 0693 0694 0695 0696 0697 0698 0699 069A 0000 0000 0000 0000
0000 0000 0000 0000 0000 0000 0000 0000 0720 0721 0722 0000 0724 0725 0726 0000 0000 06B0 06B1 06B2 06B3 06B4 06B5 0000 0000 06B8 06B9 06BA 0000 0000 0000 0000
