ATARI GAUNTLET MOTION OBJECT 16X16 TILEMAP
SOURCE: level-106.png
GRID: 32 X 32
TILE_SIZE: 16 X 16
ATLAS_TILES: 1376
UNIQUE_PIXEL_TILES: 185
CONNECTED_OBJECT_GROUPS: 21

0000 0000 0000 0000 0000 0000 0000 0000 0028 0029 0000 0000 0000 0000 0000 0000 0000 0000 0000 0000 0000 0000 0000 0000 0000 0000 0000 0000 0000 0000 0000 0000
0000 0000 0000 0000 0000 0000 0000 0047 0048 0049 004A 0000 0000 0000 0000 002B 0000 0000 0000 0000 0000 0000 0000 0030 0031 0032 0000 0000 0000 0000 0000 0000
0000 0000 0000 0063 0064 0065 0066 0067 0068 0069 006A 0000 0000 0000 0000 0000 0000 0000 0000 0000 0000 0000 0000 0050 0051 0052 0000 0000 0000 0000 0000 0000
0039 0000 0082 0083 0084 0085 0086 0087 0088 0089 0000 0000 0000 0000 0000 0000 0000 0000 0000 0000 006D 006E 006F 0000 0000 0000 0000 0000 0000 003A 003B 003C
0000 0000 00A2 00A3 00A4 00A5 00A6 00A7 0000 0000 0000 0000 0000 0000 0000 0000 0000 0000 0000 008C 008D 008E 008F 0000 0000 0000 0000 0000 0000 0000 0000 0000
0000 0000 00C2 00C3 00C4 00C5 00C6 00C7 0000 0000 0000 0000 0000 0000 0000 0000 0000 0000 0000 00AC 00AD 00AE 00AF 0000 0000 0000 0000 0000 0000 0000 0000 0000
0000 0000 00E2 00E3 00E4 00E5 00E6 00E7 0000 0000 0000 0000 0000 003D 003E 003F 0000 0000 0000 00CC 00CD 00CE 00CF 0000 0000 0000 0000 0000 0000 0000 0000 0000
0000 0000 0000 0103 0104 0000 0000 0000 0000 0000 0000 0000 0000 005D 005E 005F 0000 0000 0000 00EC 00ED 00EE 00EF 0000 0000 0000 0000 0000 0000 0000 0000 0000
0000 0000 0122 0123 0124 0000 0000 0000 0000 0381 0382 0000 0000 007D 007E 007F 0000 0000 0000 010C 010D 010E 010F 0000 0000 0000 0000 0000 0000 0000 0000 0000
0000 0000 0142 0143 0144 0000 0000 0000 03A0 03A1 03A2 0000 0000 0000 0000 0000 0000 0000 0000 012C 012D 012E 012F 0000 0000 0000 0000 0000 0000 0000 0000 0000
0000 0161 0162 0163 0164 0000 0000 0000 03C0 03C1 03C2 03C3 03C4 03C5 03C6 03C7 03C8 0000 0000 014C 014D 014E 014F 0000 0000 0000 0000 0000 0000 0000 0000 0000
0180 0181 0182 0183 0184 0000 0000 0000 03E0 03E1 03E2 03E3 03E4 03E5 03E6 03E7 03E8 0000 0000 016C 016D 016E 016F 0000 0000 0000 0000 0000 0000 0000 0000 0000
01A0 01A1 01A2 01A3 01A4 0000 0000 0000 0400 0401 0402 0403 0404 0405 0406 0407 0408 0000 0000 018C 018D 018E 018F 0000 0191 0192 0193 0194 0195 0196 0197 0198
0000 01C1 01C2 0000 0000 0000 0000 0000 0000 0000 0000 0000 0000 0000 0000 0000 0000 0000 0000 0000 0000 0000 0000 01B0 01B1 01B2 01B3 01B4 01B5 01B6 01B7 01B8
01E0 01E1 01E2 01E3 0000 0000 0389 038A 038B 0000 038D 038E 038F 0000 0000 0000 0000 0000 0000 0000 0000 0000 0000 01D0 01D1 01D2 01D3 01D4 01D5 01D6 01D7 01D8
0200 0201 0202 0203 0000 0000 03A9 03AA 03AB 0000 03AD 03AE 03AF 0000 0000 0000 0000 0000 0000 0000 0000 0000 0000 0000 0000 01F2 01F3 01F4 01F5 01F6 0000 0000
0220 0221 0222 0000 0000 0000 0000 0000 03CB 03CC 03CD 0000 0000 0000 0000 0000 0000 0000 0000 0000 0000 0000 0000 0000 0000 0000 0213 0214 0215 0000 0000 0000
0240 0241 0242 0243 0000 0000 0000 0000 03EB 03EC 03ED 0000 0000 0000 0000 0000 0000 0000 0000 0000 0000 0000 0000 0000 0000 0000 0233 0234 0235 0000 0000 0000
0260 0261 0262 0263 0000 0000 0000 0000 0000 0000 0000 0000 0000 0000 0000 0000 0000 0000 0000 0000 0000 0000 0000 0000 0000 0000 0000 0000 0000 0000 0000 0000
0280 0281 0282 0000 0000 0390 0391 0392 0000 0000 0000 0393 0394 0395 0000 0000 0000 0000 0000 0000 0000 0000 0000 0000 0398 0399 039A 0000 039B 039C 039D 0000
02A0 02A1 02A2 0000 0000 03B0 03B1 03B2 0000 0000 0000 03B3 03B4 03B5 0000 0000 0000 0000 0000 0000 0000 0000 0000 0000 03B8 03B9 03BA 0000 03BB 03BC 03BD 0000
02C0 02C1 02C2 0000 0000 0000 0000 0000 0000 0000 0000 0000 0000 0000 0000 0000 0000 0421 0422 0423 0000 0000 03D6 03D7 03D8 0000 0000 0000 0000 0000 03DD 03DE
02E0 02E1 02E2 0000 0000 0000 0000 0000 0000 0000 0000 0000 0000 0000 0000 0000 0440 0441 0442 0443 0000 0000 03F6 03F7 03F8 0000 0000 0000 0000 0000 03FD 03FE
0300 0301 0302 0000 0000 0000 0000 0000 0000 0000 0000 0000 0000 0000 0000 0000 0460 0461 0462 0463 0000 0000 0000 0000 0000 0000 0000 0000 0000 0000 0000 0000
0320 0321 0322 0323 0324 0000 0000 0000 0000 0000 0000 0000 0000 0000 0000 0000 0480 0481 0482 0483 0000 0000 0000 0427 0000 0000 0000 0000 0000 0000 0000 0428
0340 0341 0342 0343 0344 0000 0000 0000 0000 0000 0000 0000 0431 0000 0000 0000 04A0 04A1 04A2 04A3 0000 0000 0000 0000 0000 0000 0000 0000 0000 0000 0000 0000
0360 0361 0362 0363 0364 0000 0000 0000 0000 0000 0000 0000 0451 0000 0000 0000 04C0 04C1 04C2 04C3 0000 0000 0000 0000 0000 0000 0000 0000 0434 0435 0436 0000
0000 0000 0000 0000 0000 0000 0000 0000 0000 0000 0000 0000 0471 0000 0000 0000 04E0 04E1 04E2 04E3 0000 0000 0000 0000 0000 0000 0000 0000 0454 0455 0456 0000
0000 0000 0000 0000 0000 048A 048B 048C 048D 048E 048F 0490 0000 0000 0000 0000 0000 0000 0000 0503 0504 0505 0506 0000 0000 0000 0000 0000 0000 0000 0000 0000
0000 0000 0000 0000 04A9 04AA 04AB 04AC 04AD 04AE 04AF 04B0 0000 0000 0000 0000 0520 0521 0522 0523 0524 0525 0526 0000 0437 0438 0439 043A 0000 0000 0000 0000
043B 0000 043C 0000 0000 04CA 04CB 04CC 04CD 04CE 04CF 04D0 04D1 04D2 04D3 0000 0540 0541 0542 0000 0000 0000 0000 0000 0457 0458 0459 045A 0000 043D 043E 043F
045B 0000 0000 0000 0000 04EA 04EB 04EC 04ED 04EE 04EF 04F0 04F1 04F2 04F3 0000 0000 0000 0000 0000 0000 0000 0000 0000 0000 0000 0000 0000 0000 045D 045E 045F
