ATARI GAUNTLET PLAYFIELD 16X16 TILEMAP
SOURCE: level-005-playfield.png
GRID: 32 X 32
TILE_SIZE: 16 X 16
UNIQUE_TILES: 43

0000 0001 0002 0002 0002 0002 0002 0002 0002 0002 0002 0002 0002 0002 0002 0002 0003 0001 0002 0002 0002 0002 0002 0002 0002 0002 0002 0002 0002 0002 0002 0002
0004 0005 0006 0007 0008 0009 0006 0007 0008 0009 0006 0007 0008 0009 0006 0007 0004 0005 0006 0007 0008 0009 0006 0007 0008 0009 0006 0007 0008 0009 0006 0007
0004 000A 0009 0006 000B 000C 000D 000E 000F 000C 000D 000E 000F 000C 000D 000E 0010 0011 000D 000E 000F 000C 000D 000E 000F 000C 000D 000E 000F 0012 0009 0006
0004 0013 0008 0009 0014 0002 0002 0002 0002 0002 0002 0002 0002 0002 0002 0002 0015 0002 0002 0002 0002 0002 0002 0002 0002 0002 0002 0002 0016 0017 0008 0009
0004 0018 0007 0008 0019 001A 0007 0008 0009 0006 0007 0008 0009 0006 0007 0008 0009 0006 0007 0008 0009 0006 0007 0008 0009 0006 0007 0008 0019 001A 0007 0008
0004 0005 0006 0007 001B 0005 0006 0007 0008 0009 0006 0007 0008 0009 0006 0007 0008 0009 0006 0007 0008 0009 0006 0007 0008 0009 0006 0007 001B 0005 0006 0007
0004 000A 0009 0006 0004 000A 0009 001C 000F 000C 000D 000E 000F 000C 000D 000E 000F 000C 000D 000E 000F 000C 000D 000E 001D 0008 0009 0006 0004 000A 0009 0006
0004 0013 0008 0009 0004 0013 0008 001E 0001 0002 0002 0002 0002 0002 0002 0002 0002 0002 0002 0002 0002 0002 0002 0016 001F 0007 0008 0009 0004 0013 0008 0009
0004 0018 0007 0008 0004 0018 0007 0004 0005 0006 0007 0008 0009 0006 0007 0008 0009 0006 0007 0008 0009 0006 0007 0008 0019 001A 0007 0008 0004 0018 0007 0008
0004 0005 0006 0007 0004 0005 0006 0004 000A 0009 0006 000B 000C 000D 000E 000F 000C 000D 000E 001D 0008 0009 0006 0007 001B 0005 0006 0007 0004 0005 0006 0007
0004 000A 0009 0006 0004 000A 0009 0004 0013 0008 0009 001E 0001 0002 0002 0002 0002 0002 0016 0020 001D 0008 0009 0006 0004 000A 0009 0006 0004 000A 0009 0006
0004 0013 0008 0009 0004 0013 0008 0004 0018 0007 0008 0004 0018 0007 0008 0009 0006 0007 0008 0021 0020 001D 0008 0009 0004 0013 0008 0009 0004 0013 0008 0009
0004 0018 0007 0008 0004 0018 0007 0004 0005 0006 0007 0004 0005 0006 0007 0008 0009 0006 0007 0008 0021 0020 001D 0008 0004 0018 0007 0008 0004 0018 0007 0008
0004 0005 0006 0007 0004 0005 0006 0004 000A 0009 0006 0004 000A 0009 0006 0007 0008 0009 0006 0007 0008 001B 0018 0007 0004 0005 0006 0007 0004 0005 0006 0007
0004 000A 0009 0006 0004 000A 0009 0004 0013 0008 0009 0004 0013 0008 0009 0006 0007 0008 0009 0006 0007 0004 0005 0006 0004 000A 0009 0006 0004 000A 0009 0006
0004 0013 0008 0009 0004 0013 0008 0004 0018 0007 0008 0004 0018 0007 0008 0009 0022 0007 0008 0009 0006 0004 000A 0009 0004 0013 0008 0009 0004 0013 0008 0009
0004 0018 0007 0008 0004 0018 0007 0004 0005 0006 0007 0004 0005 0006 0007 0008 0009 0006 0007 0008 0009 0004 0013 0008 0004 0018 0007 0008 0004 0018 0007 0008
0004 0005 0006 0007 0004 0005 0006 0004 000A 0009 0006 0004 000A 0009 0006 0007 0008 0009 0006 0007 0008 0004 0018 0007 0004 0005 0006 0007 0004 0005 0006 0007
0004 000A 0009 0006 0004 000A 0009 0004 0013 0008 0009 0023 0017 0008 0009 0006 0007 0008 0009 0006 0007 0004 0005 0006 0004 000A 0009 0006 0004 000A 0009 0006
0004 0013 0008 0009 0004 0013 0008 0004 0018 0007 0008 0009 0006 0007 0008 0009 0006 0007 0008 0009 0006 0004 000A 0009 0004 0013 0008 0009 0004 0013 0008 0009
0004 0018 0007 0008 0004 0018 0007 0004 0005 0006 0007 0008 0009 001C 000F 000C 000D 000E 000F 000C 000D 0010 0013 0008 0004 0018 0007 0008 0004 0018 0007 0008
0004 0005 0006 0007 0004 0005 0006 0004 000A 0009 0006 0007 0008 0014 0002 0002 0002 0002 0002 0002 0002 0024 001F 0007 0004 0005 0006 0007 0004 0005 0006 0007
0004 000A 0009 0006 0004 000A 0009 0004 0013 0008 0009 0006 0007 0008 0009 0006 0007 0008 0009 0006 0007 0008 0009 0006 0004 000A 0009 0006 0004 000A 0009 0006
0004 0013 0008 0009 0004 0013 0008 0004 0025 000F 000C 000D 000E 000F 000C 000D 000E 000F 000C 000D 000E 000F 000C 000D 0010 0013 0008 0009 0004 0013 0008 0009
0004 0018 0007 0008 0004 0018 0007 0026 0002 0002 0002 0002 0002 0002 0002 0002 0002 0002 0002 0002 0002 0002 0002 0002 0024 001F 0007 0008 0004 0018 0007 0008
0004 0005 0006 0007 0004 0005 0006 0007 0008 0009 0006 0007 0008 0009 0006 0007 0008 0009 0006 0007 0008 0009 0006 0007 0008 0009 0006 0007 0004 0005 0006 0007
0004 000A 0009 0006 0004 000A 0009 0006 0007 0008 0009 0006 0007 0008 0009 0006 0007 0008 0009 0006 0007 0008 0009 0006 0007 0008 0009 0006 0004 000A 0009 0006
0004 0013 0008 0009 0004 0027 000C 000D 000E 000F 000C 000D 000E 000F 000C 0028 0006 0007 0029 000D 000E 000F 000C 000D 000E 000F 000C 000D 0010 0013 0008 0009
0004 0018 0007 0008 0026 0002 0002 0002 0002 0002 0002 0002 0002 0002 0016 002A 0009 0006 0014 0002 0002 0002 0002 0002 0002 0002 0002 0002 0024 001F 0007 0008
0004 0005 0006 0007 0008 0009 0006 0007 0008 0009 0006 0007 0008 0009 0006 0007 0008 0009 0006 0007 0008 0009 0006 0007 0008 0009 0006 0007 0008 0009 0006 0007
0004 000A 0009 0006 0007 0008 0009 0006 0007 0008 0009 0006 0007 0008 0009 0006 0007 0008 0009 0006 0007 0008 0009 0006 0007 0008 0009 0006 0007 0008 0009 0006
0010 0027 000C 000D 000E 000F 000C 000D 000E 000F 000C 000D 000E 000F 000C 000D 000E 000F 000C 000D 000E 000F 000C 000D 000E 000F 000C 000D 000E 000F 000C 000D
