ATARI GAUNTLET MOTION OBJECT 16X16 TILEMAP
SOURCE: level-107.png
GRID: 32 X 32
TILE_SIZE: 16 X 16
ATLAS_TILES: 512
UNIQUE_PIXEL_TILES: 128
CONNECTED_OBJECT_GROUPS: 28

0000 0000 0000 0000 0000 0024 0025 0026 0000 0000 0000 0000 0000 0000 0028 0029 002A 0000 0000 0000 0000 0000 0000 0000 0000 002D 002E 002F 0000 0000 0000 0000
0000 0040 0000 0000 0000 0044 0045 0046 0047 0000 0000 0000 0000 0000 0048 0049 004A 0000 0000 0000 0034 0035 0036 0037 0000 004D 004E 004F 0000 0000 0000 0053
0000 0000 0061 0062 0063 0000 0000 0000 0067 0000 0000 0000 0000 0000 0000 0000 0000 006B 006C 0000 0054 0055 0056 0057 0000 0000 0000 0000 0070 0071 0072 0000
0000 0000 0081 0082 0083 0000 0000 0000 0000 0000 0000 0000 0000 0000 0000 0000 008A 008B 008C 0000 0000 0000 0000 0000 0000 0000 0000 0000 0090 0091 0092 0000
0000 0000 0000 0000 0000 0000 0000 0000 0000 0000 0000 0000 0000 0000 0000 0000 0000 0000 0000 0000 0000 0000 0000 0000 0000 0000 0000 0000 0000 0000 0000 0000
0038 0039 003A 0000 0000 0000 0000 0000 0000 0000 0000 0000 0000 0000 0000 0000 0000 0000 0000 0000 0000 0000 0000 0000 0000 003B 003C 003D 0000 0000 00A0 00A1
0058 0059 005A 0000 0000 0000 0000 0000 0000 0000 0000 0000 0000 0000 0000 0000 0000 0000 0000 0000 0000 0000 0000 0000 0000 005B 005C 005D 005E 0000 00C0 00C1
0000 0000 0000 0000 0000 0000 0000 0000 0000 0000 0000 0000 0000 0000 0000 0000 0000 0000 0000 0000 0000 0000 0000 0000 0000 0000 007C 007D 007E 0000 0000 0000
0000 0000 0000 0000 0000 0000 0000 0000 0000 0000 0000 0000 0000 0000 0000 0000 0000 0000 0000 0000 0000 0000 0000 0000 0000 0000 0000 0000 0000 0000 0000 0000
0000 00A3 00A4 0000 0000 0000 0000 0000 0000 0000 0000 0000 0000 0000 0000 0000 0000 0000 00A6 00A7 0000 00A8 00A9 00AA 0000 0000 0000 0000 0000 0000 0000 0000
00C2 00C3 00C4 0000 0000 0000 0000 0000 0000 0000 00B0 0000 0000 0000 0000 0000 0000 00C5 00C6 00C7 0000 00C8 00C9 00CA 0000 0000 00CD 00CE 00CF 0000 0000 0000
0000 0000 0000 0000 0000 0000 0000 0000 0000 0000 0000 0000 0000 0000 0000 0000 0000 0000 0000 0000 0000 0000 0000 00EA 00EB 00EC 00ED 00EE 00EF 0000 0000 0000
0000 0000 0000 0000 0000 0000 0000 0000 0000 0000 0000 0000 0000 0000 0000 0000 0000 0000 0000 0000 0000 0000 0000 010A 010B 010C 0000 0000 0000 0000 0000 0000
0000 0000 0000 0000 0000 0000 0000 0000 0000 0000 0000 0000 0000 0000 0000 0000 0000 0000 0000 0000 0000 0000 0000 0000 0000 0000 0000 0000 0000 0000 0000 0000
0000 0000 0000 0000 0000 0000 0000 0000 0000 0000 0000 0000 0000 0000 0000 0000 0000 0000 0000 0000 0000 0000 0000 0000 0000 0000 0000 0000 0000 0000 0000 0000
0000 0000 0000 0000 0000 0000 0000 0000 0000 0000 0000 0000 0000 0000 0000 0000 0000 0000 0000 0000 0000 0000 0000 0000 0000 00B1 00B2 00B3 0000 0000 0000 0000
0000 0000 0000 0000 0000 0000 0000 0000 0000 0000 0000 0000 0000 0000 0000 0000 0000 0000 0000 0000 0000 0000 0000 0000 0000 00D1 00D2 00D3 0000 0000 0000 0000
0000 0000 0000 00B5 00B6 0000 0000 0000 0000 0000 0000 0000 0000 0000 0000 00B7 00B8 00B9 0000 0000 0000 0000 0000 0000 0000 0000 0000 0000 0000 0000 0000 0000
00BC 0000 00D4 00D5 00D6 0000 0000 0000 0000 0000 0000 0000 0000 0000 0000 00D7 00D8 00D9 0000 0000 0000 0000 0000 0000 0000 0000 0000 0000 0000 0000 00BD 00BE
00DC 0000 0000 0000 0000 0000 0000 0000 0000 0000 0000 0000 0000 0000 0000 0000 0000 00F9 00FA 00FB 0000 0000 0000 0000 0000 0000 0120 0121 0122 0000 00DD 00DE
0000 0000 0000 0000 0000 0000 0000 0000 0123 0124 0125 0126 0127 0128 0000 0000 0000 0119 011A 011B 0000 0000 0000 0000 0000 0000 0140 0141 0142 0000 0000 0000
0000 0000 0000 0000 0000 0000 0000 0000 0143 0144 0145 0146 0147 0148 0000 0000 0000 0000 0000 0000 0000 0000 0000 0000 0000 0000 0000 0000 0000 0000 0000 0000
0000 0000 0000 0129 012A 012B 012C 0000 0000 0000 0000 0000 0000 0000 0000 0000 0000 0000 0000 0000 0000 0000 0000 0000 0000 0000 0000 0000 0000 0000 0000 0000
0000 0000 0000 0149 014A 014B 014C 0000 0000 0000 0000 0000 0000 0000 0000 0000 0000 0000 0000 012D 012E 012F 0000 0000 0000 0000 0000 0000 0000 0000 0000 0000
0000 0000 0000 0000 0000 0000 0000 0000 0000 0000 0000 0000 0000 0000 0000 0000 0000 0000 0000 014D 014E 014F 0000 0000 0000 0000 0000 0000 0000 0000 0000 0000
0000 0000 0000 0000 0000 0000 0000 0000 0000 0130 0131 0132 0000 0133 0134 0135 0000 0000 0000 0000 0000 0000 0000 0000 0000 0000 0000 0000 0000 0000 0000 0000
0136 0137 0138 0000 0000 0000 0000 0000 0000 0150 0151 0152 0000 0153 0154 0155 0000 0000 0000 0000 0000 0000 0000 0000 0000 0000 0000 0000 0000 0000 0000 0000
0156 0157 0158 0000 0000 0000 0000 0000 0000 0000 0000 0000 0000 0000 0000 0000 0000 0000 0000 0000 0000 0000 0000 0000 0000 0000 0000 0000 0000 0000 0000 0000
0000 0000 0000 0000 013D 013E 013F 0000 0000 0000 0000 0000 0000 0000 0000 0000 0000 0000 0000 0000 0000 0000 0000 0000 0000 0000 0000 0000 01A0 01A1 01A2 0000
0000 0000 0000 0000 015D 015E 015F 0000 0000 0000 0000 0000 0000 0000 0000 0000 0000 0000 0000 0000 0000 0000 0000 0000 01A3 01A4 01A5 0000 01C0 0000 0000 0000
0179 0000 017B 017C 017D 017E 017F 0000 0000 0000 01A6 01A7 01A8 0000 0000 0000 0000 0000 0000 0000 0000 0000 0000 0000 01C3 01C4 01C5 0000 01E0 0000 01A9 01AA
0000 019A 019B 019C 019D 0000 0000 0000 0000 0000 01C6 01C7 01C8 0000 0000 0000 0000 0000 0000 0000 0000 0000 0000 0000 0000 0000 0000 0000 0000 0000 01C9 0000
