ATARI GAUNTLET PLAYFIELD 16X16 TILEMAP
SOURCE: level-064-playfield.png
GRID: 32 X 32
TILE_SIZE: 16 X 16
UNIQUE_TILES: 35

0000 0001 0002 0002 0002 0002 0002 0002 0002 0002 0002 0002 0002 0002 0002 0002 0002 0002 0002 0002 0002 0002 0002 0002 0002 0002 0002 0002 0002 0002 0002 0002
0003 0004 0005 0006 0007 0008 0005 0006 0007 0008 0005 0006 0007 0008 0005 0006 0007 0008 0005 0006 0007 0008 0005 0006 0007 0008 0005 0006 0007 0008 0005 0006
0003 0009 0008 0005 0006 0007 0008 0005 0006 0007 0008 0005 0006 0007 0008 0005 0006 0007 0008 0005 0006 0007 0008 0005 0006 0007 0008 0005 0006 0007 0008 0005
0003 000A 0007 0008 0005 000B 000C 000D 000E 000F 000C 000D 000E 000F 000C 000D 0010 0006 0007 0008 0011 000F 000C 000D 000E 000F 000C 000D 000E 000F 0012 0008
0003 0013 0006 0007 0008 0014 0002 0002 0002 0002 0002 0002 0002 0002 0002 0015 0016 0005 0006 0007 0014 0002 0002 0002 0002 0002 0002 0002 0002 0015 0017 0007
0003 0004 0005 0006 0007 0008 0005 0006 0007 0008 0005 0006 0007 0008 0005 0006 0007 0008 0005 0006 0007 0008 0005 0006 0007 0008 0005 0006 0007 0008 0005 0006
0003 0009 0008 0005 0006 0007 0008 0005 0006 0007 0008 0005 0006 0007 0008 0005 0006 0007 0008 0005 0006 0007 0008 0005 0006 0007 0008 0005 0006 0007 0008 0005
0018 000A 0007 0019 000E 000F 000C 000D 000E 000F 0012 0008 0005 0006 001A 000D 000E 000F 000C 000D 000E 000F 000C 001B 0005 0006 0007 0019 000E 000F 000C 000D
001C 0013 0006 0014 0002 0002 0002 0002 0002 0015 0017 0007 0008 0005 0014 0002 0002 0002 0002 0002 0002 0002 0015 001D 0008 0005 0006 0014 0002 0002 0002 0002
0003 0004 0005 0006 0007 0008 0005 0006 0007 0008 0005 0006 0007 0008 0005 0006 0007 0008 0005 0006 0007 0008 0005 0006 0007 0008 0005 0006 0007 0008 0005 0006
0003 0009 0008 0005 0006 0007 0008 0005 0006 0007 0008 0005 0006 0007 0008 0005 0006 0007 0008 0005 0006 0007 0008 0005 0006 0007 0008 0005 0006 0007 0008 0005
0018 001E 000C 000D 000E 001F 0007 0008 0005 000B 000C 000D 000E 000F 0012 0008 0005 0006 001A 000D 000E 000F 000C 000D 000E 000F 0012 0008 0005 0006 001A 000D
0000 0001 0002 0002 0015 0020 0006 0007 0008 0014 0002 0002 0002 0015 0017 0007 0008 0005 0014 0002 0002 0002 0002 0002 0002 0015 0017 0007 0008 0005 0014 0002
0003 0004 0005 0006 0007 0008 0005 0006 0007 0008 0005 0006 0007 0008 0005 0006 0007 0008 0005 0006 0007 0008 0005 0006 0007 0008 0005 0006 0007 0008 0005 0006
0003 0009 0008 0005 0006 0007 0008 0005 0006 0007 0008 0005 0006 0007 0008 0005 0006 0007 0008 0005 0006 0007 0008 0005 0006 0007 0008 0005 0006 0007 0008 0005
0018 001E 000C 000D 000E 000F 000C 000D 000E 000F 0012 0008 0005 0006 001A 000D 000E 000F 0012 0008 0005 000B 000C 000D 0010 0006 0007 0008 0011 000F 000C 000D
0000 0001 0002 0002 0002 0002 0002 0002 0002 0015 0017 0007 0008 0005 0014 0002 0002 0015 0017 0007 0008 0014 0002 0015 0016 0005 0006 0007 0014 0002 0002 0002
0003 0004 0005 0006 0007 0008 0005 0006 0007 0008 0005 0006 0007 0008 0005 0006 0007 0008 0005 0006 0007 0008 0005 0006 0007 0008 0005 0006 0007 0008 0005 0006
0003 0009 0008 0005 0006 0007 0008 0005 0006 0007 0008 0005 0006 0007 0008 0005 0006 0007 0008 0005 0006 0007 0008 0005 0006 0007 0008 0005 0006 0007 0008 0005
0018 000A 0007 0019 000E 000F 000C 000D 000E 000F 000C 000D 000E 000F 000C 000D 000E 000F 000C 000D 000E 000F 000C 000D 000E 000F 000C 000D 000E 000F 000C 000D
001C 0013 0006 0014 0002 0002 0002 0002 0002 0002 0002 0002 0002 0002 0002 0002 0002 0002 0002 0002 0002 0002 0002 0002 0002 0002 0002 0002 0002 0002 0002 0002
0003 0004 0005 0006 0007 0008 0005 0006 0007 0008 0005 0006 0007 0008 0005 0006 0007 0008 0005 0006 0007 0008 0005 0006 0007 0008 0005 0006 0007 0008 0005 0006
0003 0009 0008 0005 0006 0007 0008 0005 0006 0007 0008 0005 0006 0007 0008 0005 0006 0007 0008 0005 0006 0007 0008 0005 0006 0007 0008 0005 0006 0007 0008 0005
0003 001E 000C 000D 000E 000F 000C 000D 000E 000F 000C 000D 000E 000F 000C 000D 000E 000F 000C 000D 000E 000F 000C 000D 000E 000F 000C 000D 000E 001F 0007 0008
0021 0001 0002 0002 0002 0002 0002 0002 0002 0002 0002 0002 0002 0002 0002 0002 0002 0002 0002 0002 0002 0002 0002 0002 0002 0002 0002 0002 0015 0020 0006 0007
0003 0004 0005 0006 0007 0008 0005 0006 0007 0008 0005 0006 0007 0008 0005 0006 0007 0008 0005 0006 0007 0008 0005 0006 0007 0008 0005 0006 0007 0008 0005 0006
0003 0009 0008 0005 0006 0007 0008 0005 0006 0007 0008 0005 0006 0007 0008 0005 0006 0007 0008 0005 0006 0007 0008 0005 0006 0007 0008 0005 0006 0007 0008 0005
0018 001E 000C 000D 000E 000F 0012 0008 0011 000F 000C 000D 000E 000F 000C 000D 000E 001F 0007 0008 0011 000F 000C 000D 000E 000F 000C 000D 0010 0006 0007 0019
0000 0001 0002 0002 0002 0015 0017 0007 0014 0002 0002 0002 0002 0002 0002 0002 0015 0020 0006 0007 0014 0002 0002 0002 0002 0002 0002 0015 0016 0005 0006 0014
0003 0022 0005 0006 0007 0008 0005 0006 0007 0008 0005 0006 0007 0008 0005 0006 0007 0008 0005 0006 0007 0008 0005 0006 0007 0008 0005 0006 0007 0008 0005 0006
0003 0009 0008 0005 0006 0007 0008 0005 0006 0007 0008 0005 0006 0007 0008 0005 0006 0007 0008 0005 0006 0007 0008 0005 0006 0007 0008 0005 0006 0007 0008 0005
0018 001E 000C 000D 000E 000F 000C 000D 000E 000F 000C 000D 000E 000F 000C 000D 000E 000F 000C 000D 000E 000F 000C 000D 000E 000F 000C 000D 000E 000F 000C 000D
