ATARI GAUNTLET MOTION OBJECT 16X16 TILEMAP
SOURCE: level-033.png
GRID: 32 X 32
TILE_SIZE: 16 X 16
ATLAS_TILES: 928
UNIQUE_PIXEL_TILES: 236
CONNECTED_OBJECT_GROUPS: 22

0000 0000 0000 0000 0000 0000 0000 0000 0000 0021 0022 0023 0024 0025 0026 0000 0000 0000 0000 0028 0029 002A 002B 002C 002D 0000 0000 0000 0000 0000 0000 0000
0000 0000 0000 0000 0000 0000 0000 0000 0040 0041 0042 0043 0044 0045 0046 0000 0000 0000 0047 0048 0049 004A 004B 004C 004D 0000 0000 0000 0000 0000 0000 0000
002E 0000 0000 0000 0000 0000 0000 0000 0060 0061 0062 0063 0064 0065 0066 0000 0000 0000 0067 0068 0069 006A 006B 006C 006D 0000 0000 0000 0000 0000 0000 0000
0000 0000 0000 0000 0000 0000 0000 0000 0080 0081 0082 0083 0084 0085 0086 0000 0000 0000 0087 0088 0089 008A 008B 008C 008D 0000 0000 0000 0000 0000 0000 0000
002F 0030 0000 0000 0000 0000 0000 0000 0000 0000 0000 0000 0000 0000 0000 0000 0000 0000 0000 0000 0000 0000 0000 0000 0000 0000 0000 0000 0000 0000 0000 0000
004F 0050 0000 0000 0000 0000 0000 0000 0000 0000 0000 0000 0000 0000 0000 0000 0032 0000 0000 0000 0000 0000 0000 0000 0000 0000 0000 0000 0000 0000 0000 0034
0000 0000 0000 0000 0000 0000 0000 0000 0035 0000 0000 0000 0000 0000 0000 0051 0052 0053 0000 0000 0000 0000 0000 0000 0036 0000 0000 0000 0000 0000 0000 0000
0000 0000 0000 0000 0000 0000 0000 0000 0055 0000 0000 0000 0000 0000 0000 0071 0072 0073 0000 0000 0000 0000 0000 0000 0056 0000 0000 0000 0000 0000 0000 0000
0000 0000 0000 0000 0000 0000 0000 0000 0000 0000 0000 0000 0000 0000 0000 0000 0000 0000 0000 0000 0000 0000 0000 0000 0000 0000 0000 0000 0000 0000 0000 0000
0000 0000 0000 0000 0000 0000 0000 0000 0000 0000 0000 0000 0000 0000 0000 0000 0000 0000 0000 0000 0000 0000 0000 0000 0000 0000 0000 0000 0000 0000 0000 0000
0000 0000 0000 0000 0000 0000 0000 00A6 00A7 0000 0000 00AA 00AB 00AC 0000 0000 0000 0000 0000 00B2 00B3 00B4 0000 0000 0000 00B8 00B9 0000 0000 0000 0000 0000
0000 0000 0000 0000 0000 0000 00C5 00C6 00C7 0000 0000 00CA 00CB 00CC 0000 00CE 00CF 00D0 0000 00D2 00D3 00D4 0000 0000 00D7 00D8 00D9 0000 0000 0000 0000 0000
0000 0000 0000 0000 00E3 00E4 00E5 00E6 00E7 00E8 00E9 00EA 0000 0000 0000 00EE 00EF 00F0 0000 0000 0000 00F4 00F5 00F6 00F7 00F8 00F9 00FA 00FB 0000 0000 0000
0000 0000 0000 0000 0103 0104 0105 0106 0107 0108 0109 010A 0000 010C 010D 010E 0000 0110 0111 0112 0000 0114 0115 0116 0117 0118 0119 011A 011B 0000 0000 0000
0000 0000 0000 0122 0123 0124 0125 0126 0127 0128 0000 0000 0000 012C 012D 012E 0000 0130 0131 0132 0000 0000 0000 0136 0137 0138 0139 013A 013B 013C 0000 0000
0000 0000 0000 0000 0000 0000 0000 0000 0000 0148 0000 0000 0000 014C 0000 0000 014F 0000 0000 0152 0153 0154 0000 0156 0000 0000 0000 0000 0000 0000 0000 0000
0300 0301 0000 0162 0163 0164 0165 0166 0000 0168 0000 0000 0000 016C 0000 0000 016F 0000 0000 0172 0173 0174 0000 0176 0000 0178 0179 017A 017B 017C 0000 0302
0320 0321 0000 0182 0183 0184 0185 0000 0000 0000 0189 018A 018B 018C 018D 018E 0000 0190 0191 0192 0000 0194 0195 0196 0000 0000 0199 019A 019B 019C 0000 0322
0340 0341 0000 01A2 01A3 01A4 01A5 01A6 0000 0000 01A9 01AA 01AB 01AC 01AD 01AE 0000 01B0 01B1 01B2 0000 01B4 01B5 01B6 0000 01B8 01B9 01BA 01BB 01BC 0000 0342
0000 0000 0000 0000 01C3 01C4 01C5 01C6 01C7 01C8 0000 01CA 01CB 01CC 0000 01CE 01CF 01D0 0000 01D2 01D3 01D4 0000 01D6 01D7 01D8 01D9 01DA 01DB 0000 0000 0000
0000 01E0 01E1 01E2 01E3 01E4 01E5 01E6 01E7 01E8 0000 01EA 01EB 01EC 0000 01EE 01EF 01F0 0000 01F2 01F3 01F4 0000 01F6 01F7 01F8 01F9 01FA 01FB 01FC 01FD 01FE
0000 0200 0201 0202 0000 0204 0205 0206 0000 0208 0209 020A 0000 020C 020D 020E 0000 0210 0211 0212 0000 0214 0215 0216 0000 0218 0219 021A 0000 021C 021D 021E
0000 0000 0000 0222 0223 0224 0225 0226 0000 0228 0229 022A 0000 022C 022D 022E 0000 0230 0231 0232 0000 0234 0235 0236 0000 0238 0239 023A 023B 023C 0000 0000
0000 0000 0000 0242 0243 0244 0000 0246 0247 0248 0000 024A 024B 024C 0000 024E 024F 0250 0000 0252 0253 0254 0000 0256 0257 0258 0000 025A 025B 025C 0000 0000
0303 0304 0000 0262 0263 0264 0265 0266 0267 0268 0269 026A 026B 026C 026D 026E 026F 0270 0271 0272 0273 0274 0275 0276 0277 0278 0279 027A 027B 027C 0000 0305
0323 0324 0000 0000 0000 0000 0000 0000 0000 0288 0289 028A 0000 028C 028D 028E 0000 0000 0291 0000 0000 0294 0295 0296 0000 0000 0000 0000 0000 0000 0000 0325
0000 0000 0000 0000 0000 0000 0000 0000 0000 02A8 02A9 02AA 0000 02AC 02AD 02AE 0000 0000 02B1 0000 0000 02B4 02B5 02B6 0000 0000 0000 0000 0000 0000 0000 0000
0000 0306 0000 0000 0307 0308 0309 0000 0000 0000 02C9 02CA 02CB 0000 0000 0000 0000 02D0 02D1 02D2 02D3 02D4 02D5 0000 0000 0000 030C 030D 030E 0000 0000 030F
0000 0000 0000 0000 0327 0328 0329 032A 0000 0000 02E9 02EA 02EB 0000 0000 0000 0000 02F0 02F1 02F2 02F3 02F4 02F5 0000 0000 032B 032C 032D 032E 0000 0000 0000
0000 0000 0000 0000 0000 0000 0000 0000 0000 0000 0000 0000 0000 0000 0000 0000 0000 0000 0000 0000 0000 0000 0000 0000 0000 0000 0000 0000 0000 0000 0000 0000
0000 0000 0311 0312 0000 0313 0314 0315 0000 0000 0000 0000 0316 0317 0318 0319 031A 0000 0000 0000 0000 0000 0000 0000 031B 031C 031D 0000 0000 0000 0361 0362
0000 0330 0331 0332 0000 0333 0334 0335 0000 0000 0000 0000 0336 0337 0338 0339 0000 0000 0000 0000 0000 0000 0000 0000 033B 033C 033D 0000 0000 0380 0381 0382
