ATARI GAUNTLET PLAYFIELD 16X16 TILEMAP
SOURCE: level-084-playfield.png
GRID: 32 X 32
TILE_SIZE: 16 X 16
UNIQUE_TILES: 45

0000 0001 0002 0002 0002 0002 0002 0002 0002 0002 0002 0002 0002 0002 0002 0002 0002 0002 0003 0002 0002 0002 0002 0002 0002 0002 0002 0002 0002 0002 0000 0001
0004 0005 0006 0007 0008 0009 000A 0007 0008 0009 000A 0007 0008 0009 000A 0007 0008 0009 000A 0007 0008 0009 000A 0007 0008 0009 000A 0007 0008 0009 000B 000C
0004 000D 000E 0001 0002 0002 0002 0002 0002 0002 0002 0002 0002 0002 0002 0002 0002 0002 0002 0002 0002 0002 0002 0002 0002 0002 0002 0002 0002 0002 000F 0010
0004 0011 0004 0005 0006 0007 0008 0009 000A 0007 0008 0009 000A 0007 0008 0009 000A 0007 0008 0009 000A 0007 0008 0009 000A 0007 0008 0009 000A 0007 000B 0005
0004 0010 0004 000D 0012 0002 0002 0002 0002 0002 0002 0002 0002 0002 0002 0002 0002 0002 0002 0002 0002 0002 0002 0002 0002 0002 0002 0002 0002 0002 0013 0014
0004 0005 0004 0011 0015 0009 000A 0007 0008 0009 000A 0007 0008 0009 000A 0007 0008 0009 000A 0007 0008 0009 000A 0007 0008 0009 000A 0007 0008 0009 000A 0016
0004 000D 0004 0010 000E 0001 0002 0002 0002 0002 0002 0002 0002 0002 0002 0002 0002 0002 0002 0002 0002 0002 0002 0002 0002 0002 0002 0002 0002 0002 0017 0010
0004 0011 0004 0005 0004 0011 0015 0009 000A 0007 0008 0009 000A 0007 0008 0009 000A 0007 0008 0009 000A 0007 0008 0009 000A 0007 0008 0009 000A 0007 000B 0005
0004 0010 0004 000D 0004 0010 000E 0001 0002 0002 0002 0002 0002 0002 0002 0002 0002 0002 0002 0002 0002 0002 0002 0002 0002 0002 0002 0002 0002 0002 000F 000D
0004 0005 0004 0011 0004 0005 0004 0018 0008 0009 000A 0007 0008 0009 000A 0007 0008 0009 000A 0007 0008 0009 000A 0007 0008 0009 000A 0007 0008 0019 0004 0011
0004 000D 0004 0010 0004 000D 001A 0001 0002 0002 0002 0002 0002 0002 0002 0002 0002 0002 0002 0002 0002 0002 0002 0002 0002 0002 0002 0002 001B 0014 0004 0010
0004 0011 0004 0005 0004 0011 0004 0005 0006 0007 0008 0009 000A 0007 0008 0009 000A 0007 001C 001D 000A 0007 0008 0009 000A 0007 0008 0009 000A 0007 000B 0005
0004 0010 0004 000D 0004 0010 0004 000D 000E 0001 0002 0002 0002 0002 0002 0002 0002 0017 0011 0012 0002 0002 0002 0002 0002 0002 0002 0002 0002 0002 000F 000D
0004 0005 0004 0011 0004 0005 0004 0011 0004 0005 0006 0007 0008 0009 000A 0007 001C 0004 0010 001E 001F 0020 0021 001E 001F 0020 0021 001E 001F 0020 0004 0011
0004 000D 0004 0010 0004 000D 0004 0010 0004 000D 0012 0002 0002 0002 0002 0017 0011 0004 0005 0006 0007 0008 0009 000A 0007 0008 0009 000A 0007 0008 000B 0010
0004 0011 0004 0005 0004 0011 0004 0005 0004 0011 001F 0020 0021 001E 001F 0004 0010 0004 000D 0012 0002 0002 0002 0002 0002 0002 0002 0002 0002 0002 000F 0005
000B 0010 0004 000D 0004 0010 0004 000D 0004 0010 001E 001F 0020 0021 001E 0004 0005 0004 0018 0008 0009 000A 0007 0008 0009 000A 0007 0008 0009 000A 000B 0022
000F 0005 0004 0011 0004 0005 0004 0011 0004 0005 0021 001E 001F 0020 0021 0004 000D 0023 0002 0002 0002 0002 0002 0002 0002 0002 0002 0002 0002 0002 0003 0002
0004 000D 0004 0010 0004 000D 0004 0010 0004 000D 0020 0021 001E 001F 0020 0004 0018 0008 0009 000A 0007 0008 0009 000A 0007 0008 0009 000A 0007 0008 0019 0021
0004 0011 0024 0025 0024 0026 0024 0025 0024 0026 001F 0020 0021 001E 001F 001A 0001 0002 0002 0002 0002 0002 0002 0002 0002 0002 0002 0002 0002 0017 000D 0020
0004 0010 001E 001F 0020 0021 001E 001F 0020 0021 001E 001F 0020 0021 001E 0004 0005 0006 0007 0008 0009 000A 0007 0008 0009 000A 0007 0008 0019 0004 0011 001F
000B 0005 0021 001E 001F 0020 0021 001E 001F 0020 0006 0007 0008 0009 000A 000B 000D 000E 0001 0002 0002 0002 0002 0002 0002 0002 0002 0017 000D 0004 0027 0007
000F 000D 0020 0006 0007 0008 0009 000A 0016 001F 0012 0002 0002 0002 0002 0013 0026 0004 0005 0006 0007 0008 0009 000A 0007 0008 0019 0004 0011 0023 0002 0002
0004 0011 001F 000E 0001 0002 0002 0017 0010 0028 0008 0009 000A 0007 0008 0009 000A 000B 000D 000E 0001 0002 0002 0002 0002 0017 000D 0004 0027 0007 0008 0019
0004 0010 001E 0004 0005 0021 001E 0004 0005 000E 0001 0002 0002 0002 0002 0002 0002 0013 0026 0004 0005 0006 0007 0008 0019 0004 0011 0023 0002 0002 0017 000D
0004 0005 0021 0004 000D 0020 0021 0004 000D 0004 0010 001E 001F 0020 0021 001E 001F 0020 0006 000B 000D 000E 0001 0017 000D 0004 0027 0007 0008 0019 0004 0011
0004 000D 0020 0004 0011 0015 0009 000B 0011 0004 0005 0021 001E 001F 0020 0021 001E 001F 000E 0029 0026 0004 0005 0004 0011 001A 0001 0002 0017 000D 0004 0010
0004 0011 001F 0004 0010 0012 0002 0013 002A 0004 000D 0020 0021 001E 001F 0020 0006 0007 000B 0005 0006 000B 000D 0004 0010 0004 000D 0020 0004 0011 0004 0005
0004 0010 001E 0004 002B 000A 0007 0008 0009 000B 0011 001F 0020 0021 0028 0008 002C 0001 0013 0014 000E 0029 0026 0004 0005 0004 0011 001F 0004 0010 0004 000D
0004 0005 0021 0023 0002 0002 0002 0002 0002 000F 0027 0007 0008 0009 002C 0001 0013 0025 0006 0007 000B 0005 0021 0004 000D 0024 002A 0028 000B 0005 0004 0011
0004 000D 0020 0021 001E 001F 0020 0021 001E 0023 0002 0002 0002 0002 0013 002A 001E 001F 000E 0001 0013 0014 0020 0024 0026 001F 0020 0012 0013 0014 0004 0010
000B 0018 0008 0009 000A 0007 0008 0009 000A 0007 0008 0009 000A 0007 0008 0009 000A 0007 000B 002B 000A 0007 0008 0009 000A 0007 0008 0009 000A 0007 000B 002B
