ATARI GAUNTLET PLAYFIELD 16X16 TILEMAP
SOURCE: level-106-playfield.png
GRID: 32 X 32
TILE_SIZE: 16 X 16
UNIQUE_TILES: 48

0000 0001 0002 0002 0002 0002 0002 0002 0002 0002 0002 0002 0002 0002 0002 0002 0003 0001 0002 0002 0002 0002 0002 0002 0002 0002 0002 0002 0002 0002 0002 0002
0004 0005 0006 0007 0008 0009 0006 000A 000B 0009 0006 0007 0008 0009 0006 0007 0004 0005 0006 0007 0008 0009 0006 0007 0008 0009 0006 0007 0008 0009 0006 0007
0004 000C 0009 0006 0007 0008 0009 000D 000E 0008 0009 0006 0007 0008 0009 0006 0004 000C 0009 000F 0010 0011 0012 0013 0010 0011 0012 0013 0010 0011 0014 0006
0004 0015 0008 0009 0006 0007 0008 0016 0017 000A 0011 0012 0013 0010 0011 0012 0018 0015 0008 0019 0001 0002 0002 0002 0002 0002 0002 0002 0002 001A 001B 0009
0004 001C 0007 0008 0009 0006 0007 000D 001D 001E 0002 0002 0002 0002 0002 0002 001F 001C 0007 0004 0005 0006 0007 0008 0009 0006 0007 0008 0009 0006 0007 0008
0004 0005 0006 0007 0008 0009 0006 0007 0008 0009 0006 0007 0008 0009 0006 0007 0004 0005 0006 0004 000C 0009 000F 0020 0008 0009 0006 0007 0008 0009 0006 0007
0004 000C 0009 0006 0007 0008 0009 0006 0007 0008 0009 0006 0007 0008 0009 0006 0004 000C 0009 0004 0015 0008 0021 001C 0007 0008 0009 0006 0007 0008 0009 0006
0004 0015 0022 0014 0006 0007 0008 0009 0006 0007 0008 0009 000F 0020 0008 0009 0004 0015 0008 0004 001C 0007 0004 0005 0006 0007 0008 0009 0006 0007 0008 0009
0004 001C 000D 001B 0016 0017 0007 0008 0009 0006 0007 0008 000D 0023 0007 0008 0004 001C 0007 0004 0005 0006 0004 000C 0009 0006 0007 0008 0009 0006 0007 0008
0004 0005 0006 0007 0021 0005 0006 0007 0008 0009 0006 0007 0022 0014 000F 0010 0018 0005 0006 0004 000C 0009 0004 0015 0008 0009 0006 0007 0008 0009 0006 0007
0004 000C 0009 0006 0004 000C 0009 0006 0007 0008 0009 0006 000D 001B 001E 0002 001F 000C 0009 0004 0015 0008 0004 001C 0007 0008 0009 0006 0007 0008 0009 0006
0004 0015 0008 0009 0024 000E 0008 0009 0006 0007 0008 0009 0006 0007 0008 0009 0004 0015 0008 0004 001C 0007 0004 0005 0006 0007 0008 0009 0006 0007 0008 0009
0004 0025 0010 0011 0012 0013 0010 0011 0012 0013 0010 0011 0012 0013 0010 000B 0004 001C 0007 0004 0005 0006 0004 000C 0009 0006 0007 0008 0009 0006 0007 0008
0026 0001 0003 0001 0002 0002 0002 0002 0002 0002 0002 0002 0002 0002 0027 0015 0004 0005 0006 0004 000C 0009 0004 0015 0008 0009 0006 0007 0008 0009 0006 0007
0004 000C 0024 0023 000A 000B 0009 0006 0007 0008 0009 0006 0007 0008 0004 001C 0004 000C 0009 0004 0015 0008 0004 001C 0007 0022 0014 000F 0020 0022 0014 0006
0004 0015 0022 0014 0021 0015 0022 0014 0006 0007 0008 0009 000F 0020 0004 0005 0004 0015 0008 0004 001C 0007 0004 0005 0006 000D 001B 000D 0023 000D 001B 0009
0004 001C 0021 000C 0024 0023 000D 001B 0009 0006 0007 0008 000D 0023 0004 000C 0004 001C 0007 0004 0005 0006 0004 000C 0009 0006 0007 0008 0009 0006 0007 0008
0004 0005 0024 000E 0008 0009 0006 000A 000B 0009 0006 000A 000B 0009 0004 0015 0004 0005 0006 0004 000C 0009 0004 0015 0008 0016 0017 0007 0008 0016 0017 0007
0004 000C 0016 0017 000A 000B 0009 000D 000E 0008 0009 000D 000E 0008 0004 001C 0004 000C 0009 0004 0015 0008 0004 001C 0007 000D 001D 0006 0007 000D 001D 0006
0018 0015 0021 0005 000D 000E 0008 0009 0006 000A 000B 0009 0006 0007 0004 0005 0004 0015 0008 0004 001C 0007 0004 0028 0017 0007 0008 0009 0006 0007 0008 0016
001F 001C 0004 000C 0016 0017 0007 0008 0009 000D 000E 0008 0009 0006 0004 000C 0004 001C 0007 0004 0005 0006 0026 0029 001D 0006 0007 0008 0009 0006 0007 001E
0004 0005 0004 0015 0021 0005 000F 0020 0022 0014 000F 0020 0022 0014 0004 0015 0004 0005 0006 0004 000C 0009 0004 0015 0008 0009 0006 0007 0008 0009 0006 0007
0004 000C 0004 001C 0024 001B 000D 0023 000D 001B 000D 0023 000D 001B 0004 001C 0004 000C 0009 0004 0015 0008 0004 001C 0007 0008 0009 0006 0007 0008 0009 0006
0004 0015 0004 0028 0013 0020 0008 0009 0006 0007 0008 0009 0006 0007 0004 0005 0004 0015 0008 0004 001C 0007 0004 0005 0006 0007 0008 0009 0006 0007 0008 0009
0018 001C 002A 0002 0027 001C 0007 0008 0009 0006 0007 0008 0016 0013 0018 000C 0004 001C 0007 0004 0005 0006 0004 002B 0012 0013 0010 0011 0012 0013 0010 0011
001F 0005 0006 0007 0004 0005 0006 0007 0008 0009 0006 0007 001E 0002 002C 000E 0024 001D 0006 0004 000C 0009 002A 0002 0002 0002 0002 0002 0002 0002 0002 0002
0004 000C 002D 0006 0004 000C 0009 0006 0007 0008 0009 0006 0007 0008 0009 0006 0007 0008 0009 0004 0015 0008 0009 0006 0007 0008 0009 0006 0007 0008 0009 0006
0004 002E 0011 0012 0018 002E 0011 0012 0013 0010 0011 0012 0013 0010 0011 0012 0013 0010 0011 0018 0025 0010 0011 0012 0013 0010 0011 0012 0013 0010 0011 0014
0026 0001 0002 0002 002F 0002 0002 0002 0002 0002 0002 0002 0002 0002 0002 0002 0002 0002 0002 002F 0002 0002 0002 0002 0002 0002 0002 0002 0002 0002 001A 001B
0004 0005 0006 0007 0008 0009 0006 0007 0008 0009 0006 0007 0008 0009 0006 0007 0008 0009 0006 0007 0008 0009 0006 0007 0008 0009 0006 0007 0008 0009 0006 0007
0004 000C 0009 0006 0007 0008 0009 0006 0007 0008 0009 0006 0007 0008 0009 0006 0007 0008 0009 0006 0007 0008 0009 0006 0007 0008 0009 0006 0007 0008 0009 0006
0018 002E 0011 0012 0013 0010 0011 0012 0013 0010 0011 0012 0013 0010 0011 0012 0013 0010 0011 0012 0013 0010 0011 0012 0013 0010 0011 0012 0013 0010 0011 0012
