ATARI GAUNTLET MOTION OBJECT 16X16 TILEMAP
SOURCE: level-006.png
GRID: 32 X 32
TILE_SIZE: 16 X 16
ATLAS_TILES: 704
UNIQUE_PIXEL_TILES: 101
CONNECTED_OBJECT_GROUPS: 21

0020 0000 0000 0000 0000 0000 0028 0029 002A 002B 002C 0000 0000 0000 0000 002D 002E 002F 0000 0000 0000 0030 0031 0032 0033 0034 0000 0000 0000 0035 0036 0037
0040 0041 0000 0000 0000 0000 0048 0049 004A 004B 004C 0000 0000 0000 0000 004D 004E 004F 0000 0000 0000 0050 0051 0052 0053 0054 0000 0000 0000 0055 0056 0057
0000 0000 0000 0000 0066 0067 0000 0000 0000 0000 0000 0000 0000 0000 0000 0000 0000 0000 0000 0000 0000 0000 0000 0000 0000 0000 0000 0000 0000 0000 0000 0000
0000 0000 0000 0085 0086 0087 0000 0000 0000 0000 0000 0000 0000 0000 0000 0000 0000 0000 0000 0000 0000 0000 0000 0000 0000 0000 0000 0000 0000 0000 0000 0000
0000 0000 00A4 00A5 0000 0000 0000 0000 0000 0000 0000 0000 0000 0000 0000 0000 0000 0000 0000 0000 0000 0000 0000 0000 0000 0000 0000 0000 0000 0000 0000 0000
0000 00C3 00C4 00C5 0000 0000 0000 0000 0000 0000 0000 0000 0000 0000 0000 0000 0000 0000 0000 0000 0000 0000 0000 0000 0000 0000 0000 0000 0000 0000 0000 0000
00E2 0000 0000 0000 0000 0000 0000 0000 0000 0000 0000 0000 0000 0000 0000 0000 0000 0000 0000 0000 0000 0000 0000 0000 0000 0000 0000 0000 0000 0000 0038 0039
0102 0103 0104 0000 0000 0000 0000 0000 0000 0000 0000 0000 0000 0000 0000 0000 0000 0000 0000 0000 0000 0000 0000 0000 0000 0000 0000 0000 0000 0000 0058 0059
0122 0123 0124 0000 0000 0000 0000 0000 0000 0000 0000 0000 0000 0000 0000 0000 0000 0000 0000 0000 0000 0000 0000 0000 0000 0000 0000 0000 0000 0000 0078 0079
0142 0143 0144 0000 0000 0000 0000 0000 0000 0000 0000 0000 0000 0000 0000 0000 0000 0000 0000 0000 0000 0000 0000 0000 0000 0000 0000 0000 0000 0000 0098 0099
0162 0163 0164 0000 0000 0000 0000 0000 0000 0000 0000 0000 0000 0000 0000 0000 0000 0000 0000 0000 0000 0000 0000 0000 0000 0000 0000 0000 0000 0000 0000 0000
0000 0000 0000 0000 0000 0000 0000 0000 0000 0000 0000 003A 003B 003C 0000 0000 0000 0000 0000 003D 003E 003F 0000 0000 0000 0000 0000 0000 0000 0000 0000 0000
0000 0000 0000 0000 0000 0000 0000 0000 0000 0000 0000 005A 005B 005C 0000 0000 0000 0000 0000 005D 005E 005F 0000 0000 0000 0000 0000 0000 0000 0000 0000 0000
0000 0000 0000 0000 0000 0000 0000 0000 0000 0000 0000 0000 0000 0000 0000 0000 0000 0000 0000 0000 0000 0000 0000 0000 0000 0000 0000 0000 0000 0000 0000 0000
0000 0000 0000 0000 0000 0000 0000 0000 0000 0000 0000 0000 0000 0000 0000 0000 0000 0000 0000 0000 0000 0000 0000 0000 0000 0000 0000 0000 0000 0000 0000 0000
0180 0181 0182 0000 0000 0000 0000 0000 0000 0000 0000 0000 0000 0000 0000 0000 0000 0000 0000 0000 0000 0000 0000 0000 0000 0000 0000 0000 0000 0000 0183 0184
01A0 01A1 01A2 0000 0000 0000 0000 0000 0000 0000 0000 0000 0000 0000 0000 0000 0185 0000 0000 0000 0000 0000 0000 0000 0000 0000 0000 0000 0000 0000 01A3 01A4
0000 0000 0000 0000 0000 0000 0000 0000 0000 0000 0000 0000 0000 0000 0000 0000 0000 0000 0000 0000 0000 0000 0000 0000 0000 0000 0000 0000 0000 0000 0000 0000
0000 0000 0000 0000 0000 0000 0000 0000 0000 0000 0000 0000 0000 0000 0000 0000 0000 0000 0000 0000 0000 0000 0000 0000 0000 0000 0000 0000 0000 0000 0000 0000
0000 0000 0000 0000 0000 0000 0000 0000 0000 0000 0000 0186 0187 0188 0000 0000 0000 0000 0000 0189 018A 018B 0000 0000 0000 0000 0000 0000 0000 0000 0000 0000
018C 0000 0000 0000 0000 0000 0000 0000 0000 0000 0000 01A6 01A7 01A8 0000 0000 0000 0000 0000 01A9 01AA 01AB 0000 0000 0000 0000 0000 0000 0000 0000 018F 0190
01AC 0000 0000 0000 0000 0000 0000 0000 0000 0000 0000 0000 0000 0000 0000 0000 0000 0000 0000 0000 0000 0000 0000 0000 0000 0000 0000 0000 0000 0000 01AF 01B0
01CC 0000 0000 0000 0000 0000 0000 0000 0000 0000 0000 0000 0000 0000 0000 0000 0000 0000 0000 0000 0000 0000 0000 0000 0000 0000 0000 0000 0000 0000 01CF 01D0
01EC 01ED 01EE 0000 0000 0000 0000 0000 0000 0000 0000 0000 0000 0000 0000 0000 0000 0000 0000 0000 0000 0000 0000 0000 0000 0000 0000 0000 0000 0000 01EF 01F0
020C 020D 020E 0000 0000 0000 0000 0000 0000 0000 0000 0000 0000 0000 0000 0000 0000 0000 0000 0000 0000 0000 0000 0000 0000 0000 0000 0000 0000 0000 0000 0210
0000 0000 0000 0000 0000 0000 0000 0000 0000 0000 0000 0000 0000 0000 0000 0000 0000 0000 0000 0000 0000 0000 0000 0000 0000 0000 0000 0192 0193 0000 0000 0230
0000 0000 0000 0195 0196 0000 0000 0000 0000 0000 0000 0000 0000 0000 0000 0000 0000 0000 0000 0000 0000 0000 0000 0000 0000 0000 01B1 01B2 01B3 0000 0000 0000
0000 0000 01B4 01B5 01B6 0000 0000 0000 0000 0000 0000 0000 0000 0000 0000 0000 0000 0000 0000 0000 0000 0000 0000 0000 0000 0000 0000 0000 0000 0000 0000 0000
019E 0000 0000 0000 0000 01D7 01D8 0000 0000 0000 0000 0000 0000 0000 0000 0000 0000 0000 0000 0000 0000 0000 0000 0000 0000 0000 0000 0000 0000 0000 0243 0244
01BE 0000 0000 0000 01F6 01F7 01F8 0000 0000 0000 0000 0000 0000 0000 0000 0000 0000 0000 0000 0000 0000 0000 0000 0000 0000 0000 0000 0260 0261 0262 0263 0264
01DE 0000 0000 0000 0000 0000 0000 0219 021A 021B 021C 021D 0000 0000 0000 0245 0246 0247 0000 0000 0248 0249 024A 024B 024C 0000 0000 0280 0281 0282 0283 0284
01FE 0000 0000 0000 0000 0000 0000 0239 023A 023B 023C 023D 0000 0000 0000 0265 0266 0267 0000 0000 0268 0269 026A 026B 026C 0000 0000 0000 0000 0000 02A3 02A4
