ATARI GAUNTLET PLAYFIELD 16X16 TILEMAP
SOURCE: level-044-playfield.png
GRID: 32 X 32
TILE_SIZE: 16 X 16
UNIQUE_TILES: 54

0000 0001 0002 0002 0002 0002 0002 0002 0002 0002 0002 0002 0002 0002 0002 0002 0002 0002 0002 0002 0002 0002 0002 0002 0002 0002 0002 0002 0003 0002 0002 0002
0004 0005 0006 0007 0008 0009 0006 0007 0008 0009 0006 0007 0008 0009 0006 0007 0008 0009 0006 0007 0008 0009 0006 0007 0008 0009 0006 0007 0008 0009 0006 0007
0004 000A 0009 0006 0007 0008 0009 0006 0007 0008 0009 0006 0007 0008 0009 0006 0007 0008 0009 0006 0007 0008 0009 0006 0007 0008 0009 0006 000B 0008 0009 0006
000C 000D 0008 0009 0006 0007 0008 0009 0006 0007 0008 0009 0006 0007 0008 000E 000F 0010 0011 0012 000F 0010 0011 0012 000F 0010 0011 0012 000F 0010 0011 0012
0013 0014 0007 0008 0009 0006 0007 0008 0009 0006 0007 0008 0009 0006 0007 0015 0001 0002 0002 0002 0002 0002 0002 0002 0002 0002 0002 0002 0002 0002 0002 0002
0004 0005 0006 0007 0008 0009 0006 0007 0008 0009 0006 0007 0008 0009 0006 0004 000A 0009 0006 0007 0008 0009 0006 0007 0008 0009 0006 0007 0008 0009 0006 0007
0004 000A 0009 0006 0007 0008 0009 0006 0007 0008 0009 0006 0007 0008 0009 0004 000D 0008 0009 0006 0007 0008 0009 0006 0007 0008 0009 0006 0007 0008 0009 0006
0004 000D 0008 0009 0006 0007 0008 0009 0006 0007 0008 0009 0006 0007 0008 0004 0014 0007 0008 0009 0006 0007 0008 0009 0006 0007 0008 0009 0006 0007 0008 0009
0004 0014 0007 0008 0009 0006 0007 0008 0009 0006 0007 0008 0009 0006 0007 0004 0005 0006 0007 0008 0009 0006 0007 0008 0009 0006 0007 0008 0009 0006 0007 0008
0004 0005 0006 0007 0008 0009 0006 0007 0008 0009 0006 0007 0008 0009 0006 0004 000A 0009 0006 0007 0008 0009 0006 0007 0008 0009 0006 0007 0008 0009 0006 0007
0004 000A 0009 0006 0007 0008 0009 0006 0007 0008 0009 0006 0007 0008 0009 0004 000D 0008 0009 0006 0007 0008 0009 0006 0007 0008 0009 0006 0007 0008 0009 0006
0004 0016 0011 0012 000F 0010 0011 0012 000F 0017 0008 000E 000F 0010 0011 000C 0014 0007 0008 0009 0006 0007 0008 0009 0006 0007 0008 0009 0006 0007 0008 0009
0018 0001 0002 0002 0002 0002 0002 0002 0019 001A 0007 001B 0002 0002 0002 0013 0005 0006 0007 0008 0009 0006 0007 0008 0009 0006 0007 0008 0009 0006 0007 0008
0004 0005 0006 0007 0008 0009 0006 0007 0008 0009 0006 0007 0008 0009 0006 0004 000A 0009 0006 0007 0008 0009 0006 0007 0008 0009 0006 0007 0008 0009 0006 0007
0004 000A 0009 0006 0007 0008 0009 0006 001C 001D 0009 001E 0017 0008 0009 0004 000D 0008 0009 0006 0007 0008 0009 0006 0007 0008 0009 0006 0007 0008 0009 0006
0004 000D 0008 0009 0006 0007 0008 000E 001F 000D 0008 0020 0014 0007 0008 0004 0014 0007 0008 0009 0006 0007 0008 0009 0006 0007 0008 0009 0006 0007 0008 0009
0004 0014 0007 0008 0009 0006 001C 0021 0022 001A 0007 0004 0005 0006 0007 0004 0005 0006 0007 0008 0009 0006 0007 0008 0009 0006 0007 0008 0009 0006 0007 0008
0004 0005 0006 0007 0008 000E 0021 0022 0023 0009 001E 000C 000A 0009 0006 0004 000A 0009 0006 0007 0008 0009 0006 0007 0008 0009 0006 0007 0008 0009 0006 0007
0004 000A 0009 0006 0007 0015 0022 001A 0007 0024 0021 0022 0025 0008 0009 0004 0016 0011 0012 0026 0007 0008 0009 0006 0007 0008 0009 0006 0007 0008 0009 0006
0004 0016 0011 0012 000F 000C 000A 0009 001E 0027 0028 0029 000F 0010 0011 002A 0001 0002 0019 002B 0006 0007 0008 0009 0006 0007 0008 0009 0006 0007 0008 0009
0018 0001 0002 0002 0002 002C 0025 0008 001B 002D 002E 0002 0002 0002 0002 002C 002B 0006 0007 0008 0009 0006 0007 0008 0009 0006 0007 0008 0009 0006 0007 0008
0004 0005 0006 0007 0008 0009 0006 0007 0008 0009 0006 0007 0008 0009 0006 0007 0008 0009 001E 0017 0008 0009 0006 0007 0008 0009 0006 0007 0008 0009 0006 0007
0004 000A 0009 0006 0007 0008 0009 0006 0007 0008 0009 0006 0007 0008 0009 001E 0010 0011 001F 002F 0010 0011 0012 000F 0010 0011 0012 000F 0010 001D 0009 0006
0004 000D 0008 0009 0006 0007 0008 0009 0006 0007 0008 0009 0006 001C 0011 0021 0001 0002 0003 0002 0002 0002 0002 0002 0030 0001 0002 0002 0031 000D 0008 0009
0004 0014 0007 0008 0009 0006 0007 0008 0009 0006 0007 0008 0009 0015 0001 002C 002B 0006 0007 0008 0009 0006 001C 001D 0032 001A 001C 001D 0004 0014 0007 0008
0004 0005 0006 0007 0008 0009 0006 0007 0008 0009 0006 0007 0008 0004 0014 0007 0008 0009 001E 0017 0008 0009 0033 0025 0024 0034 0033 0025 0032 002B 0006 0007
0004 000A 0009 0006 0007 0008 0009 0006 0007 0008 0009 0006 0007 0004 0005 0006 0007 0008 0020 0014 0007 0008 000E 0026 0033 0023 000E 0026 001C 001D 0009 0006
0004 000D 0008 0009 0006 0007 0008 0009 0006 0007 0008 0009 0006 0004 000A 0009 0006 0007 0004 0005 0006 0007 0033 002B 001E 0017 0033 002B 0020 000D 0008 0009
0004 0014 0007 0008 0009 0006 0007 0008 0009 0006 0007 0008 0009 0004 000D 0008 0009 0006 0004 000A 0009 0006 0007 0008 0033 001A 0007 0008 0004 0014 0007 0008
0004 0005 0006 0007 0008 0009 0006 0007 0008 0009 0006 0007 0008 0004 002F 0010 0011 0012 000C 000D 0008 0009 0006 0007 0008 0009 0006 0007 0004 0005 0006 0007
0004 000A 0009 0006 0007 0008 0009 0006 0007 0008 0009 0006 0007 0035 0002 0002 0002 0002 002C 001A 0007 0008 0009 0006 0007 0008 0009 0006 0004 000A 0009 0006
000C 0016 0011 0012 000F 0010 0011 0012 000F 0010 0011 0012 000F 0010 0011 0012 000F 0010 0011 0012 000F 0010 0011 0012 000F 0010 0011 0012 000C 0016 0011 0012
