ATARI GAUNTLET PLAYFIELD 16X16 TILEMAP
SOURCE: level-085-playfield.png
GRID: 32 X 32
TILE_SIZE: 16 X 16
UNIQUE_TILES: 57

0000 0001 0002 0002 0002 0002 0002 0002 0002 0003 0002 0002 0002 0002 0002 0002 0002 0003 0004 0001 0003 0002 0004 0001 0002 0002 0002 0002 0002 0002 0002 0002
0005 0006 0007 0008 0009 000A 0007 0008 0009 000B 0007 0008 0009 000B 0007 000C 000D 000E 000F 0010 0011 0012 0013 0014 000D 000B 0007 0008 0009 000B 0007 0008
0005 0015 000B 0007 0008 000A 000B 0007 0008 0009 000B 0007 0008 0009 000E 0016 0010 0017 0018 0019 0016 001A 000B 0017 0010 0009 000B 0007 0008 0009 000B 0007
0005 001B 001C 001D 001E 000A 001C 001D 001E 001F 001C 001D 001E 001F 0020 0021 001E 001F 001C 0020 0022 001F 001C 001D 001E 001F 001C 001D 0023 0008 0009 000B
0024 0001 0002 0002 0002 0002 0002 0002 0002 0002 0002 0002 0002 0002 0003 0004 0001 0002 0002 0003 0002 0002 0002 0002 0002 0002 0002 0025 0018 0007 0008 0009
0005 0006 0007 0008 0009 000B 0007 0008 0009 000B 0007 0008 0009 000B 0007 0005 0015 000B 0007 0008 0009 000B 0007 0008 0009 000B 0007 0008 0009 000B 0007 0008
0005 0015 000B 0007 0008 0009 000B 0007 0008 0009 000B 0007 0008 0009 000B 0005 0026 0009 000B 0007 0008 0009 000B 0007 0008 0009 000B 0007 0008 0009 000B 0007
0005 0026 0009 000B 0007 0008 0009 000B 0007 0008 0009 000B 0007 0008 0009 0005 0027 0008 0009 000E 0023 0008 0009 000B 0007 0008 0009 000B 0007 0008 0009 000B
0005 0027 0008 0011 001D 001E 001F 001C 001D 001E 0028 0009 000B 0007 0008 0005 0006 0007 0008 0029 0006 0007 0008 0009 000B 0007 0008 0009 000B 0007 0008 0009
002A 0006 0007 002B 0002 0002 0002 0002 0002 002C 0027 0008 0009 000B 0007 0005 0015 000B 0007 0005 0015 000E 0023 000C 000D 000E 0023 000C 000D 000E 0023 000C
002D 0015 000B 0007 0008 0009 000B 0007 0008 0005 0006 0007 0008 0009 000B 0013 0010 0009 000B 0005 001B 0016 002E 0016 0014 0016 002E 0016 0014 0016 002E 002F
002A 0026 0009 000B 0007 0008 0009 000B 0007 0005 0015 000B 0007 0008 0009 000B 0007 0008 0009 0024 0030 0014 0016 002E 0016 0014 0016 002E 0016 0014 0016 002E
002D 0027 0008 0009 000B 0007 0008 0009 000B 0005 0026 0009 000B 0007 0008 0009 000B 0007 0008 0005 0021 0016 0014 0016 002E 0016 0014 0016 002E 0016 0014 002F
002A 0006 0007 0008 0011 0012 0007 0008 0009 0005 0027 0008 0009 000B 0007 0008 0009 000B 0007 0024 0030 002E 0016 0014 0016 002E 0016 0014 0016 002E 0016 0014
0031 0015 000B 0007 0029 0015 000B 0007 0008 0005 0006 0007 0008 0011 001D 001E 001F 001C 001D 002A 001B 0016 002E 0016 0014 0016 002E 0020 001B 0020 0021 0032
0033 0026 0009 000B 0005 0026 0009 000B 0007 0005 0015 000B 0007 0034 0001 0002 0002 0002 0002 0003 0025 0010 0017 0018 0017 0010 002B 0003 0002 0003 0002 0035
0005 0027 0008 0011 000F 0036 0008 0011 001D 002A 0026 0009 000B 0005 0026 0009 000B 0007 0008 0009 000B 0007 0008 0009 000B 0007 0008 0009 000B 0007 0008 0009
0005 0006 0019 0016 001A 000B 0019 002F 0002 0037 0036 0008 0009 0005 0027 0008 0009 000B 0007 0008 0009 000B 0007 0008 0009 000B 0007 0008 0009 000B 0007 0008
0005 0038 0016 0036 0008 0011 0020 0022 001F 001C 001D 001E 001F 002A 0006 0007 0008 0011 001D 001E 001F 001C 001D 001E 001F 001C 001D 001E 0028 0009 000B 0007
0024 0030 001A 000B 0019 002F 0000 0001 0002 0002 0002 0002 0002 002D 0015 000B 0007 0034 0001 0002 0002 0002 0002 0002 0002 0002 0002 0025 0036 0008 0009 000B
0005 0027 0008 0011 0016 0036 0005 0015 000B 0007 0008 0009 000B 0005 0026 0009 000B 0005 0026 0009 000B 0007 0008 0009 000B 0007 0008 0009 000B 0007 0008 0009
0005 0006 0019 0016 001A 000B 0005 0026 0009 000B 0007 000C 000D 0005 0027 0008 0009 0005 0027 0008 0009 000B 0007 0008 0009 000B 0007 0008 0009 000B 0007 0008
002A 0015 0029 0027 0008 0009 0005 0027 0008 0009 000B 0029 0026 0005 0006 0007 0008 0005 0006 0007 000C 001C 001D 001E 001F 001C 001D 001E 001F 001C 001D 001E
002D 0026 0013 0018 0019 0028 0005 0006 0007 0008 0009 0005 0027 0005 0015 000B 0007 0005 0015 000B 0034 0001 0002 0002 0002 0002 0002 0002 0002 0002 0002 0002
0005 0027 0008 0009 0029 0027 0005 0015 000B 0007 0008 0005 0006 0005 0026 0009 000B 0005 0026 0009 0005 0027 0008 0009 000B 0007 0008 0009 000B 0007 0008 0009
0005 0006 0007 000C 000F 0018 0005 0026 0009 000B 0007 0005 0015 0005 0027 0008 0009 0005 0027 0008 0005 0006 0007 0008 0011 0012 0019 001F 000D 000E 0023 0008
0005 0015 000E 0016 0010 0009 0005 0027 0008 0009 000B 0005 0026 0005 0006 0007 0008 0005 0006 0007 0005 0015 000B 0007 0029 0015 002B 0025 0010 0029 0006 0007
0005 001B 0016 0018 0007 0008 0005 0006 0007 0008 0011 000F 0036 0005 0015 000B 0007 0005 0015 000B 0013 0010 0009 000B 0005 0026 0009 000B 0007 0005 0015 000B
0024 0030 0010 0009 000B 0007 0005 0015 000B 0019 0016 001A 000E 000F 0010 0009 000B 0005 0026 0009 000E 0023 0008 0009 0005 0027 0008 0009 000B 0005 0026 0009
0005 0006 0019 001F 001C 001D 000F 0010 0009 0029 0027 000C 0016 0018 0007 0008 0009 0005 0027 0008 0029 0006 0007 0008 0005 0006 0019 001F 000D 0005 0027 0008
0005 0015 002B 0002 0002 0025 0018 0007 0008 0005 0006 0017 0010 0009 000B 0007 0008 0005 0006 0007 0005 0015 000B 0007 0013 001A 002B 0025 0010 0013 0018 0007
002A 001B 001C 001D 001E 001F 001C 001D 001E 002A 0038 001D 001E 001F 001C 001D 001E 002A 0038 001D 002A 001B 001C 001D 001E 001F 001C 001D 001E 001F 001C 001D
