ATARI GAUNTLET PLAYFIELD 16X16 TILEMAP
SOURCE: level-010-playfield.png
GRID: 32 X 32
TILE_SIZE: 16 X 16
UNIQUE_TILES: 62

0000 0001 0002 0003 0003 0003 0003 0003 0004 0001 0003 0004 0001 0003 0003 0003 0003 0003 0003 0002 0003 0003 0003 0003 0003 0004 0005 0003 0003 0004 0001 0003
0006 0007 0008 0009 000A 000B 0008 0009 000C 000D 0008 0006 000E 000F 0010 0011 0012 0013 0014 0011 0012 0013 0015 0009 000A 0016 0017 0009 0018 000C 0017 0009
0006 000E 0019 0014 001A 001B 0013 0014 0011 0012 000B 0006 001C 000A 001D 0003 0003 0003 0003 0003 0003 001E 001F 0015 0020 0021 0013 0014 0011 0012 0013 0015
0006 001C 0022 0001 0002 0003 0003 0003 0004 0023 0024 0006 0025 0026 000E 000F 0010 0011 0027 0019 0015 0009 0026 0007 0008 0022 0001 0003 0003 0004 0023 000D
0006 0025 0006 000E 000F 0010 0028 0018 0006 0025 0009 0006 0007 000C 0029 0027 002A 001E 0029 002B 001F 0015 000C 0021 000B 0006 001C 000A 000B 0006 001C 0018
0006 0007 0006 002C 0027 0026 0025 002D 002E 0007 0008 0006 000E 000F 0020 0029 0012 000B 0020 0029 002B 001F 0015 0026 000E 0006 0025 0026 000E 0006 0025 0009
0006 000E 002F 0023 0030 0006 0007 002A 0031 000E 000F 0006 001C 0018 0019 001D 001E 0021 000B 0026 001C 0026 0007 0006 001C 000C 001F 002E 001C 0006 0007 0008
0006 001C 0006 0007 0008 0006 000E 000F 0006 001C 0018 0006 0025 0009 0026 0007 0008 0026 000E 0006 0025 0006 000E 000C 0017 0009 002A 0031 0025 0006 000E 000F
002E 0025 0006 000E 0019 002E 002C 0027 0006 0025 002D 002E 0032 0014 002E 000E 000F 0006 001C 0006 0007 0006 001C 0018 000F 0008 0009 0006 0007 0006 001C 000A
0031 0007 0006 001C 002A 0000 0023 0030 0006 0007 002A 0000 0001 0003 0033 0030 0018 0006 0025 0006 000E 0006 0025 0009 0018 000F 0008 0006 000E 0006 0025 002A
0006 000E 0006 0025 0009 0006 0007 0008 0006 000E 000F 000C 0030 0018 000F 0008 0009 0006 0007 0006 001C 000C 001F 0015 0009 0018 000F 0006 001C 0006 0007 0008
0006 001C 0006 0034 0015 0006 000E 0019 002E 002C 0012 0013 0014 0011 0012 0013 0014 002E 000E 000C 0035 0028 0020 001F 0015 0009 0018 0006 0025 0006 000E 000F
0006 0025 002F 0023 000D 0006 001C 002A 0000 0001 0003 0003 0003 0003 0004 0001 0003 0031 001C 0018 0020 0035 0028 0020 001F 0014 0011 002E 0007 0006 001C 0018
0006 0007 0006 001C 0018 0006 0025 0009 0006 0007 0008 002D 0027 000F 0006 002C 0012 002E 0025 0009 0018 0020 0035 0028 002A 0003 0003 0033 0024 0006 0025 0009
0006 000E 0006 0025 0009 0006 0007 0008 000C 0024 000F 0026 001C 0018 0036 0003 0003 0033 001F 0015 0009 0018 0020 0017 0009 0018 000F 0008 0009 000C 001F 0015
0006 001C 0006 0007 0008 0006 001B 000B 0010 0011 0012 002E 0037 0011 0012 0013 0014 0028 0020 001F 0014 0011 0012 0013 0014 0011 0012 0013 0014 0028 0026 0007
0006 0025 0006 000E 000F 0036 001E 0021 0038 0001 0003 0000 0001 0003 0004 0001 001E 0035 0028 002A 0003 0003 0003 0003 0003 0004 0001 0003 001E 0017 0006 000E
0006 0007 0006 001C 000A 0013 0015 002A 0031 0007 0008 000C 0024 000F 0006 001C 0018 0020 0035 0028 0018 0019 0015 0009 0018 000C 0017 0009 0018 000F 0006 001C
0006 000E 0006 0025 0022 0023 001F 0015 0006 000E 0019 0014 0011 0027 0006 0025 002D 0027 0020 0035 0011 001A 0034 0014 0011 0012 0013 0014 0011 0012 0016 0017
002E 001C 0006 0007 0006 001C 0020 000D 0006 001C 002A 0004 0023 0030 0006 0007 0026 001C 000A 001D 0003 0002 0004 0001 0003 0003 0003 0003 0003 0039 000E 0019
003A 0025 0006 000E 0006 0025 002D 0012 002E 0025 0009 0006 0007 0008 0006 000E 0006 0037 002B 0024 0019 0015 000C 0024 000F 0008 0009 0018 000F 0006 001C 003B
003C 0007 000C 0030 0006 0007 002A 0003 0033 000D 0008 0006 000E 000F 000C 0030 0036 001E 0017 002D 002B 001F 0014 0011 0012 0013 0015 0009 0018 0006 0025 003D
0006 000E 0019 0015 0006 001B 0013 0014 0011 0012 0013 002E 002C 0012 0013 0014 0011 0012 0013 002B 0030 002A 0003 0003 0003 001E 001F 0014 0028 0006 0034 0015
0006 002C 001A 0007 0036 0004 0001 0003 0003 0003 0003 0002 0003 0003 0004 0001 0003 0003 001E 000D 0008 0009 000A 000B 0010 0028 002A 0039 0025 002F 0023 000D
002F 0001 0033 0024 000F 000C 0030 0018 000F 0008 002D 0027 000F 0008 000C 0024 000F 0010 0028 0018 000F 0010 002B 0021 002B 0017 002D 0016 000D 0006 001C 0018
0006 0007 0010 0011 0012 0013 0014 0011 0012 000B 0026 002C 0012 0013 0014 0011 0012 001A 0037 0028 000A 002B 0017 0026 000E 0019 002B 0029 0027 0006 0025 0009
0006 000E 0022 0001 0003 0004 0001 0003 0039 000E 0036 0003 0003 0003 0004 0001 0003 0002 001E 0035 002B 0024 0019 0016 0029 002B 001F 002B 0030 0006 0007 0008
002E 001C 0006 0007 0010 0016 0021 000B 0006 001C 000A 000B 0008 0009 000C 000D 0008 0009 000A 002B 0017 0009 0026 0007 0020 0030 0020 000D 0008 0006 000E 0019
0031 0025 000C 0024 0020 0017 0020 0021 0016 0035 001A 000E 0019 0014 0011 0012 0013 0014 002B 0024 000F 0010 0016 0021 0013 0014 0011 0012 0013 002E 001C 002A
0006 0007 0008 002D 0012 000B 0010 002B 0021 001D 0031 002C 001D 0003 0003 0003 0003 001E 0017 0009 0018 0020 0017 0022 0001 0003 0003 0003 0003 0031 0025 0009
0006 000E 0019 001D 001E 0024 0020 0017 0020 0024 0036 001E 0030 0018 000F 0008 0009 0018 000F 0010 0028 0018 000F 000C 0030 0018 0019 0015 0009 000C 000D 0008
002E 002C 001A 0034 0014 0011 0012 0013 0014 0011 0012 0013 0014 0011 0012 0013 0014 0011 0012 001A 0037 0011 0012 0013 0014 0011 001A 0034 0014 0011 0012 0013
