ATARI GAUNTLET MOTION OBJECT 16X16 TILEMAP
SOURCE: level-049.png
GRID: 32 X 32
TILE_SIZE: 16 X 16
ATLAS_TILES: 1344
UNIQUE_PIXEL_TILES: 227
CONNECTED_OBJECT_GROUPS: 13

0020 0021 0022 0000 0024 0025 0026 0000 0000 0000 0000 002B 002C 002D 002E 0000 0000 0000 0000 0000 0000 0000 0000 0000 0000 0000 0000 0000 0000 02AA 02AB 02AC
0040 0041 0042 0043 0044 0045 0046 0047 0000 0000 004A 004B 004C 004D 004E 004F 0050 0000 0000 02C0 02C1 02C2 02C3 02C4 02C5 02C6 02C7 02C8 02C9 02CA 02CB 02CC
0060 0061 0062 0063 0064 0065 0066 0067 0068 0069 006A 006B 006C 006D 006E 006F 0070 0000 0000 02E0 02E1 02E2 02E3 02E4 02E5 02E6 02E7 02E8 02E9 02EA 02EB 02EC
0080 0081 0082 0000 0000 0000 0000 0000 0088 0089 008A 008B 008C 008D 008E 008F 0090 0000 0000 0000 0000 0000 0000 0000 0000 0000 0000 0000 0000 0000 0000 0000
00A0 00A1 00A2 0000 00A4 00A5 00A6 00A7 0000 0000 0000 0000 0000 0000 0000 0000 00B0 00B1 00B2 0000 0000 0000 0000 0000 0000 0000 0000 0000 00BC 0000 0000 0000
00C0 00C1 00C2 0000 0000 00C5 00C6 00C7 0000 0000 0000 0000 0000 0000 0000 00CF 00D0 00D1 00D2 00D3 00D4 00D5 00D6 00D7 00D8 00D9 00DA 00DB 00DC 0000 00DE 00DF
00E0 0000 0000 0000 0000 00E5 00E6 00E7 0000 0000 0000 0000 00EC 00ED 00EE 0000 0000 00F1 00F2 00F3 00F4 00F5 00F6 00F7 00F8 00F9 00FA 00FB 00FC 0000 00FE 00FF
0100 0000 0000 0000 0000 0000 0000 0000 0000 0000 0000 0000 010C 010D 010E 010F 0110 0111 0112 0113 0114 0115 0116 0117 0118 0119 011A 011B 011C 011D 011E 011F
0120 0000 0000 0000 0000 0000 0000 0000 0000 0000 0000 0000 0000 0000 012E 012F 0130 0131 0132 0133 0000 0000 0000 0000 0138 0139 013A 013B 0000 013D 013E 013F
0140 0000 0000 0000 0000 0000 0000 0000 0000 02AD 02AE 02AF 0000 0000 014E 014F 0150 0000 0000 0000 0000 0155 0156 0157 0158 0159 015A 015B 0000 0000 015E 015F
0000 0000 0000 0000 0000 0000 0000 0000 0000 02CD 02CE 02CF 0000 0000 0000 0000 0170 0000 0000 0000 0000 0175 0176 0177 0178 0179 017A 017B 017C 017D 017E 017F
0000 0000 0000 0000 0000 0000 0000 0000 0000 0000 0000 0000 0000 0000 0000 0000 0190 0000 0000 0000 0000 0000 0000 0000 0198 0199 019A 019B 019C 019D 019E 019F
0000 0000 0000 0000 0000 0000 0000 0000 0000 0000 0000 0000 0000 0000 01AE 01AF 01B0 01B1 01B2 0000 0000 0000 0000 0000 01B8 01B9 01BA 01BB 01BC 01BD 01BE 0000
0000 0000 0000 0000 0000 02B0 02B1 02B2 0000 0000 0000 0000 0000 0000 0000 0000 0000 0000 0000 01D3 0000 0000 0000 0000 01D8 01D9 01DA 01DB 0000 01DD 01DE 01DF
0000 0000 0000 0000 0000 02D0 02D1 02D2 0000 0000 0000 0000 0308 0000 0000 0000 0000 0000 0000 0000 01F4 0000 0000 01F7 01F8 01F9 01FA 01FB 01FC 01FD 01FE 01FF
0000 0000 0000 0000 0000 0000 0000 0000 0000 0000 0000 0000 0328 0000 0000 0000 0000 0000 0000 0000 0214 0000 0000 0217 0218 0219 021A 021B 021C 0000 0000 0000
0000 0000 0000 0000 0340 0341 0342 0343 0344 0345 0346 0347 0348 0000 0000 0000 030F 0000 0000 0000 0234 0235 0236 0237 0238 0000 0000 0000 023C 023D 023E 0000
0000 0000 0000 0000 0000 0361 0362 0363 0364 0365 0366 0000 0368 0000 0000 0000 0000 0000 0000 0000 0254 0000 0256 0257 0258 0000 0000 025B 0000 0000 0000 0000
0000 0000 0000 0000 0000 0381 0382 0383 0000 0000 0000 0000 0388 0000 0000 0000 0000 0000 0000 0000 0274 0000 0000 0000 0000 0279 027A 027B 0000 0000 0000 0000
0000 0000 0000 0000 0000 0000 0000 0000 0000 0000 0000 0000 0000 03A9 0000 0000 0000 0000 0000 0000 0000 0000 0000 0000 0000 0299 029A 029B 0000 0000 0000 0000
0000 0000 0000 0000 0000 0000 0000 0000 0000 0000 0000 0000 0000 0000 03CA 03CB 03CC 03CD 03CE 0000 0000 0000 0000 0000 0000 0000 0000 0000 0000 0000 0000 0000
0000 0000 0000 0000 0000 0000 0000 0000 0000 0310 0311 0312 0000 0000 0000 0000 03EC 0000 0000 0000 0000 0313 0314 0315 0000 0000 0000 0000 0000 0000 0000 0000
0000 0000 0000 0000 0000 0000 0000 0000 0000 0330 0331 0332 0000 0000 040A 040B 040C 0000 0000 0000 0000 0333 0334 0335 0000 0000 0000 0000 0000 031A 0000 0000
0000 0000 0000 0000 0000 0000 0000 0000 0000 0350 0351 0000 0000 0000 042A 042B 042C 0000 0000 0000 0000 0000 0354 0355 0000 0000 0000 0000 0000 033A 0000 0000
0000 0000 0000 0000 0442 0000 0000 0000 0000 0000 0000 0000 0000 0000 0000 0000 0000 0000 0000 0000 0000 0000 0000 0000 0376 0377 0378 0000 0359 0000 0000 0000
0000 0000 0000 0000 0462 0463 0464 0465 0000 0000 0000 0000 0000 0000 0000 046D 046E 0000 0000 0000 0000 0000 0000 0000 0396 0397 0398 0000 0379 0000 0000 0000
0000 0000 0000 0000 0482 0483 0484 0485 0000 0000 0000 0000 048A 048B 048C 0000 048E 048F 0490 0491 0000 0000 0000 0000 0000 0000 0000 0000 0399 0000 0000 0000
0000 0000 0000 0000 04A2 0000 0000 0000 0000 0000 0000 0000 04AA 04AB 04AC 0000 04AE 04AF 04B0 04B1 0000 0000 0000 0000 0000 0000 0000 0000 03B9 03BA 0000 0000
0000 0000 04C0 04C1 0000 0000 0000 0000 0000 04C7 04C8 04C9 04CA 04CB 0000 0000 0000 0000 0000 0000 0000 0452 0453 0454 0455 0456 0457 0000 0000 0000 0000 0000
0000 0000 04E0 04E1 04E2 04E3 04E4 04E5 0000 04E7 04E8 04E9 04EA 04EB 04EC 04ED 04EE 0000 0000 0000 0000 0472 0473 0474 0475 0476 0477 0000 0000 0000 0000 0000
0458 0000 0500 0501 0502 0503 0504 0505 0506 0507 0508 0509 0000 0000 050C 050D 050E 050F 0510 0511 0000 0492 0493 0494 0000 0000 0000 0000 0000 0000 0459 045A
0478 0000 0520 0521 0522 0523 0524 0525 0526 0527 0000 0000 0000 0000 052C 052D 052E 052F 0530 0531 0000 0000 0000 0000 0000 0000 0000 0000 0000 0000 0479 047A
