ATARI GAUNTLET PLAYFIELD 16X16 TILEMAP
SOURCE: level-039-playfield.png
GRID: 32 X 32
TILE_SIZE: 16 X 16
UNIQUE_TILES: 55

0000 0001 0001 0001 0001 0001 0001 0001 0001 0001 0001 0001 0001 0001 0001 0001 0001 0001 0001 0001 0001 0001 0001 0001 0001 0001 0001 0001 0001 0001 0001 0001
0002 0003 0004 0005 0006 0007 0004 0005 0006 0007 0004 0005 0006 0007 0004 0005 0006 0007 0004 0005 0006 0008 0009 000A 0002 000B 0009 000A 0002 0003 000C 000A
000D 000E 0007 0004 0005 0006 0007 0004 000F 0002 000B 0009 000A 0002 000B 0009 000A 0002 0003 000C 000A 0010 0011 0001 0001 0001 0001 0001 000D 0012 0013 0001
0009 000A 0002 000B 0009 000A 0002 000B 0014 0001 0001 0001 0001 0001 0001 0001 0001 000D 000E 0013 0001 0015 000E 0007 0004 0005 0016 000B 0009 000A 0002 000B
0001 0001 0001 0001 0001 0001 0001 000D 0017 0004 0005 0006 0007 0004 0005 0006 0007 0004 0005 0006 0007 0004 000F 0002 000B 0009 0010 0011 0001 0001 0001 0001
0002 000B 0009 000A 0002 000B 0009 000A 0002 000B 0009 000A 0002 000B 0009 000A 0002 000B 0009 000A 0002 000B 0010 0011 0001 0001 0015 0018 0006 0007 0004 000F
0001 0019 0011 0001 0001 0001 0001 0019 0011 0001 0001 0001 0001 0001 0001 0001 0019 0011 0001 0001 0019 0011 0015 001A 0005 0006 0008 0009 000A 0002 000B 0014
000C 001B 000E 0007 000C 001C 0006 001D 001E 001C 0006 0007 000C 001C 0006 0007 001D 001F 0020 0007 001D 001F 0020 0007 000C 000A 0010 0011 0001 0001 000D 0017
0021 001A 0005 0016 0022 001A 0005 0006 0021 001A 0005 0006 0021 001E 001C 0006 0007 0021 0018 0006 0007 0021 0018 0016 0010 0011 0015 000E 0007 0004 0005 0006
0016 000B 0009 0023 0024 000B 0009 000A 0002 000B 0009 000A 0002 0023 0025 000A 0002 000B 0009 000A 0002 000B 0009 0010 0026 0017 0004 0005 0006 0007 0004 0005
0010 0011 0001 0000 0001 0001 0001 0001 0001 0001 0001 0001 0001 0000 0001 0001 0001 0001 0001 0001 0001 0001 0001 0015 0018 0006 0007 0004 0005 0006 0007 000C
0026 0018 0006 0007 0004 0005 0006 0007 0004 0005 0006 0007 0004 0005 0016 000B 0009 000A 0002 000B 0009 000A 0002 000B 0009 000A 0002 0003 000C 000A 0002 0010
0017 0004 0005 0006 0007 0004 0005 0006 0007 0004 0005 0016 000B 0009 0010 0011 0001 0001 0001 0001 0001 0001 0001 0001 0001 0001 000D 000E 0013 0001 0001 0015
0006 0007 0004 0005 0006 0007 000C 000A 0002 000B 0009 0010 0011 0001 0015 0018 0006 0007 0004 0005 0006 0007 0004 000F 0002 000B 0009 001C 0006 0007 0004 0005
000A 0002 000B 0009 000A 0002 0010 0011 0001 0001 0001 0015 0018 0006 0007 0004 000F 0002 000B 0027 0005 0006 0008 0014 0001 0001 000D 001E 001C 0006 0007 000C
0011 0001 0001 0001 0001 0001 0015 0017 0004 0005 0006 0007 000C 000A 0002 000B 0010 0011 000D 0028 0009 000A 0023 0029 0004 0005 0006 002A 0025 000A 0002 0010
0017 0004 0005 0006 0007 0004 0005 0006 0007 0004 0005 0006 002B 0011 0001 0001 0015 001A 0005 0013 0001 0001 0015 000E 0007 0004 0005 002C 0001 0001 0001 0015
0006 0007 0004 0005 0006 0007 0004 0005 0006 0007 0004 0005 002D 0029 0004 0005 0006 0007 0004 0005 0006 0007 0004 0005 0006 0007 0004 0005 0006 0007 0004 0005
0005 0006 0007 0004 0005 0016 000B 0009 000A 0002 000B 0009 002E 002F 0007 0004 0005 0006 0007 0004 0005 0006 0007 0004 0005 0006 0007 0004 0005 0006 0007 0004
0009 000A 0002 000B 0009 0010 0011 0001 0001 0001 0001 0001 0015 0018 0006 0007 0004 0005 0006 0007 0004 0005 0006 0008 0009 000A 0002 000B 0009 001C 0016 000B
0001 0001 0001 0001 0001 0015 001F 0002 0003 0004 0005 0006 0007 0004 0005 0006 0007 0004 000F 0002 000B 0009 000A 0014 0001 0001 0001 0001 000D 001A 0013 0001
0006 0007 0004 0005 0006 0007 0013 000D 000E 0008 0009 000A 0002 000B 0009 001C 0006 0007 002B 0011 0001 0001 000D 0018 0006 0007 0004 0005 0006 0007 0004 0005
000A 0002 000B 0009 000A 0002 000B 0009 000A 0010 0011 0001 0001 0001 0030 0025 000A 0002 002E 0031 0005 0006 0007 0004 000F 0002 000B 0009 000A 0002 000B 0009
0001 0001 0001 0001 0001 0001 0001 0001 0001 0015 000E 0007 0004 0005 002C 0001 0001 0001 0015 0017 000C 000A 0002 000B 0010 0011 0001 0001 0001 0001 0001 0001
0008 0009 000A 0002 000B 0009 000A 0020 0007 0004 0005 0006 0007 0004 000F 0002 000B 0009 000A 0002 0010 0011 0001 0001 0015 001A 0005 0006 0007 0004 0005 0006
002B 0011 0001 0001 0001 0001 0030 0032 0006 0007 000C 000A 0002 000B 0010 0011 0001 0001 0001 0001 0015 0017 0004 0005 0006 0007 0004 0005 0006 0007 0004 0005
002D 002F 0007 0004 0005 0006 002D 0031 0005 0006 002B 0011 0001 0001 0015 001A 0005 0006 0007 0004 0005 0006 0007 0004 0005 0006 0007 0004 0005 0006 0007 0004
002D 0032 0006 0007 0004 0005 002D 0033 0027 000F 002E 0029 0004 0005 0006 0007 0004 0005 0006 0007 0004 0005 0006 0007 0004 0005 0006 0007 0004 0005 0006 0007
002D 0031 0005 0006 0007 0004 0034 0035 0017 0013 0015 000E 0007 0004 0005 0006 0007 0004 0005 0006 0007 0004 0005 0006 0007 0004 0005 0006 0007 0004 0005 0006
002D 0029 0004 0005 0006 0007 001D 0018 0006 0007 0004 0005 0006 0007 0004 0005 0006 0007 0004 0005 0006 0007 0004 0005 0006 0007 0004 0005 0006 0007 0004 0005
002D 002F 0007 0004 0005 0006 0007 0004 0005 0006 0007 0004 0005 0006 0007 0004 0005 0006 0007 0004 0005 0006 0007 0004 0005 0006 0007 0004 0005 0006 0007 0004
002E 0036 0002 000B 0009 000A 0002 000B 0009 000A 0002 000B 0009 000A 0002 000B 0009 000A 0002 000B 0009 000A 0002 000B 0009 000A 0002 000B 0009 000A 0002 000B
