ATARI GAUNTLET MOTION OBJECT 16X16 TILEMAP
SOURCE: level-012.png
GRID: 32 X 32
TILE_SIZE: 16 X 16
ATLAS_TILES: 1088
UNIQUE_PIXEL_TILES: 222
CONNECTED_OBJECT_GROUPS: 17

0020 0000 0000 0000 0000 0000 0000 0000 0000 0000 0000 0000 0000 0000 0000 0000 0000 0000 0000 0000 0000 0000 0000 0000 0000 0000 0000 0000 0000 0000 002D 002E
0040 0041 0042 0000 0000 0000 0000 0000 0000 0000 0000 0000 0000 002F 0030 0031 0032 0000 0000 0000 0000 0000 0000 0000 0000 0000 0000 0000 0000 0000 004D 004E
0060 0061 0062 0063 0064 0065 0066 0067 0068 0069 006A 006B 0000 004F 0050 0051 0052 0053 0000 0000 0161 0162 0163 0164 0165 0166 0167 0000 0000 0000 0000 0000
0000 0081 0082 0083 0084 0085 0086 0087 0088 0089 008A 008B 0000 0000 0070 0071 0072 0073 0000 0000 0181 0182 0183 0184 0185 0186 0187 0000 0000 0000 0000 0000
0000 00A1 00A2 00A3 00A4 00A5 00A6 00A7 00A8 00A9 0000 0000 0000 0000 0090 0091 0092 0093 0000 01A0 01A1 01A2 0000 01A4 01A5 01A6 01A7 01A8 0000 0000 0000 0000
0000 0000 0000 0000 0000 0000 0000 00C7 00C8 00C9 0000 0000 0000 0000 0000 0000 0000 0000 0000 01C0 01C1 01C2 0000 0000 0000 01C6 01C7 01C8 01C9 0000 0000 0000
0000 0000 0000 0000 0000 0000 0000 00E7 00E8 00E9 0000 0000 0000 0000 0000 0000 0000 0000 0000 0000 0000 0000 0000 0000 0000 01E6 01E7 01E8 01E9 0000 0000 0000
016D 0000 0000 0000 0000 0000 0000 0107 0108 0109 010A 010B 0000 0000 0000 0000 0000 0000 0000 0000 0000 0000 0000 0000 0000 0000 0207 0208 0209 020A 020B 020C
0000 0000 0000 0000 0000 0000 0000 0127 0128 0129 012A 012B 012C 0000 0000 0000 0000 0000 0000 0000 0000 0000 0000 0000 0000 0000 0227 0228 0229 0000 0000 0000
0000 0000 0000 0000 0000 0000 0000 0000 0000 0149 014A 014B 014C 0000 0000 0000 0000 0000 0000 0000 0000 0000 0000 0171 0172 0000 0000 0000 0000 0000 0000 0000
0000 0000 0000 0000 0000 0000 0000 0000 0000 0000 0000 0000 0000 0000 0000 0000 0000 0000 0000 0000 0000 0000 0190 0191 0192 0193 0000 0000 0000 0000 0000 0000
0000 0000 0000 0000 0000 0000 0000 0000 0174 0175 0000 0000 0000 0000 0000 0000 0000 0000 0000 0000 0000 01AF 01B0 01B1 01B2 01B3 0000 0000 0000 0000 0000 0000
0000 0000 0000 0000 0000 0000 0000 0000 0000 0195 0196 0000 0000 0000 0000 0000 0000 0000 0000 0000 01CE 01CF 01D0 01D1 0000 0000 0000 0000 0000 0000 0000 0000
0000 0000 0000 0000 0000 0000 0000 0000 0000 01B5 01B6 01B7 01B8 0000 0000 0000 0000 0000 0000 0000 0000 01EF 01F0 01F1 0000 0000 0000 0000 0000 0000 0000 0000
0000 0000 0000 0000 0000 0000 0000 0000 0000 01D5 01D6 01D7 01D8 0000 0000 0000 0000 0000 0000 0000 0000 0000 0000 0000 0000 017A 017B 017C 0000 0000 0000 0000
0000 0000 0000 0000 0000 0000 0000 0000 0000 0000 0000 0000 0000 0000 0000 0000 0000 0000 0000 0000 0000 0000 0000 0000 0000 019A 019B 019C 019D 0000 0000 0000
0000 0000 0000 0000 0000 0000 0000 0000 0000 0000 0000 0000 0000 0000 0000 0000 017E 0000 0000 0000 0000 0000 0000 0000 01B9 01BA 01BB 01BC 01BD 0000 0000 0000
0000 0240 0241 0242 0000 0000 0000 0000 0000 0000 0000 0000 0000 0000 0000 0000 0000 0000 0000 0000 0000 0000 0000 0000 0000 0000 0000 0000 0000 0000 0000 0000
0000 0260 0261 0262 0000 0000 0000 0000 0000 0000 0000 0000 0000 0000 0000 0000 0000 0000 0000 0000 0000 0000 0000 0000 0000 0000 0000 0000 0000 0000 0000 0000
0000 0280 0281 0282 0000 0000 0000 0243 0244 0245 0000 0000 024B 024C 024D 024E 024F 0250 0251 0000 0000 0000 0000 0000 0000 0000 0000 0253 0254 0255 0000 0000
0000 0000 0000 0000 0000 0000 0000 0263 0264 0265 0000 0000 026B 026C 026D 0000 0000 0000 0000 0000 0000 0000 0000 0000 0000 0000 0272 0273 0274 0275 0000 0000
0000 0000 0000 0000 0000 0000 0000 0000 0000 0000 0000 0000 028B 028C 028D 0000 0000 0000 0000 0000 0000 0000 0000 0000 0000 0000 0292 0293 0294 0295 0296 0000
0000 0000 0000 0000 0000 0000 0000 0000 0000 0000 0000 0000 02AB 02AC 02AD 0000 0257 0258 0259 0000 0000 0000 0000 0000 0000 0000 0000 0000 02B4 02B5 02B6 0000
0000 0000 0000 0000 0000 0000 0000 0000 0000 0000 0000 0000 02CB 02CC 02CD 0000 0277 0278 0279 0000 0000 0000 0000 0000 0000 0000 0000 0000 0000 0000 0000 0000
0000 0000 0000 0000 0000 0000 0000 0000 0000 0000 0000 0000 02EB 02EC 02ED 0000 0000 0000 0000 0000 0000 0000 0000 0000 0000 0000 025B 025C 025D 0000 0000 0000
0000 0000 0000 0000 0000 0000 0000 0000 0000 0000 0000 030A 030B 030C 030D 0000 0000 0000 0000 0000 0000 0000 0000 0000 0000 0000 027B 027C 027D 027E 0000 0000
0000 0000 0000 0000 0000 0000 0000 0326 0327 0328 0000 0000 032B 032C 032D 0000 0000 0000 0000 0000 0000 0000 0000 0000 0000 029A 029B 029C 029D 029E 0000 0000
03E0 03E1 03E2 03E3 03E4 0000 0000 0346 0347 0348 0000 0000 034B 034C 034D 0000 0000 0000 0000 0000 0000 0000 0000 0000 0000 0000 0000 0000 0000 0000 0000 0000
0400 0401 0402 0403 0404 0000 0000 0366 0367 0368 0369 036A 0000 0000 0000 0000 0000 0000 0000 0000 0000 0000 0000 0000 0000 0000 0000 0000 0000 0000 0000 0000
0000 0421 0422 0423 0000 0000 0000 0000 0000 0388 0389 038A 0000 0000 0000 0000 0000 0000 0000 0000 0000 03E6 03E7 03E8 03E9 03EA 0000 0000 0000 0000 0000 0000
0000 0000 0000 0000 0000 0000 0000 0000 0000 03A8 03A9 03AA 0000 0000 0000 0000 0000 0000 0000 0000 0405 0406 0407 0408 0409 040A 040B 0000 0000 0000 0000 0000
0000 0000 0000 0000 0000 0000 0000 0000 03C7 03C8 03C9 03CA 0000 0000 0000 0000 0000 0000 0000 0000 0425 0426 0427 0428 0429 042A 042B 0000 0000 0000 0000 0000
