ATARI GAUNTLET MOTION OBJECT 16X16 TILEMAP
SOURCE: level-010.png
GRID: 32 X 32
TILE_SIZE: 16 X 16
ATLAS_TILES: 1920
UNIQUE_PIXEL_TILES: 332
CONNECTED_OBJECT_GROUPS: 19

0020 0000 0000 0000 0000 0000 0025 0026 0027 0028 0029 002A 0000 0000 0000 0000 0000 0000 0000 0030 0031 0032 0033 0000 0000 0036 0037 0038 0039 003A 003B 003C
0040 0000 0041 0042 0043 0044 0045 0046 0047 0048 0049 004A 004B 004C 004D 0000 0000 003D 0000 0050 0051 0052 0053 0054 0055 0056 0057 0058 0059 005A 005B 005C
0000 0000 0061 0062 0063 0000 0000 0000 0000 0000 0000 006A 006B 006C 006D 0000 0000 0000 0000 0000 0000 0072 0073 0074 0075 0076 0000 0000 0000 0000 0000 007C
003E 0000 0081 0082 0083 0000 0000 0000 0000 0000 0000 008A 008B 008C 0000 0000 0000 0000 0000 0000 0000 0000 0093 0094 0095 0000 0097 0098 0099 009A 009B 009C
005E 0000 00A1 00A2 00A3 0000 0000 0000 0000 0000 0000 00AA 00AB 00AC 00AD 00AE 0000 0000 0242 0243 0244 0000 0000 0000 0000 00B6 00B7 00B8 00B9 00BA 00BB 00BC
007E 0000 0000 0000 0000 0000 0000 0000 0000 0000 0000 0000 0000 00CC 00CD 00CE 00CF 0000 0262 0263 0264 0265 0000 0000 0000 00D6 00D7 00D8 00D9 00DA 00DB 00DC
009E 0000 0000 0000 0000 0000 0000 0000 0000 0000 0000 0000 0000 00EC 0000 0000 0000 0000 0000 0283 0284 0285 0286 0000 0000 00F6 00F7 00F8 00F9 00FA 00FB 00FC
00BE 0000 0000 0000 0000 0000 0000 0000 0000 03A9 03AA 0000 0000 010C 0000 03B7 0000 0000 0000 0000 0000 0000 0000 02A7 0000 0000 0000 0118 0119 011A 011B 011C
0000 0000 0000 0000 0000 0000 0000 0000 03C8 03C9 03CA 03CB 0000 012C 0000 0000 0000 0000 0000 0000 0000 0000 0000 02C7 02C8 02C9 0000 0138 0139 013A 0000 0000
0000 0000 0000 0000 0000 0000 0000 0000 03E8 03E9 03EA 0000 0000 0000 0000 0000 0000 0000 0000 0000 0000 0000 0000 02E7 0000 02E9 0000 0158 0159 015A 015B 015C
0000 0000 0402 0403 0404 0000 0000 0000 0408 0409 040A 0000 0000 0000 0000 0000 0000 0301 0302 0303 0304 0305 0000 0307 0308 0309 0000 0178 0179 017A 0000 0000
0000 0000 0422 0423 0424 0425 0426 0427 0000 0000 0000 0000 0000 0000 0000 0000 0320 0000 0000 0323 0324 0325 0326 0000 0000 0000 0000 0198 0199 019A 0000 0000
0440 0000 0000 0000 0000 0445 0446 0447 0448 0449 044A 044B 044C 044D 044E 0000 0000 0000 0000 0000 0344 0345 0346 0347 0000 0000 0000 01B8 01B9 01BA 0000 01BC
0460 0461 0462 0463 0464 0000 0000 0000 0468 0469 046A 046B 046C 046D 046E 046F 0470 0471 0000 0000 0000 0365 0366 0367 0368 0000 01D7 01D8 01D9 01DA 01DB 01DC
0480 0481 0482 0483 0484 0000 0000 0000 0000 0000 0000 048B 0000 0000 0000 0000 0000 0000 0492 0000 0000 0000 0000 0000 0388 0000 01F7 01F8 01F9 01FA 01FB 01FC
04A0 04A1 04A2 0000 0000 0000 03BA 03BB 03BC 0000 0000 0000 0000 0000 0000 0000 0000 04B1 04B2 0000 0000 0000 0000 0000 0000 0000 0000 0218 0219 021A 021B 021C
04C0 04C1 04C2 0000 03D8 03D9 03DA 03DB 03DC 0000 0000 0000 0000 0000 0000 04CF 04D0 04D1 04D2 0000 0000 0000 0000 0000 0000 0000 0000 0000 0239 023A 023B 023C
04E0 04E1 04E2 0000 03F8 03F9 03FA 03FB 0000 0000 0000 0606 0000 0000 04EE 04EF 04F0 04F1 04F2 0000 0000 0000 0000 0000 0000 0000 0000 0000 0000 0000 0000 0000
0500 0501 0502 0000 0000 0000 0000 0000 0000 0000 0000 0626 0000 0000 0000 0000 0510 0511 0512 0513 0000 0000 0000 0000 0000 0000 0000 0000 0000 060D 060E 060F
0520 0521 0522 0000 0000 0640 0641 0642 0643 0644 0645 0646 0000 0000 0000 0000 0530 0531 0532 0533 0534 0535 0000 0000 0628 0000 0000 062B 0000 062D 062E 062F
0540 0541 0542 0000 0000 0660 0661 0662 0663 0664 0665 0666 0000 0000 0000 0000 0550 0551 0552 0553 0554 0555 0556 0000 0648 0000 0000 064B 0000 064D 064E 064F
0000 0000 0562 0000 0000 0000 0000 0000 0000 0000 0000 0000 0000 0000 0000 0000 0000 0571 0572 0573 0574 0000 0000 0000 0668 0000 066A 066B 066C 066D 066E 066F
0000 0000 0582 0000 0000 0000 0000 0000 0000 0000 0000 0000 0000 0000 0000 0000 0000 0591 0592 0593 0000 0000 0000 0000 0688 0689 068A 0000 0000 068D 068E 068F
0000 0000 05A2 05A3 0000 0000 0000 0000 0000 0612 0613 0614 0000 0000 0000 0000 05B0 05B1 05B2 0000 0000 0000 0000 0000 06A8 06A9 06AA 06AB 0000 06AD 06AE 06AF
0000 0000 0000 0000 05C4 05C5 05C6 0000 0631 0632 0633 0634 0635 0000 0000 0000 05D0 05D1 05D2 0000 0000 0616 0000 06C7 06C8 06C9 06CA 06CB 0000 06CD 06CE 06CF
0000 0000 0000 0000 05E4 05E5 05E6 0000 0651 0652 0653 0654 0655 0000 0000 0000 0000 0000 0000 0000 0000 0000 0000 06E7 06E8 06E9 06EA 0000 0000 0000 0000 0000
0617 0000 0000 0000 0000 0000 0000 0000 0671 0672 0673 0000 0000 0000 0000 0000 0000 0000 0000 0000 0000 0000 0000 0000 0708 0709 070A 070B 0000 0000 0618 0619
0637 0000 0000 0000 0000 0000 0000 0690 0691 0000 0693 0694 0695 0000 0000 0000 0000 0000 0000 0000 0000 0000 0000 0727 0000 0000 0000 0000 0000 0000 0638 0639
0000 0000 0000 0000 0000 0000 0000 06B0 06B1 06B2 06B3 06B4 06B5 0000 061A 0000 0000 0000 0000 0000 0000 0000 0000 0000 0000 0000 0000 0000 0000 0000 0000 0000
0000 0000 0000 0000 0000 0000 0000 06D0 06D1 06D2 06D3 06D4 06D5 0000 0000 0000 061D 061E 061F 0000 0000 0000 0000 0000 0000 0000 0000 0000 0000 0000 0000 0000
0740 0741 0742 0743 0744 0000 0000 0000 0000 0000 0000 0000 0000 0000 0000 063C 063D 063E 063F 0000 0000 0000 0000 0000 0000 0000 0745 0746 0747 0748 0000 0000
0760 0761 0762 0763 0764 0000 0000 0000 0000 0000 0000 0000 0000 0000 065B 065C 065D 065E 065F 0000 0000 0000 0000 0000 0000 0000 0765 0766 0767 0768 0000 0000
