ATARI GAUNTLET PLAYFIELD 16X16 TILEMAP
SOURCE: level-069-playfield.png
GRID: 32 X 32
TILE_SIZE: 16 X 16
UNIQUE_TILES: 47

0000 0001 0002 0002 0002 0002 0002 0002 0002 0002 0002 0003 0002 0002 0002 0002 0002 0002 0002 0002 0002 0003 0002 0002 0002 0002 0002 0002 0002 0002 0002 0002
0004 0005 0006 0007 0008 0009 0006 0007 0008 0009 0006 0007 0008 0009 0006 000A 0008 0009 0006 0007 0008 0009 0006 0007 0008 0009 0006 0007 0008 0009 0006 0007
0004 000B 0009 0006 0007 0008 0009 0006 0007 0008 0009 0006 0007 0008 0009 0006 0007 0008 0009 0006 0007 0008 0009 0006 0007 0008 0009 0006 0007 0008 0009 0006
0004 000C 0008 0009 0006 0007 0008 0009 0006 0007 0008 0009 0006 0007 0008 0009 0006 0007 0008 0009 0006 0007 0008 0009 0006 0007 0008 0009 0006 0007 0008 0009
0004 000D 0007 0008 0009 0006 0007 0008 0009 0006 0007 0008 000E 000F 0007 0008 0009 0006 0007 0008 000E 000F 0010 0011 0009 0006 0007 0008 0009 0006 0007 0008
0004 0012 0013 0014 0015 0016 0006 0010 0015 0017 0013 0018 0019 001A 0006 0007 0008 0009 0006 0007 0019 001A 0019 001B 0008 0009 0006 0007 0008 0009 0006 0007
001C 0001 0002 0002 001D 001E 0009 001F 0002 0002 001D 0020 0007 0008 0009 0006 0007 0008 0009 0006 0007 0008 0009 0006 0007 0008 0009 0006 0007 0008 0009 0006
0004 000C 0008 0009 0006 0007 0008 0009 0006 0007 0008 0009 0006 0007 0008 0009 0006 0007 0008 0009 0006 0007 0008 0009 0006 0007 0008 0009 0006 0007 0008 0009
0004 000D 0007 0008 0009 0006 0007 0008 0009 0006 0010 0011 000E 000F 0010 0011 000E 000F 0010 0011 000E 000F 0007 0008 0009 0006 0007 0008 0009 0006 0007 0008
0004 0005 0006 0007 0008 0009 0006 0007 0008 0009 0019 001B 0019 001A 0019 001B 0019 001A 0019 001B 0019 001A 0006 0007 0008 0009 0006 0007 0008 0009 0006 0007
0004 000B 0009 0006 0007 0008 0009 0006 0007 0008 0009 0006 0007 0008 0009 0006 0007 0008 0009 0006 0007 0008 0009 0006 0007 0008 0009 0006 0007 0008 0009 0006
0004 000C 0008 0009 0006 0007 0008 0009 0021 0014 0015 0016 0006 0007 0008 0009 0006 0007 0008 0009 0006 0007 0022 0016 0006 0007 0008 0009 0006 0007 0008 0009
0004 000D 0007 0008 0009 0006 0007 0008 001F 0002 0023 000B 000E 000F 0010 0011 000E 000F 0010 0011 000E 000F 0024 000B 0009 0006 0007 0008 0009 0006 0007 0008
0004 0005 0006 0007 0008 0009 0006 0007 0008 0009 0004 000C 0019 001A 0019 001B 0019 001A 0019 001B 0019 001A 0004 000C 0008 0009 0006 0007 0008 0009 0006 0007
0004 000B 0009 0006 0007 0008 0009 0006 0007 0008 0004 000D 0007 0008 0009 0006 0007 0008 0009 0006 0007 0008 0004 000D 0007 0008 0009 0006 0007 0008 0009 0006
0004 000C 0008 0009 0006 0007 0008 0009 0006 0007 0004 0005 0006 0007 0008 0009 0006 0007 0008 0009 0006 0007 0004 0005 0006 0007 0008 0009 0006 0007 0008 0009
0004 000D 0007 0008 0009 0006 0007 0008 0009 0006 0004 0025 0016 0021 0018 0022 0016 0021 0018 0022 0016 0021 0026 000B 0009 0006 0007 0008 0009 0006 0007 0008
0004 0005 0006 0007 0008 0009 0006 0007 0008 0009 001C 0027 001E 0019 0020 0019 001E 0019 0020 0019 001E 001F 0028 000C 0008 0009 0006 0007 0008 0009 0006 0007
0004 000B 0009 0006 0007 0008 0009 0006 0007 0008 0004 000D 0007 0008 0009 0006 0007 0008 0009 0006 0007 0008 0004 000D 0007 0008 0009 0006 0007 0008 0009 0006
0004 000C 0008 0009 0021 0014 0015 0016 0006 0007 0004 0005 0006 0007 0008 0009 0006 0007 0008 0009 0006 0007 0004 0005 0006 0007 0008 0009 0006 0007 0008 0009
0004 000D 0007 0008 001F 0002 0023 0025 0017 0013 0026 000B 0009 0006 0007 0008 0009 0006 0007 0008 0009 0006 0004 000B 0009 0006 0007 0008 0009 0006 0007 0008
0004 0012 0013 0014 0011 0009 001C 0001 0002 0002 0028 000C 0008 0009 0006 0007 0008 0009 0006 0007 0008 0009 0004 000C 0008 0009 0006 0007 0008 0009 0006 0007
001C 0001 0002 001D 001B 0008 0029 0020 0007 0008 0004 000D 0007 0008 0009 0006 0007 0008 0009 0006 0007 0008 0004 000D 0007 0008 0009 0006 0007 0008 0009 0006
0004 000C 0008 0009 0006 0007 0008 0009 0006 0007 0004 0005 0006 0007 0008 0009 0006 0007 0008 0009 0006 0007 0004 0005 0006 0007 0008 0009 0006 0007 0008 0009
0004 000D 0007 0008 0009 0006 0007 0008 0009 0006 0004 000B 0009 0006 0007 0008 0009 0006 0007 0008 0009 0006 0004 000B 0009 0006 0007 0008 0009 0006 0007 0008
0004 0005 0006 0007 0008 0009 0006 0007 0008 0009 0004 000C 0008 0009 0006 0007 0008 0009 0006 0007 0008 0009 0004 000C 0008 0009 0006 0007 0008 0009 0006 0007
0004 000B 0009 0006 0007 0008 0009 0006 0007 0008 0004 000D 0007 0022 0016 0021 0018 0022 0016 0021 0018 0008 0004 000D 0007 0008 0009 0006 0007 0008 0009 0006
0004 002A 0015 0017 000F 0007 0008 0009 0006 0007 0004 0012 000F 0019 001E 0019 0020 0019 001E 0019 0020 0010 0026 0005 0006 0007 0008 0009 0006 0007 0008 0009
001C 0001 0002 001D 001A 0006 0007 0008 0009 0006 002B 0023 0005 0006 0007 0008 0009 0006 0007 0008 0009 002C 002D 001E 0009 0006 0007 0008 0009 0006 0007 0008
0004 0005 0006 0007 0008 0009 0006 0007 0008 0009 0006 0004 000B 0009 0006 0007 0008 0009 0006 0007 0008 0004 000D 0007 0008 0009 0006 0007 0008 0009 0006 0007
0004 000B 0009 0006 0007 0008 0009 0006 0007 0008 0009 0004 000C 0008 0009 0006 0007 0008 0009 0006 0007 0004 0005 0006 0007 0008 0009 0006 0007 0008 0009 0006
0026 002A 0015 0017 0013 0014 0015 0017 0013 0014 0015 0026 002E 0014 0015 0017 0013 0014 0015 0017 0013 0026 0025 0017 0013 0014 0015 0017 0013 0014 0015 0017
