ATARI GAUNTLET MOTION OBJECT 16X16 TILEMAP
SOURCE: level-003.png
GRID: 32 X 32
TILE_SIZE: 16 X 16
ATLAS_TILES: 352
UNIQUE_PIXEL_TILES: 56
CONNECTED_OBJECT_GROUPS: 27

0000 0000 0000 0000 0000 0000 0000 0000 0000 0000 0000 0000 0000 0000 0000 0000 0000 0000 0000 0000 0000 0000 0000 0000 0000 0000 0000 0000 0000 0000 0000 0000
0000 0000 0000 0000 0000 0000 0000 0000 0000 0000 0000 0000 0000 0000 0000 0000 0000 0000 0000 0000 0000 0000 0000 0000 0000 0000 0000 0000 0000 0000 0000 0020
0000 0000 0000 0000 0000 0000 0000 0000 0000 0000 0000 0000 0000 0021 0022 0023 0000 0024 0000 0000 0000 0000 0000 0025 0000 0000 0000 0000 0000 0000 0000 0000
0000 0000 0000 0000 0000 0026 0000 0000 0000 0000 0000 0000 0000 0041 0042 0043 0000 0044 0000 0000 0000 0000 0000 0045 0000 0000 0000 0000 0000 0000 0000 0000
0000 0000 0000 0000 0000 0000 0000 0000 0000 0000 0000 0000 0000 0000 0000 0000 0000 0000 0000 0000 0000 0000 0000 0000 0000 0000 0000 0000 0000 0028 0029 0000
0000 0000 0000 0000 0000 0000 0000 0000 0000 0000 0000 0000 0000 0000 0000 0000 0000 0000 0000 0000 0000 002A 002B 002C 0000 0000 0000 0000 0047 0048 0049 0000
0000 0000 0000 0000 0000 0000 0000 0000 0000 0000 0000 0000 0000 0000 0000 0000 0000 0000 0000 0000 0000 004A 004B 004C 004D 004E 004F 0000 0000 0068 0069 0000
0000 0000 0000 0000 0000 0000 0000 0000 0000 0000 0000 0000 0000 0000 0000 0000 0000 0000 0000 0000 0000 0000 0000 0000 006D 006E 006F 0000 0087 0088 0089 0000
0000 0000 0000 0000 0000 0000 0000 0000 0000 0000 0000 0000 0000 0000 0000 0000 0030 0031 0032 0000 0033 0000 0000 0000 0000 0000 0000 0000 0000 0000 0000 0000
0000 0000 0000 0000 0000 0000 0000 0000 0000 0000 0000 0000 0000 0000 0000 0000 0050 0051 0052 0000 0053 0000 0000 0000 0000 0000 0000 0000 0000 0000 0000 0000
0000 0000 0000 0000 0000 0000 0000 0000 0000 0000 0000 0000 0000 0000 0000 0000 0000 0000 0000 0000 0000 0000 0000 0000 0000 0000 0000 0000 0000 0000 0000 0000
0000 0000 0000 0000 0000 0000 0000 0000 0000 0000 0000 0000 0000 0000 0000 0000 0000 0000 0000 0000 0000 0000 0000 0000 0000 0000 0000 0000 0000 0000 0000 0000
0000 0000 0000 0000 0000 0000 0000 0000 0000 0000 0000 0000 0000 0000 0000 0000 0000 0000 0000 0000 0000 0000 0000 0000 0000 0000 0000 0000 0000 0000 0000 0000
0000 0000 0000 0000 0000 0000 0000 0000 0000 0000 0000 0000 0000 0000 0000 0000 0000 0000 0000 0000 0000 0000 0000 0000 0034 0000 0000 0000 0000 0000 0000 0000
0000 0000 0000 0000 0000 0000 0000 0000 0000 0000 0000 0000 0035 0036 0037 0000 0000 0000 0000 0000 0000 0000 0000 0000 0054 0000 0000 0000 0000 0000 0000 0000
0000 0000 0000 0000 0000 0000 0000 0000 0000 0000 0000 0000 0055 0056 0057 0000 0000 0000 0000 0000 0000 0000 0000 0000 0000 0000 0000 0000 0000 0000 0000 0000
0000 0000 0000 0000 0000 0038 0000 0000 0000 0000 0000 0000 0000 0000 0000 0000 0039 0000 0000 0000 0000 0000 0000 0000 0000 0000 0000 0000 0000 0000 0000 0000
0000 0000 0000 0000 0000 0058 0000 0000 0000 0000 0000 0000 0000 0000 0000 0000 0059 0000 0000 0000 0000 0000 0000 0000 0000 0000 0000 0000 0000 0000 0000 0000
0000 0000 0000 0000 0000 0000 0000 0000 0000 0000 003A 003B 003C 0000 0000 0000 0000 0000 0000 00A0 00A1 00A2 0000 00A4 00A5 0000 0000 0000 0000 0000 0000 0000
0000 0000 0000 0000 0000 0000 00A6 0000 0000 0000 005A 005B 005C 0000 0000 0000 0000 0000 0000 00C0 00C1 00C2 00C3 00C4 00C5 0000 0000 0000 0000 00A8 00A9 0000
0000 0000 0000 0000 0000 0000 00C6 0000 0000 0000 0000 0000 0000 007D 0000 0000 0000 0000 0000 0000 0000 0000 0000 0000 0000 0000 0000 0000 00C7 00C8 00C9 0000
0000 0000 0000 0000 0000 0000 0000 0000 0000 0000 0000 0000 0000 009D 0000 0000 0000 0000 0000 0000 0000 0000 0000 0000 0000 0000 0000 0000 0000 0000 0000 0000
0000 0000 0000 0000 0000 0000 0000 0000 0000 0000 0000 0000 0000 0000 0000 0000 0000 0000 0000 0000 0000 0000 0000 0000 0000 0000 0000 0000 0000 0000 0000 0000
0000 0000 0000 0000 00AA 00AB 00AC 0000 0000 0000 0000 0000 0000 0000 0000 0000 0000 0000 0000 0000 0000 0000 0000 0000 0000 00AE 00AF 0000 0000 0000 0000 0000
0000 0000 0000 0000 00CA 00CB 00CC 0000 0000 0000 0000 0000 0000 0000 0000 0000 0000 0000 0000 0000 0000 0000 0000 0000 00CD 00CE 00CF 0000 0000 0000 0000 0000
0000 0000 0000 0000 0000 0000 0000 0000 0000 0000 0000 0000 0000 0000 0000 00B1 00B2 0000 0000 0000 0000 0000 0000 0000 0000 0000 0000 0000 0000 0000 0000 0000
0000 0000 0000 0000 0000 00B4 00B5 0000 0000 00B6 00B7 00B8 0000 0000 00D0 00D1 00D2 0000 0000 0000 0000 0000 0000 0000 0000 0000 0000 0000 0000 0000 0000 0000
0000 0000 0000 0000 00D3 00D4 00D5 0000 0000 00D6 00D7 00D8 0000 0000 0000 0000 0000 0000 0000 0000 0000 0000 0000 0000 0000 0000 0000 0000 0000 0000 0000 0000
0000 0000 0000 0000 0000 0000 0000 0000 0000 0000 0000 0000 0000 0000 0000 0000 0000 0000 0000 0000 00B9 00BA 00BB 00BC 00BD 0000 0000 0000 00BE 0000 0000 0000
0000 0000 0000 0000 0000 0000 0000 0000 0000 0000 0121 0122 0000 0000 0000 0000 0000 0000 0000 0000 00D9 00DA 00DB 00DC 00DD 0000 0000 0000 00DE 0000 0000 0000
0123 0000 0000 0000 0000 0000 0000 0000 0000 0140 0141 0142 0000 0000 0000 0000 0000 0000 0000 0000 0000 0000 0000 0000 0000 0000 0000 0000 00FE 0000 0125 0126
0000 0144 0000 0000 0000 0000 0000 0000 0000 0000 0000 0000 0000 0000 0000 0000 0000 0000 0000 0000 0000 0000 0000 0000 0000 0000 0000 0000 011E 0000 0000 0000
