ATARI GAUNTLET PLAYFIELD 16X16 TILEMAP
SOURCE: level-042-playfield.png
GRID: 32 X 32
TILE_SIZE: 16 X 16
UNIQUE_TILES: 50

0000 0001 0002 0002 0002 0002 0003 0002 0002 0002 0002 0002 0003 0002 0002 0002 0002 0003 0002 0002 0003 0002 0002 0003 0002 0002 0002 0002 0002 0002 0002 0002
0004 0005 0006 0007 0008 0009 0006 0007 000A 000B 0006 0007 000A 000B 0006 0007 000A 000B 0006 0007 000A 000B 0006 0007 000A 000B 000C 000D 000A 000B 0006 0007
0004 000E 000B 0006 000F 000E 000B 0006 0007 000A 000B 0006 0007 0008 0009 0006 0007 000A 000B 0006 0010 0011 000B 0006 0007 000A 000F 0012 0007 000A 000B 0006
0004 0013 000A 000B 0004 0014 0015 0016 0017 0018 0015 0016 0017 0019 001A 0016 0017 0018 0015 0016 0019 0014 0015 0016 0017 0018 001B 001C 0017 000D 000A 000B
0004 0012 0007 000A 001D 0002 0002 0002 0002 0002 0002 0002 0002 0003 0002 0002 0002 0002 0002 0002 0003 0002 0002 0002 0002 0002 0003 0002 001E 0012 0007 000A
0004 0005 0006 0007 000A 000B 0006 0007 000A 000B 0006 0007 000A 000B 0006 0007 000A 000B 0006 0007 000A 000B 0006 0007 000A 000B 0006 0007 0004 0005 0006 0007
0004 001A 0016 0017 0018 0015 0016 0017 0018 0011 000B 0006 0007 000A 000B 000C 0018 0015 0016 0017 0018 0015 0016 0017 0018 0011 000B 0006 0004 000E 000B 0006
001F 0001 0002 0002 0002 0002 0002 0002 0020 0021 000A 000B 0006 0007 000A 0022 0002 0002 0002 0002 0002 0002 0002 0002 001E 0013 000A 000B 0004 0013 000A 000B
0004 0012 0007 000A 000B 0006 0007 000A 000B 0006 0007 000A 0023 0017 0018 0015 0016 0017 0018 0015 0016 0017 000D 000A 0004 0012 0007 000A 0004 0012 0007 000A
0004 0005 0006 0007 000A 000B 0006 0007 000A 000B 000C 000D 0024 0001 0002 0002 0002 0002 0002 0002 0002 001E 0012 0007 0004 0005 0006 0007 0004 0005 0006 0007
0004 000E 000B 0006 0007 000A 000B 0006 0007 000A 0025 0026 0004 000E 000B 0006 0007 000A 000B 0006 0007 0004 001C 0027 0004 000E 000B 0006 0004 000E 000B 0006
0004 0013 000A 000B 0006 0007 000A 000B 0006 0007 000A 000B 0004 0013 000A 000B 0006 0007 000A 000B 0006 001F 0028 0029 0004 0013 000A 000B 0004 0013 000A 000B
0004 0012 0007 000A 000B 0006 0007 000A 000B 0006 0010 0011 0004 0012 0007 000A 000B 0006 0007 000A 000B 0004 0013 000A 0004 0012 0007 000A 0004 0012 0007 000A
0004 0005 0006 0007 000A 000B 0006 0007 000A 000B 0025 0021 002A 0029 0006 0007 000A 000B 0006 0007 000A 0004 002B 000D 0004 0005 0006 0007 0004 0005 0006 0007
0004 000E 000B 0006 0007 000A 000B 0006 0007 000A 000B 0006 0010 0011 000B 0006 0007 000A 000B 0006 0007 001F 0028 0026 0004 000E 000B 0006 0004 000E 000B 0006
0004 0014 0015 0016 0017 0018 0015 0009 0006 0007 0008 0016 0019 0013 000A 000B 0006 0007 000A 000B 0006 0004 000E 000B 0004 0013 000A 000B 0004 0013 000A 000B
001F 0001 0002 0002 0002 0002 001E 001A 0016 0017 002C 0001 002D 0026 0007 000A 000B 0006 0007 000A 000B 0004 0013 000A 0004 0012 0007 000A 0004 0012 0007 000A
0004 0005 0006 0007 000A 000B 001D 0002 0002 0002 002E 0013 000A 000B 0006 0007 000A 000B 0006 0007 000A 0004 0012 0007 0004 0005 0006 0007 0004 0005 0006 0007
0004 000E 000B 0006 0007 000A 000B 002F 0007 000A 0004 0012 0007 000A 000B 0006 0007 000A 000B 0006 0007 0004 0005 0006 0004 000E 000B 0006 0004 000E 000B 0006
0004 0013 000A 0023 0017 0018 0015 0016 0017 0018 001B 001C 0017 0018 0015 0016 0017 0018 0015 0016 0017 001B 001A 0009 0004 0013 000A 000B 0004 0013 000A 000B
0004 0012 0007 0024 0001 0002 0002 0002 0002 0002 0003 0002 0002 0002 0002 0002 0002 0002 0002 0002 0002 0003 0020 0030 0004 0012 0007 000A 0004 0012 0007 000A
0004 0005 0006 0004 000E 000B 0006 0007 000A 000B 0006 0007 000A 000B 0006 0007 000A 000B 0006 0007 000A 000B 0006 0007 0004 0005 0006 0007 0004 0005 0006 0007
0004 000E 000B 0004 0013 0008 0009 0006 0007 000A 000B 0006 0007 000A 000B 0006 0007 000A 000B 0006 0007 000A 000B 0006 0004 000E 000B 0006 0004 000E 000B 0006
0004 0013 000A 0004 0012 000F 001A 0016 0017 0018 0015 0016 0017 0018 0015 0016 0017 0018 0015 0016 0017 0018 0015 0016 001B 0013 000A 000B 0004 0013 000A 000B
0004 0012 0007 0004 0005 001D 0002 0002 0002 0002 0002 0002 0002 0002 0002 0002 0002 0002 0002 0002 0002 0002 0002 0002 002D 0026 0007 000A 0004 0012 0007 000A
0004 0005 0006 0004 000E 000B 0006 0007 000A 000B 0006 0007 000A 000B 0006 0007 000A 000B 0006 0007 000A 000B 0006 0007 000A 000B 0006 0007 0004 0005 0006 0007
0004 000E 000B 0004 0013 000A 000B 0006 0007 000A 000B 0006 0007 000A 000B 0006 0007 000A 000B 0006 0007 000A 000B 0006 0007 000A 000B 0006 0004 000E 000B 0006
0004 0013 000A 0004 002B 0018 0015 0016 0017 0018 0015 0016 0017 0018 0015 0016 0017 0018 0015 0016 0017 0018 0015 0016 0017 0018 0015 0016 001B 0013 000A 000B
0004 0012 0007 001D 0002 0002 0002 0002 0002 0002 0002 0002 0002 0002 0002 0002 0002 0002 0002 0002 0002 0002 0002 0002 0002 0002 0002 0002 002D 0026 0007 000A
0004 001C 0017 0018 0015 0009 000C 0018 0015 0016 0017 000D 0008 0016 0017 0018 0011 0023 0027 0010 0015 0016 0027 0010 0015 0016 0017 0018 0015 0016 0017 000D
001F 0001 0002 0002 0020 0030 0024 0001 0002 0002 0020 0026 0024 0001 0002 0020 0021 000F 0005 0022 0031 0028 0029 0024 0001 0002 0002 0002 0002 0002 0020 0026
001B 0014 0015 0016 0017 0018 001B 001C 0017 0018 0015 0016 001B 0014 0015 0016 0017 001B 001A 0016 001B 0014 0015 001B 002B 0018 0015 0016 0017 0018 0015 0016
