ATARI GAUNTLET MOTION OBJECT 16X16 TILEMAP
SOURCE: level-007.png
GRID: 32 X 32
TILE_SIZE: 16 X 16
ATLAS_TILES: 416
UNIQUE_PIXEL_TILES: 84
CONNECTED_OBJECT_GROUPS: 21

0000 0021 0022 0000 0000 0000 0000 0000 0000 0000 0000 0000 0000 0000 0000 0000 0000 0000 0000 0000 0000 0000 0000 0000 0000 0000 0000 0000 0000 0000 0000 0000
0040 0041 0042 0000 0000 0000 0000 0000 0000 0000 0000 0000 0000 0000 0000 0000 0000 0000 0000 0000 0000 0024 0025 0026 0027 0000 0000 0000 0000 0000 0000 0000
0060 0061 0062 0000 0000 0000 0000 0000 0000 0000 0000 0000 0000 0000 0000 0000 0000 0000 0000 0000 0000 0044 0045 0046 0047 0000 0000 0000 0000 0000 0000 0000
0080 0081 0082 0000 0000 0000 0000 0000 0000 0000 0000 0000 0000 0000 0000 0000 0000 0000 0000 0000 0000 0000 0000 0000 0000 0000 0000 0000 0000 0000 0000 0000
0000 0000 00A2 00A3 0000 0000 0000 0000 0000 0000 0000 0000 0000 0000 0000 0000 0000 0000 0000 0000 0000 0000 0000 0000 0000 0000 0000 0000 0028 0029 002A 0000
0000 00C1 00C2 00C3 0000 0000 0000 0000 0000 0000 0000 0000 0000 0000 0000 0000 0000 0000 0000 0000 0000 0000 0000 0000 0000 0000 0000 0000 0048 0049 004A 0000
0000 00E1 00E2 00E3 0000 0000 0000 0000 0000 002B 002C 002D 0000 0000 0000 0000 0000 0000 0000 0000 0000 0000 0000 0000 0000 0000 0000 0000 0000 0000 0000 0000
0000 0000 0000 0000 0000 002E 002F 0030 0000 004B 004C 004D 0000 0000 0000 0000 0000 0000 0000 0000 0000 0031 0032 0033 0034 0035 0000 0000 0000 0000 0000 0000
0000 0000 0000 0000 0000 004E 004F 0050 0000 0000 0000 0000 0000 0000 0000 0000 0000 0000 0000 0000 0000 0051 0052 0053 0054 0055 0000 0000 0000 0000 0000 0000
0000 0000 0000 0000 0000 0000 0000 0000 0000 0000 0000 0000 0000 0000 0000 0000 0000 0000 0000 0000 0000 0000 0000 0000 0000 0000 0000 0000 0000 0036 0000 0000
0000 0000 0000 0000 0000 0000 0000 0000 0000 0000 0000 0000 0000 0000 0000 0000 0000 0000 0000 0000 0000 0000 0000 0000 0000 0000 0000 0000 0000 0000 0000 0000
0000 0037 0038 0039 0000 0000 0000 0000 0000 0000 0000 0000 003B 003C 003D 003E 003F 0000 0000 0000 0000 0000 0000 0000 0000 0000 0000 0000 0000 0000 0000 0000
0000 0057 0058 0059 0000 0000 0000 0000 0000 0000 0000 005A 005B 005C 005D 005E 005F 0000 0000 0000 0000 0000 0000 0000 0000 0000 0000 0000 0000 0000 0000 0000
0000 0000 0000 0000 0000 0000 0000 0000 0000 0000 0000 0000 0000 0000 0000 0000 0000 0000 0000 0000 0101 0102 0000 0103 0104 0105 0000 0000 0000 0000 0000 0000
0000 0000 0000 0107 0108 0000 0000 0000 0000 0000 0000 0000 0000 0000 0000 0000 0000 0000 0000 0120 0121 0122 0000 0123 0124 0125 0000 0000 0000 0000 0000 0000
0000 0000 0126 0127 0128 0000 0000 0000 0000 0000 0000 0109 010A 010B 0000 0000 0000 0000 0000 0000 0000 0000 0000 0000 0000 0000 0000 0000 0000 0000 0000 0000
0000 0000 0000 0000 0000 0000 0000 0000 0000 0000 0000 0129 012A 012B 0000 0000 0000 0000 0000 0000 0000 0000 0000 0000 0000 0000 0000 0000 0000 0000 0000 0000
0000 0000 0000 0000 0000 0000 0000 0000 0000 0000 0000 0000 0000 0000 0000 0000 0000 0000 0000 0000 0000 0000 0000 0000 0000 0000 0000 0000 0000 0000 0000 0000
0000 0000 0000 0000 0000 0000 0000 0000 0000 0000 0000 0000 0000 0000 0000 0000 0000 0000 010C 0000 0000 0000 0000 0000 0000 0000 0000 0000 0000 0000 0000 0000
0000 0000 0000 010D 0000 0000 0000 0000 0000 0000 0000 0000 0000 0000 0000 0000 0000 0000 012C 0000 0000 0000 0000 0000 0000 0000 0000 0000 0000 0000 0000 0000
0000 0000 0000 012D 0000 0000 0000 0000 0000 0000 0000 0000 0000 0000 0000 0000 0000 0000 0000 0000 0000 0000 0000 0000 0000 0000 0000 0000 0000 0000 0000 0000
0000 0000 0000 0000 0000 0000 0000 0000 0000 0000 0000 0000 0000 010E 010F 0110 0000 0000 0000 0000 0000 0000 0000 0000 0000 0000 0111 0000 0000 0000 0000 0000
0000 0000 0000 0000 0000 0000 0000 0000 0000 0000 0000 0000 0000 012E 012F 0130 0000 0000 0000 0000 0000 0000 0000 0000 0000 0000 0131 0000 0112 0113 0114 0000
0000 0000 0000 0000 0000 0000 0000 0000 0000 0000 0000 0000 0000 0000 0000 0000 0000 0000 0000 0000 0000 0000 0000 0000 0000 0000 0000 0000 0132 0133 0134 0000
0000 0000 0000 0000 0000 0000 0000 0000 0000 0000 0000 0000 0000 0000 0000 0000 0000 0000 0000 0000 0000 0000 0000 0000 0000 0000 0000 0000 0000 0000 0000 0000
0000 0000 0000 0000 0000 0000 0000 0000 0000 0000 0000 0000 0000 0000 0000 0000 0000 0000 0000 0000 0000 0000 0000 0000 0000 0000 0000 0000 0000 0000 0000 0000
0000 0000 0000 0000 0000 0000 0000 0000 0000 0000 0000 0000 0000 0000 0000 0000 0000 0000 0000 0000 0000 0000 0000 0000 0000 0000 0000 0000 0000 0000 0000 0000
0115 0116 0000 0000 0000 0000 0000 0000 0000 0000 0000 0000 0000 0000 0000 0000 0117 0000 0000 0000 0000 0000 0000 0000 0000 0000 0000 0000 0000 0000 0118 0119
0135 0136 0000 0000 0000 0000 0000 0000 0000 0000 0000 0000 0000 0000 0000 0000 0000 0000 0000 0000 0000 0000 0000 0000 0000 0000 0000 0000 0000 0000 0138 0139
0155 0000 0000 0000 0000 0000 0000 0000 0000 0000 0000 0000 0000 0000 0000 0000 0000 0000 0000 0000 0000 0000 0000 0000 0000 0000 0000 0000 0000 0000 0158 0159
0175 0000 0000 0000 0000 0000 0000 0000 0000 0000 0000 0000 0000 0000 0000 0000 0000 0000 0000 0000 0000 0000 0000 0000 0000 0000 0000 0000 0000 0000 0178 0179
0195 0000 0000 0000 0000 0000 0000 0000 0000 0000 0000 0000 0000 0000 0000 0000 0000 0000 0000 0000 0000 0000 0000 0000 0000 0000 0000 0000 0000 0000 0198 0199
