ATARI GAUNTLET PLAYFIELD 16X16 TILEMAP
SOURCE: level-114-playfield.png
GRID: 32 X 32
TILE_SIZE: 16 X 16
UNIQUE_TILES: 32

0000 0001 0002 0002 0002 0002 0002 0002 0002 0002 0002 0002 0002 0002 0002 0002 0002 0002 0002 0002 0002 0002 0002 0002 0002 0002 0002 0002 0002 0002 0002 0002
0003 0004 0005 0006 0007 0008 0005 0006 0007 0008 0005 0006 0007 0008 0005 0006 0007 0009 000A 0006 0007 0008 0005 0006 0007 0008 0005 0006 0007 0008 0005 0006
0003 000B 0008 0005 0006 0007 0008 0005 0006 0007 0008 0005 0006 0007 0008 0005 0006 000C 0004 0005 0006 0007 0008 0005 0006 0007 0008 0005 0006 0007 0008 0005
0003 000D 0007 0008 0005 0006 0007 0008 0005 0006 0007 0008 0005 0006 0007 0008 0005 0003 000B 0008 0005 0006 0007 0008 0005 0006 0007 0008 0005 0006 0007 0008
0003 000E 0006 0007 0008 0005 0006 0007 0008 0005 0006 0007 0008 0005 0006 0007 0008 0003 000D 0007 0008 0005 0006 0007 0008 0005 0006 0007 0008 0005 0006 0007
0003 0004 0005 0006 0007 0008 0005 0006 0007 0008 0005 0006 0007 0008 0005 0006 0007 0003 000E 0006 0007 0008 0005 0006 0007 0008 0005 0006 0007 0008 0005 0006
0003 000B 0008 0005 0006 0007 0008 0005 0006 0007 0008 0005 0006 0007 0008 0005 0006 0003 000F 0010 0011 0012 0013 0010 0011 0012 0013 0010 0011 0012 0014 0005
0003 000D 0007 0008 0005 0006 0007 0008 0005 0006 0007 0008 0005 0006 0007 0008 0005 0015 0001 0002 0002 0002 0002 0002 0002 0002 0002 0002 0002 0016 0017 0008
0003 000E 0006 0007 0008 0005 0006 0007 0008 0005 0006 0007 0008 0005 0006 0007 0008 0003 000D 0007 0008 0005 0006 0007 0008 0005 0006 0007 0008 0005 0006 0007
0003 0004 0005 0006 0007 0008 0005 0006 0007 0008 0005 0006 0007 0008 0005 0006 0007 0003 000E 0006 0007 0008 0005 0006 0007 0008 0005 0006 0007 0008 0005 0006
0003 000B 0008 0005 0006 0007 0008 0005 0006 0007 0008 0005 0006 0007 0008 0005 0006 0003 0004 0005 0006 0007 0008 0005 0006 0007 0008 0005 0006 0007 0008 0005
0003 000D 0007 0008 0005 0006 0007 0008 0005 0006 0007 0008 0005 0006 0007 0008 0005 0003 000B 0008 0005 0006 0007 0008 0005 0006 0007 0008 0005 0006 0007 0008
0003 000E 0006 0007 0008 0005 0006 0007 0008 0005 0006 0007 0008 0005 0006 0007 0008 0003 000D 0007 0008 0005 0006 0007 0008 0005 0006 0007 0008 0005 0006 0007
0018 0004 0005 0006 0007 0008 0005 0006 0007 0008 0005 0006 0007 0008 0005 0006 0007 0003 000E 0006 0019 0013 0010 0011 0012 0013 0010 0011 0012 0013 0010 0011
001A 000B 0008 0005 0006 0007 0008 0005 0006 0007 0008 0005 0006 0007 0008 0005 0006 0003 0004 0005 001B 0002 0002 0002 0002 0002 0002 0002 0002 0002 0002 0002
0003 000D 0007 0008 0005 0006 0007 0008 0005 0006 0007 0008 0005 0006 0007 0008 0005 0003 000B 0008 0005 0006 0007 0008 0005 0006 0007 0008 0005 0006 0007 0008
0003 000E 0006 0007 0008 0005 0006 0007 0008 0005 0006 0007 0008 0005 0006 0007 0008 0003 000D 0007 0008 0005 0006 0007 0008 0005 0006 0007 0008 0005 0006 0007
0003 0004 0005 0006 0007 0008 0005 0006 0007 0008 0005 0006 0007 0008 0005 0006 0007 0003 000E 0006 0007 0008 0005 0006 0007 0008 0005 0006 0007 0008 0005 0006
0003 000B 0008 0005 0006 0007 0008 0005 0006 0007 0008 0005 0006 0007 0008 0005 0006 0003 0004 0005 0006 0007 0008 0005 0006 0007 0008 0005 0006 0007 0008 001C
0003 000D 0007 0008 0005 0006 0007 0008 0005 0006 0007 0008 0005 0006 0007 0008 0005 0003 000B 0008 0005 0006 0007 0008 0005 0006 0007 0008 0005 0006 0007 0008
0018 000E 0006 0007 0008 0005 0006 0007 0008 0005 0006 0007 0008 0005 0006 0007 0008 0003 000D 0007 0009 0010 0011 0012 0013 0010 0011 0012 0013 0010 0011 0012
001A 0004 0005 0006 0007 0008 0005 0006 0007 0008 0005 0006 0007 0008 0005 0006 0007 0003 000E 0006 001B 0002 0002 0002 0002 0002 0002 0002 0002 0002 0002 0002
0003 000B 0008 0005 0006 0007 0008 0005 0006 0007 0008 0005 0006 0007 0008 0005 0006 0003 0004 0005 0006 0007 0008 0005 0006 0007 0008 0005 0006 0007 0008 0005
0003 000D 0007 0008 0005 0006 0007 0008 0005 0006 0007 0008 0005 0006 0007 0008 0005 0003 000B 0008 0005 0006 0007 0008 0005 0006 0007 0008 0005 0006 0007 0008
0003 000E 0006 0007 0008 0005 0006 0007 0008 0005 0006 0007 0008 0005 0006 0007 0008 0003 000D 0007 0008 0005 0006 0007 0008 0005 0006 0007 0008 0005 0006 0007
0003 0004 0005 0006 0007 0008 0005 0006 0007 0008 0005 0006 0007 0008 0005 0006 0007 0003 000E 0006 0007 0008 0005 0006 0007 0008 0005 0006 0007 0008 0005 0006
0003 000B 0008 0005 0006 0007 0008 0005 0006 0007 0008 0005 0006 0007 0008 0005 0006 0003 000F 0010 0011 0012 0013 0010 0011 0012 0013 0010 0011 0012 0014 0005
0003 000D 0007 0008 0005 0006 0007 0008 0005 0006 0007 0008 0005 0006 0007 0008 0005 0015 0001 0002 0002 0002 0002 0002 0002 0002 0002 0002 0002 0016 0017 0008
0003 000E 0006 0007 0008 0005 0006 0007 0008 0005 0006 0007 0008 0005 0006 0007 0008 0003 000D 0007 0008 0005 0006 0007 0008 0005 0006 0007 0008 0005 0006 0007
0003 0004 0005 0006 0007 0008 0005 0006 0007 0008 0005 0006 0007 0008 0005 0006 0007 0003 000E 0006 0007 0008 0005 0006 0007 0008 0005 0006 0007 0008 0005 0006
0003 000B 0008 0005 0006 0007 0008 0005 0006 0007 0008 0005 0006 0007 0008 0005 0006 001D 001E 0005 0006 0007 0008 0005 0006 0007 0008 0005 0006 0007 0008 0005
0018 001F 0012 0013 0010 0011 0012 0013 0010 0011 0012 0013 0010 0011 0012 0013 0010 0011 0012 0013 0010 0011 0012 0013 0010 0011 0012 0013 0010 0011 0012 0013
