ATARI GAUNTLET MOTION OBJECT 16X16 TILEMAP
SOURCE: level-016.png
GRID: 32 X 32
TILE_SIZE: 16 X 16
ATLAS_TILES: 1312
UNIQUE_PIXEL_TILES: 291
CONNECTED_OBJECT_GROUPS: 10

0000 0000 0000 0000 0000 0000 0000 0000 0028 0000 0000 0000 0000 002D 0000 0000 0000 0000 0000 0000 0000 0035 0000 0000 0000 0000 0000 0000 0000 0000 0000 0000
0040 0041 0000 0000 0000 0000 0000 0047 0048 0049 0000 0000 004C 004D 0000 0000 0000 0000 0000 0000 0054 0055 0056 0000 0000 0000 0000 0000 0000 0423 0424 0425
0060 0061 0000 0000 0000 0000 0066 0067 0068 0069 006A 0000 006C 0000 0000 0000 0000 0000 0072 0000 0074 0075 0076 0077 0000 0000 0426 0000 0000 0443 0444 0445
0080 0081 0000 0000 0000 0000 0086 0087 0088 0089 008A 008B 0000 0000 0000 008F 0090 0091 0092 0000 0094 0095 0096 0097 0000 0000 0446 0000 0000 0463 0464 0465
00A0 00A1 0000 00A3 00A4 00A5 0000 00A7 00A8 00A9 00AA 00AB 00AC 0000 0000 00AF 0000 00B1 00B2 0000 00B4 00B5 00B6 00B7 00B8 0000 0000 0000 0482 0483 0484 0485
00C0 00C1 00C2 00C3 00C4 00C5 0000 0000 00C8 00C9 00CA 00CB 00CC 0000 0000 00CF 00D0 00D1 00D2 0000 0000 00D5 00D6 00D7 00D8 0000 0000 04A1 04A2 04A3 04A4 04A5
00E0 00E1 00E2 00E3 00E4 00E5 00E6 0000 0000 0000 00EA 00EB 00EC 0000 0000 0000 0000 0000 0000 00F3 0000 0000 00F6 0000 0000 0000 04C0 04C1 04C2 04C3 04C4 04C5
0100 0101 0102 0103 0104 0105 0106 0000 0000 0000 010A 010B 010C 010D 010E 010F 0000 0111 0112 0113 0000 0000 0116 0000 0000 0000 04E0 04E1 04E2 04E3 04E4 04E5
0120 0121 0122 0123 0124 0125 0126 0000 0000 0000 0000 0000 012C 012D 012E 012F 0000 0131 0132 0133 0134 0135 0000 0000 0000 0000 0000 0000 0000 0000 0000 0505
0000 0000 0000 0000 0000 0000 0000 0147 0148 0149 014A 0000 014C 014D 014E 0000 0000 0000 0152 0153 0154 0155 0156 0157 0158 0000 015A 015B 0000 0000 0000 0000
0427 0000 0429 042A 0000 0000 0166 0167 0168 0169 016A 016B 016C 0000 0000 0000 0000 0000 0000 0173 0174 0175 0176 0177 0178 0179 017A 017B 0000 0000 0000 042C
0447 0448 0449 044A 0000 0000 0186 0187 0188 0189 018A 018B 018C 018D 0000 0000 0000 0000 0000 0193 0194 0195 0196 0197 0198 0199 019A 019B 0000 0000 044B 044C
0000 0000 0000 0000 0000 0000 01A6 01A7 01A8 01A9 01AA 01AB 0000 01AD 01AE 01AF 0000 01B1 01B2 01B3 0000 01B5 01B6 01B7 01B8 01B9 01BA 01BB 0000 0000 0000 0000
0000 0000 0000 0000 0000 0000 01C6 01C7 01C8 01C9 01CA 0000 0000 01CD 01CE 01CF 0000 01D1 01D2 01D3 0000 0000 01D6 01D7 01D8 01D9 01DA 01DB 0000 0000 0000 0000
0000 0000 042D 0000 0000 0000 01E6 01E7 01E8 01E9 0000 0000 0000 01ED 01EE 01EF 0000 01F1 01F2 01F3 0000 0000 0000 01F7 01F8 01F9 01FA 01FB 0000 0000 0000 042E
0000 0000 0000 0000 0000 0205 0206 0207 0208 0209 0000 0000 0000 0000 0000 0000 0210 0000 0000 0000 0000 0000 0000 0217 0218 0219 021A 021B 021C 021D 0000 0000
0000 0000 0000 0000 0224 0225 0226 0227 0228 0229 022A 0000 0000 022D 022E 022F 0000 0231 0232 0233 0000 0000 0236 0237 0238 0239 023A 023B 023C 023D 023E 0000
0000 0000 0000 0243 0244 0245 0000 0000 0248 0249 024A 024B 024C 024D 024E 024F 0000 0251 0252 0253 0254 0255 0256 0257 0258 0259 025A 025B 025C 025D 025E 025F
0000 0000 0262 0263 0264 0000 0000 0000 0000 0269 026A 026B 026C 026D 026E 026F 0000 0271 0272 0273 0274 0275 0276 0277 0278 0279 027A 027B 027C 027D 027E 027F
0000 0000 0000 0000 0000 0000 0000 0000 0000 0000 028A 028B 028C 0000 0000 0000 0000 0000 0000 0000 0294 0295 0296 0297 0298 0299 029A 029B 029C 0000 0000 0000
0000 0000 0000 0000 0000 0000 0000 0000 0000 0000 0000 0000 0000 02AD 02AE 02AF 02B0 02B1 02B2 02B3 0000 02B5 02B6 02B7 02B8 02B9 0000 02BB 02BC 0000 0000 0000
0000 0000 0000 0000 0000 0000 0000 0000 0000 0000 0000 0000 0000 02CD 02CE 02CF 02D0 02D1 02D2 02D3 0000 0000 02D6 02D7 02D8 02D9 02DA 02DB 02DC 02DD 0000 0000
0000 0000 0000 0000 0000 0000 0000 0000 0000 0000 0000 0000 0000 02ED 02EE 02EF 02F0 02F1 02F2 02F3 0000 0000 0000 02F7 02F8 02F9 02FA 02FB 02FC 02FD 0000 0000
0000 0000 0000 0000 0000 0000 0000 0000 0000 0000 0000 0000 0000 030D 030E 030F 0310 0311 0312 0313 0000 0000 0000 0000 0318 0319 031A 031B 0000 0000 0000 0000
0000 0000 0000 0000 0000 0000 0000 0000 0000 0000 0000 0000 0000 032D 032E 032F 0330 0331 0332 0333 0000 0000 0000 0000 0000 0000 0000 0000 0000 0430 0431 0000
0000 0000 0000 0000 0000 0000 0000 0000 0000 0000 0000 0000 0000 034D 034E 034F 0350 0351 0352 0353 0000 0000 0000 0000 0000 0000 0000 0000 044F 0450 0451 0000
0000 0000 0000 0000 0000 0000 0000 0000 0000 0000 0000 0000 0000 036D 036E 036F 0370 0371 0372 0373 0000 0000 0000 0000 0000 0000 0000 0000 0000 0000 0000 0000
0432 0433 0000 0000 0000 0000 0000 0000 0000 0000 0000 0000 0000 0000 038E 038F 0390 0391 0392 0000 0000 0000 0000 0000 0000 0000 0000 0000 0000 0000 0000 0000
0452 0453 0000 0000 0000 0000 0000 0000 0000 0000 0000 0000 0000 03AD 03AE 03AF 03B0 03B1 03B2 03B3 0000 0000 0000 0000 0000 0000 0000 0000 0000 0000 0000 0435
0472 0473 0000 0000 0000 0000 0000 0000 0000 0000 0000 0000 03CC 03CD 03CE 03CF 03D0 03D1 03D2 03D3 03D4 0000 0000 0000 0000 0000 0000 0000 0000 0000 0454 0455
0492 0493 0000 0000 0000 0000 0000 0000 0000 0000 0000 03EB 03EC 03ED 03EE 03EF 03F0 03F1 03F2 03F3 03F4 03F5 0000 0000 0000 0000 0000 0000 0000 0000 0000 0475
04B2 04B3 0000 0000 0000 0000 0000 0000 0000 0000 040A 040B 040C 040D 040E 040F 0410 0411 0412 0413 0414 0415 0000 0000 0000 0000 0000 0000 0000 0000 0000 0495
