ATARI GAUNTLET MOTION OBJECT 16X16 TILEMAP
SOURCE: level-064.png
GRID: 32 X 32
TILE_SIZE: 16 X 16
ATLAS_TILES: 1312
UNIQUE_PIXEL_TILES: 277
CONNECTED_OBJECT_GROUPS: 13

0020 0000 0022 0023 0024 0000 0000 0027 0000 0000 0000 0000 0000 0000 0000 0000 0000 0000 0000 0000 0000 0000 0000 0000 0038 0039 003A 003B 003C 003D 003E 003F
0040 0041 0042 0043 0044 0000 0000 0047 0000 0000 0000 0000 0000 0000 0000 0000 0000 0000 0000 0000 0000 0000 0000 0000 0058 0059 005A 005B 005C 005D 005E 005F
0060 0061 0062 0000 0064 0065 0066 0067 0000 0000 0000 0000 0000 0000 0000 0000 0420 0000 0000 0000 0000 0000 0000 0000 0078 0079 007A 007B 007C 007D 007E 007F
0080 0081 0082 0000 0084 0085 0086 0087 0088 0000 0000 0000 0000 0000 0000 0000 0000 0000 0000 0093 0000 0000 0000 0097 0098 0099 009A 009B 009C 009D 009E 009F
00A0 00A1 00A2 00A3 00A4 00A5 00A6 00A7 00A8 0000 0000 0000 00AC 00AD 00AE 00AF 00B0 00B1 00B2 00B3 00B4 00B5 0000 00B7 00B8 00B9 0000 0000 00BC 00BD 00BE 00BF
00C0 00C1 00C2 00C3 00C4 00C5 00C6 00C7 00C8 0000 0000 0000 00CC 00CD 00CE 0000 0000 0000 0000 0000 0000 00D5 00D6 00D7 00D8 00D9 0000 0000 00DC 0000 0000 0000
00E0 00E1 00E2 00E3 00E4 00E5 00E6 0000 0000 0000 0000 0000 0000 0000 0000 0000 0000 0000 0000 00F3 00F4 00F5 0000 0000 0000 0000 0000 0000 00FC 00FD 00FE 00FF
0000 0101 0102 0103 0104 0105 0106 0000 0000 0000 0000 0000 0000 010D 0000 0000 0000 0000 0000 0113 0114 0115 0000 0117 0000 0000 0000 0000 011C 011D 011E 011F
0120 0121 0122 0123 0124 0125 0126 0127 0128 0129 012A 012B 012C 012D 012E 0000 0130 0131 0132 0000 0000 0135 0136 0137 0138 0139 013A 013B 013C 013D 0000 0000
0000 0000 0000 0000 0144 0145 0146 0147 0148 0149 0000 0000 0000 0000 0000 0000 0150 0151 0152 0000 0000 0155 0000 0000 0000 0000 0000 015B 015C 015D 0000 0000
0160 0161 0162 0000 0164 0165 0166 0167 0168 0169 016A 016B 016C 0000 0000 0000 0000 0000 0000 0173 0174 0175 0176 0177 0000 0000 0000 0000 0000 0000 0000 0000
0000 0181 0182 0183 0184 0185 0186 0187 0188 0189 018A 018B 018C 0000 0000 018F 0000 0000 0000 0193 0194 0195 0196 0197 0000 0000 0000 0000 0000 019D 0000 0000
0000 01A1 01A2 01A3 01A4 01A5 01A6 01A7 01A8 01A9 01AA 01AB 0000 01AD 01AE 01AF 01B0 01B1 01B2 01B3 01B4 01B5 01B6 01B7 01B8 01B9 01BA 01BB 01BC 01BD 01BE 0000
0000 01C1 01C2 01C3 01C4 0000 0000 0000 0000 01C9 01CA 01CB 0000 0000 0000 0000 0000 0000 0000 01D3 01D4 01D5 01D6 01D7 01D8 01D9 01DA 01DB 0000 0000 0000 0000
01E0 01E1 01E2 01E3 01E4 0000 0000 0000 0000 01E9 0000 0000 0000 0000 0000 01EF 01F0 01F1 0000 0000 0000 0000 01F6 0000 0000 01F9 01FA 01FB 0000 0000 0421 0422
0200 0201 0202 0203 0204 0000 0000 0000 0208 0209 0000 0000 0000 0000 0000 020F 0210 0211 0000 0000 0214 0000 0216 0000 0000 0000 021A 0000 0000 0000 0441 0442
0220 0221 0222 0223 0000 0000 0000 0000 0228 0229 022A 022B 022C 022D 022E 0000 0000 0231 0232 0233 0234 0235 0000 0237 0238 0239 023A 023B 023C 0000 0461 0462
0240 0241 0242 0243 0000 0000 0000 0000 0248 0000 0000 0000 0000 0000 0000 0000 0000 0000 0000 0000 0000 0000 0000 0257 0000 0000 0000 0000 0000 0000 0481 0482
0260 0261 0262 0000 0000 0000 0266 0267 0268 0269 026A 0000 0000 0000 0000 0423 0424 0425 0000 0000 0000 0000 0000 0277 0000 0426 0427 0428 0000 0000 04A1 04A2
0280 0281 0282 0283 0000 0000 0286 0287 0288 0289 028A 0000 0000 0000 0000 0443 0444 0445 0000 0000 0429 0000 0000 0297 0000 0446 0447 0448 0000 0000 0000 04C2
02A0 02A1 02A2 02A3 0000 0000 0000 0000 02A8 0000 0000 0000 0000 0000 0000 0000 0000 0000 0000 0000 0000 0000 0000 0000 0000 0000 0000 0000 0000 0000 0000 0000
02C0 02C1 02C2 0000 0000 0000 0000 0000 02C8 0000 0000 0000 0000 0000 0000 0000 0000 0000 0000 0000 0000 0000 0000 0000 0000 0000 0000 0000 0000 0000 0000 042D
02E0 02E1 02E2 0000 0000 02E5 02E6 02E7 02E8 02E9 02EA 02EB 0000 0000 02EE 02EF 02F0 02F1 0000 0000 0000 0000 0000 0432 0433 0434 0435 0000 0000 0000 044C 044D
0300 0301 0302 0000 0000 0305 0306 0307 0308 0309 030A 030B 0000 0000 030E 030F 0310 0311 0000 0000 0000 0000 0000 0452 0453 0454 0455 0000 0000 0000 046C 046D
0320 0321 0322 0000 0000 0000 0000 0000 0000 0000 0000 0000 032C 032D 032E 032F 0000 0000 0000 046E 046F 0470 0471 0472 0473 0474 0475 0000 048A 048B 048C 048D
0340 0341 0342 0000 0000 0000 0000 0000 0000 0000 0000 0000 034C 034D 034E 034F 0000 0000 0000 048E 048F 0490 0491 0492 0493 0494 0495 0000 0000 0000 0000 0000
0360 0361 0362 0000 0364 0365 0366 0000 0000 0000 0000 0000 036C 036D 036E 0000 0000 0000 0000 0000 0000 0000 04B1 04B2 04B3 0000 04B5 0000 0000 0000 043A 043B
0380 0381 0382 0000 0384 0385 0386 0000 0000 0000 038A 0000 038C 038D 038E 0000 0000 0000 0000 0000 0000 0000 04D1 04D2 04D3 0000 0000 0000 0000 0000 045A 045B
0000 0000 0000 03A3 0000 03A5 03A6 03A7 03A8 03A9 0000 0000 0000 0000 0000 0000 04E0 04E1 04E2 04E3 04E4 0000 0000 0000 0000 0000 0000 0477 0478 0479 047A 047B
0000 0000 0000 03C3 03C4 03C5 0000 0000 0000 03C9 0000 0000 0000 0000 0000 0000 0000 0000 0000 0000 0000 0000 0000 0000 0000 0000 0000 0497 0498 0499 0000 0000
04E5 0000 0000 03E3 0000 03E5 0000 0000 0000 03E9 0000 0000 04E6 04E7 04E8 0000 0000 0000 0000 0000 0000 0000 04E9 04EA 04EB 0000 04B6 04B7 04B8 04B9 04BA 04BB
0505 0000 0000 0403 0000 0405 0406 0000 0000 0409 040A 0000 0506 0507 0508 0000 0000 0000 0000 0000 0000 0000 0509 050A 050B 0000 04D6 04D7 04D8 0000 04DA 04DB
