ATARI GAUNTLET MOTION OBJECT 16X16 TILEMAP
SOURCE: level-113.png
GRID: 32 X 32
TILE_SIZE: 16 X 16
ATLAS_TILES: 800
UNIQUE_PIXEL_TILES: 107
CONNECTED_OBJECT_GROUPS: 13

0000 0000 0022 0023 0000 0000 0000 0000 0000 0000 0000 0000 0000 0000 0000 0000 0000 0000 0000 0032 0033 0000 0000 0000 0000 0000 0000 0000 0000 0000 0000 0000
0000 0041 0042 0043 0044 0000 0000 0000 0000 0000 0000 0000 0000 0000 0000 004E 004F 0050 0051 0052 0053 0000 0000 0000 0000 0000 0000 0000 0000 0000 0000 0000
0000 0061 0062 0063 0064 0065 0066 0000 0000 0000 0000 0000 006B 006C 006D 006E 006F 0070 0071 0072 0073 0000 0000 0000 0000 0000 0000 0000 0000 0000 0000 0000
0000 0000 0082 0083 0084 0085 0086 0000 0000 0000 0000 0000 008B 008C 008D 008E 008F 0000 0091 0092 0093 0000 0034 0035 0036 0000 0000 0000 0000 0000 0000 0000
0000 0000 0000 00A3 00A4 00A5 00A6 0000 0000 0000 0000 0000 0000 00AC 00AD 00AE 0000 0000 0000 0000 0000 0000 0054 0055 0056 0000 0037 0038 0039 0000 0000 0000
00C0 00C1 00C2 00C3 00C4 00C5 0000 00C7 00C8 00C9 0000 0000 0000 0000 00CD 00CE 00CF 00D0 0000 0000 0000 0000 0000 0000 0000 0000 0057 0058 0059 0000 0000 0000
00E0 00E1 00E2 00E3 00E4 00E5 0000 00E7 00E8 00E9 0000 0000 0000 0000 0000 00EE 00EF 00F0 0000 0000 0000 0000 003A 003B 003C 0000 0000 0000 0000 0000 0000 0000
0000 0000 0000 0000 0000 0000 0000 0000 0108 0000 0000 0000 0000 0000 0000 0000 0000 0000 0111 0112 0113 0000 005A 005B 005C 0000 0000 0000 0000 0000 0000 0000
0000 0000 0000 0000 0000 0000 0000 0127 0128 0129 0000 0000 0000 0000 0000 0000 0000 0000 0131 0132 0133 0000 0000 0000 0000 0000 0000 0000 0000 0000 0000 0000
0000 0000 0000 0000 0000 0000 0000 0147 0148 0149 014A 0000 0000 0000 0000 0000 0000 0000 0000 0000 0000 0000 0000 0000 0000 0000 0000 0000 0000 0000 0000 0000
0000 0000 0000 0000 0000 0000 0000 0000 0168 0169 016A 0000 0000 0000 0000 0000 0000 0000 0000 0000 0000 0000 0000 0000 0000 0000 0000 0000 0000 0000 0000 0000
0000 0000 0000 0000 0000 0000 0000 0000 0000 0000 0000 0000 0000 0000 0000 0000 0000 0000 0000 0000 0000 0000 0000 0000 0000 0000 0000 0000 0000 0000 0000 0000
0000 0000 0000 0000 0000 0000 0000 0000 0000 0000 0000 0180 0181 0182 0000 0000 0000 0000 0000 0000 0000 0000 0000 0000 0000 0000 0000 0000 0000 0000 0000 0000
0000 0000 0000 0000 0000 0000 0000 0000 0000 0000 0000 01A0 01A1 01A2 01A3 0000 0000 0000 0000 0000 0000 0000 0000 0000 0000 0000 0000 0000 0000 0000 0000 0000
0000 0000 0000 0000 0000 0000 0000 0000 0000 0000 0000 0000 01C1 01C2 01C3 0000 0000 0000 0000 0000 0000 0000 0000 0000 0000 0000 0000 0000 0000 0000 0000 0000
0000 0000 0184 0000 0000 0000 0000 0000 0000 0000 0000 0000 0000 0000 0000 0000 0000 0000 0000 0000 0000 0000 0000 0000 0000 0000 0000 0000 0000 0000 0000 0000
0000 0000 0000 0000 0000 0000 0000 0000 0000 0000 0000 0000 0000 0000 0000 0000 0000 0000 0000 0000 0000 0000 0000 0000 0000 0000 0000 0000 0000 0000 0000 0000
0000 0000 0000 0000 0000 0000 0000 0000 0000 0000 0000 0000 0186 0187 0188 0000 0000 0000 0000 0000 0000 0000 0000 0000 0000 0000 0000 0000 0000 0000 0000 0000
0000 0000 0000 0000 0000 0000 0000 0000 0000 0000 0000 01A5 01A6 01A7 01A8 0000 0000 0000 0000 0000 0000 0000 0000 0000 0000 0000 0000 0000 0000 0000 0000 0000
0000 0000 0000 0000 0000 0000 0000 0000 0000 0000 0000 01C5 01C6 01C7 0000 0000 0000 0000 0000 0000 0000 0000 0000 0000 0000 0000 0000 0000 0000 0000 0000 0000
0000 0000 0000 0000 0000 0000 0000 0000 0000 0000 0000 0000 0000 0000 0000 0000 0000 0000 0000 0000 0000 0000 0000 0000 0000 0000 0000 0000 0000 0000 0000 0000
0000 0000 0000 0000 0000 0000 0000 0000 0191 0192 0193 0000 0000 0000 0000 0000 0000 0000 0000 0000 0000 0000 0000 0000 0000 0000 0000 0000 0000 0000 0000 0000
0000 0000 0000 0000 0000 0000 0000 01B0 01B1 01B2 01B3 0000 0000 0000 0000 0000 0000 0000 0000 0000 0000 0000 0000 0000 0000 0000 0000 0000 0000 0000 0000 0000
0000 0000 0000 0000 0000 0000 0000 01D0 01D1 01D2 0000 0000 0000 0000 0000 0000 0000 0000 019A 019B 019C 0000 0000 0000 0000 0000 0000 0000 0000 0000 0000 0000
01E9 01EA 01EB 01EC 01ED 01EE 01EF 0000 01F1 01F2 01F3 0000 0000 0000 0000 0000 0000 0000 01BA 01BB 01BC 0000 019D 019E 019F 0000 0000 0000 0000 0000 0000 0000
0209 020A 020B 020C 020D 020E 020F 0000 0211 0212 0213 0000 0000 0000 0000 01D7 01D8 01D9 0000 0000 0000 0000 01BD 01BE 01BF 0000 0000 0000 0000 0000 0000 0000
0000 0000 0000 0000 022D 022E 0000 0000 0000 0000 0000 0000 0000 0000 01F6 01F7 01F8 01F9 0000 0000 0000 0000 0000 0000 0000 0000 02E0 02E1 02E2 0000 0000 0000
0000 0000 0000 024C 024D 024E 024F 0250 0000 0000 0000 0000 0000 0215 0216 0217 0000 0000 0000 0000 0000 0000 02E3 02E4 02E5 0000 0300 0301 0302 0000 0000 0000
0000 0000 026B 026C 026D 026E 026F 0270 0000 0000 0000 0000 0234 0235 0236 0237 0238 0000 023A 023B 023C 0000 0303 0304 0305 0000 0000 0000 0000 0000 0000 0000
0000 028A 028B 028C 028D 028E 0000 0000 0000 0000 0000 0000 0254 0255 0256 0257 0258 0259 025A 025B 025C 0000 0000 0000 0000 0000 0000 0000 0000 0000 0000 0000
0000 02AA 02AB 02AC 02AD 0000 0000 0000 0000 0000 0000 0000 0000 0000 0000 0277 0278 0279 027A 0000 0000 0000 0000 0000 0000 0000 0000 0000 0000 0000 0000 0000
0000 0000 02CB 02CC 0000 0000 0000 0000 0000 0000 0000 0000 0000 0000 0000 0000 0000 0299 029A 029B 0000 0000 0000 0000 0000 0000 0000 0000 0000 0000 0000 0000
