ATARI GAUNTLET MOTION OBJECT 16X16 TILEMAP
SOURCE: level-052.png
GRID: 32 X 32
TILE_SIZE: 16 X 16
ATLAS_TILES: 608
UNIQUE_PIXEL_TILES: 150
CONNECTED_OBJECT_GROUPS: 17

0020 0000 0000 0000 0000 0000 0000 0000 0000 0000 0000 0000 0000 0000 0000 0000 0000 0000 0000 0000 0000 0000 0000 0000 0000 0000 0000 0000 0000 0000 0021 0022
0040 0000 0023 0000 0000 0000 0000 0000 0000 0000 0000 0000 0000 0000 0000 0000 0000 0000 0000 0000 0000 0000 0000 0000 0000 0000 0000 0000 0000 0000 0041 0042
0000 0000 0000 0000 0000 0000 0000 0000 0000 0000 0000 0000 0000 0000 0000 0000 0024 0000 0000 0000 0000 0000 0000 0000 0000 0000 0000 0000 0000 0000 0000 0000
0000 0000 0000 0000 0000 0000 0000 0000 0000 0000 0000 0000 0000 0000 0000 0000 0000 0000 0000 0000 0000 0000 0000 0000 0000 0000 0000 0000 0000 0000 0000 0000
0025 0026 0000 0000 0000 0000 0000 0000 0000 0000 0000 0000 0000 0000 0000 0000 0000 0000 0000 0000 0000 0000 0000 0000 0000 0000 0000 0000 0000 0000 0000 0027
0045 0046 0000 0000 0000 0000 0000 0000 0000 0000 0000 0000 0000 0000 0000 0000 0000 0000 0000 0000 0000 0000 0000 0000 0000 0000 0000 0000 0000 0000 0000 0047
0000 0000 0000 0000 0000 0000 0000 0000 0000 0000 0000 0000 0000 0000 0000 0000 0000 0000 0000 0000 0000 0000 0000 0000 0000 0000 0000 0000 0000 0000 0000 0000
0000 0000 0000 0000 0000 0000 0000 0000 0000 0000 0000 0000 0000 0000 0000 0000 0000 0000 0000 0000 0000 0000 0000 0000 0000 0000 0000 0000 0000 0000 0000 0000
0000 0000 0000 0000 0000 0000 0000 0000 0000 0000 0000 0000 0000 0000 0000 0000 0000 0000 0000 0000 0000 0000 0000 0000 0000 0000 0000 0000 0000 002A 002B 002C
0000 0000 0000 0000 0000 0000 0000 0000 0000 0000 002D 0000 0000 0000 0000 0000 0000 0000 0000 0000 0000 0000 0000 0000 0000 0000 0000 0000 0000 004A 004B 004C
0000 0000 002E 002F 0030 0000 0000 0000 0000 0000 0000 0000 0000 0000 0000 0000 0000 0000 0000 0000 0000 0000 0000 0000 0000 0000 0000 0068 0069 006A 0000 0000
0000 0000 004E 004F 0050 0000 0000 0000 0000 0000 0000 0000 0000 0000 0000 0000 0000 0000 0000 0000 0000 0000 0000 0000 0000 0000 0000 0088 0089 008A 0000 0000
0000 0000 0000 0000 0000 0000 0000 0000 0000 0000 0000 0000 0000 0000 0000 0000 0000 0000 0000 0000 0000 0000 0000 0000 0000 0000 0000 0000 0000 0000 0000 0000
0000 0000 0000 0000 0000 0000 0000 0000 0000 0000 0000 0000 0000 0000 0000 0000 0000 0000 0000 0000 0000 0000 0000 0000 0000 0000 0000 0000 0000 0000 0000 0000
0000 0000 0000 0000 0000 0000 0000 0000 0000 0000 0000 0000 0000 0000 0000 0000 0000 0000 0000 0000 0000 0000 0000 0000 0000 0000 0000 0000 0000 0000 0000 0000
0000 00A1 00A2 00A3 00A4 00A5 00A6 00A7 00A8 00A9 00AA 00AB 00AC 00AD 00AE 00AF 00B0 00B1 00B2 00B3 00B4 00B5 00B6 00B7 00B8 00B9 00BA 0000 0000 00BD 00BE 0000
00C0 00C1 00C2 00C3 00C4 00C5 00C6 00C7 00C8 00C9 00CA 00CB 00CC 00CD 00CE 00CF 00D0 00D1 00D2 00D3 00D4 00D5 00D6 00D7 00D8 00D9 00DA 00DB 00DC 00DD 00DE 0000
00E0 00E1 00E2 00E3 00E4 00E5 00E6 00E7 00E8 00E9 00EA 00EB 00EC 00ED 00EE 00EF 00F0 00F1 00F2 00F3 00F4 00F5 00F6 00F7 00F8 00F9 00FA 00FB 00FC 00FD 00FE 00FF
0000 0000 0000 0000 0000 0000 0000 0000 0000 0000 0000 0000 0000 0000 0000 0000 0000 0000 0000 0000 0000 0000 0000 0000 0000 0000 0000 0000 0000 0000 0000 0000
0000 0000 0000 0000 0000 0000 0000 0000 0000 0000 0000 0000 0000 0000 0000 0000 0000 0000 0000 0000 0000 0000 0000 0000 0000 0000 0000 0000 0000 0000 0000 0000
0000 0000 0000 0000 0000 0000 0000 0000 0000 0000 0000 0000 0000 0000 0000 0000 0000 0000 0000 0000 0000 0000 0000 0000 0000 0000 0000 0000 0000 0000 0000 0000
0000 0000 0000 0000 0000 0000 0000 0000 0000 0000 0000 0000 0000 0000 0000 0000 0000 0000 0000 0000 0000 0000 0000 0000 0000 0000 0000 0000 0000 0000 0000 0000
0100 0101 0000 0000 0000 0103 0104 0000 0000 0000 0106 0107 0108 0109 010A 010B 010C 010D 010E 010F 0110 0111 0112 0113 0000 0000 0000 0115 0116 0000 0000 0000
0120 0121 0000 0000 0122 0123 0124 0000 0000 0125 0126 0127 0128 0129 012A 012B 012C 012D 012E 012F 0130 0131 0132 0133 0000 0000 0134 0135 0136 0000 0000 0117
0000 0000 0000 0000 0000 0000 0000 0000 0000 0000 0000 0000 0000 0000 0000 0000 0000 0000 0000 0000 0000 0000 0000 0000 0000 0000 0000 0000 0000 0000 0000 0000
0140 0141 0142 0143 0144 0145 0146 0147 0148 0149 014A 014B 014C 014D 014E 014F 0150 0151 0152 0153 0154 0155 0156 0157 0158 0159 015A 015B 015C 015D 015E 015F
0160 0161 0162 0163 0164 0165 0166 0167 0168 0169 016A 016B 016C 016D 016E 016F 0170 0171 0172 0173 0174 0175 0176 0177 0178 0179 017A 017B 017C 017D 017E 017F
0000 0000 0000 0000 0184 0185 0186 0187 0188 0000 0000 0000 018C 018D 018E 0000 0000 0000 0192 0193 0194 0195 0196 0000 0000 0000 0000 019B 019C 019D 019E 019F
0000 0000 0000 0000 01A4 01A5 01A6 01A7 01A8 0000 0000 0000 01AC 01AD 01AE 0000 0000 0000 01B2 01B3 01B4 01B5 01B6 0000 0000 0000 0000 01BB 01BC 01BD 01BE 01BF
0000 0000 0000 0000 01C4 01C5 01C6 01C7 01C8 0000 0000 0000 0000 0000 0000 0000 0000 0000 01D2 01D3 01D4 01D5 01D6 0000 0000 0000 0000 01DB 01DC 01DD 01DE 01DF
0000 01E1 01E2 01E3 01E4 01E5 01E6 01E7 01E8 0000 0000 0000 0220 0221 0222 0000 0000 0000 01F2 01F3 01F4 01F5 01F6 01F7 01F8 01F9 0000 01FB 01FC 01FD 01FE 01FF
0000 0201 0202 0203 0204 0205 0206 0207 0208 0000 0000 0000 0240 0241 0242 0000 0000 0000 0212 0213 0214 0215 0216 0217 0218 0219 0000 021B 021C 021D 021E 021F
