ATARI GAUNTLET PLAYFIELD 16X16 TILEMAP
SOURCE: level-062-playfield.png
GRID: 32 X 32
TILE_SIZE: 16 X 16
UNIQUE_TILES: 51

0000 0001 0002 0002 0002 0002 0002 0002 0002 0003 0002 0002 0002 0002 0002 0002 0002 0002 0002 0002 0002 0002 0002 0002 0002 0002 0002 0002 0002 0002 0000 0001
0004 0005 0006 0007 0008 0009 0006 0007 0008 0009 0006 0007 0008 0009 0006 0007 0008 0009 0006 0007 0008 0009 0006 0007 0008 0009 000A 000B 0008 0009 0004 000C
0004 000D 0009 0006 0007 0008 0009 0006 0007 0008 0009 0006 0007 0008 0009 0006 000E 000F 0009 0006 0007 0008 0010 0011 0012 000F 0013 0014 000E 0015 0016 0017
0004 000C 0008 0009 0006 0007 0008 0009 0006 0007 0008 0009 0006 0007 0008 0009 0018 000C 0008 0009 0006 000E 0019 0001 001A 001B 0008 0009 001C 0001 001D 001E
0004 0017 0007 0008 0009 0006 0007 0008 0009 0006 0007 0008 0009 0006 0007 0008 0004 0017 0007 0008 0010 0019 001F 0020 0009 0006 000E 0015 0016 0017 0007 0008
0004 0005 0006 0007 0008 0009 0006 0007 0008 0009 0006 0007 0008 0009 0006 0007 0004 0005 0006 000E 0019 001F 0014 0007 0008 0009 001C 0001 001D 001E 0006 0007
0004 000D 0009 0006 0007 0008 0009 0006 0007 0008 0009 0006 0007 0008 0009 0006 0004 000D 0010 0019 001F 0020 0010 0021 000E 0015 0016 0017 0007 0008 0010 0021
0004 000C 0008 0009 0006 0007 0008 0009 0006 0007 0008 0009 0006 0007 0008 0009 0004 0022 0019 001F 0014 0007 0013 001E 001C 0001 001D 001E 0006 0007 0013 001E
0004 0017 0007 0008 0009 0006 0007 0008 0009 0006 0007 0008 0009 0006 0007 0008 0023 0001 001D 0020 0009 0006 000E 0015 0016 0017 0007 0008 0009 0006 0007 0008
0004 0005 0006 0007 0008 0009 0006 0007 0008 0009 0006 0007 0008 0009 0006 0007 0004 0005 0006 0007 0008 0009 001C 0001 001D 001E 0006 0007 0008 0009 0006 0007
0004 000D 0009 0006 0007 0008 0009 0006 0007 0008 0009 0006 0007 0008 0009 0006 0004 000D 0010 0021 000E 0015 0016 0017 0007 0024 0025 0006 000E 0015 0026 0021
0004 000C 0008 0009 0006 0007 0008 0009 0006 0007 0008 0009 0006 0007 0008 0009 0004 000C 0013 001E 001C 0001 001D 001E 0006 0013 0020 0009 001C 0001 001A 001E
0004 0017 0007 0008 0009 0006 0007 0008 0009 0006 0007 0008 0009 0006 0007 0008 0004 0017 0007 0024 0016 0017 0007 0008 0009 0006 0007 0008 0004 0017 0007 0008
0004 0005 0006 0007 0008 0009 0006 0007 0008 0009 0006 0007 0008 0009 0006 0007 0004 0005 0006 0027 001D 001E 000A 000B 0008 0010 0011 0012 0016 0005 0006 0007
0016 000D 0009 0006 0007 0008 0009 0006 0007 0008 0009 0006 0007 0008 0009 0006 0004 000D 0009 0006 0007 0008 0013 0014 0007 001C 0001 0002 001D 0020 0009 000A
0028 000C 0008 0009 0006 0007 0008 0009 0006 0007 0008 0009 0006 0007 0008 0009 0004 000C 0008 0009 0006 0007 0008 0009 0006 0004 000D 0009 0006 0007 0024 0029
0004 0017 0007 0024 0026 0011 0012 0015 0026 0011 0012 0015 0026 0011 0012 0015 0016 002A 0012 0015 0026 0011 0012 0015 0026 0016 000C 0008 0009 000A 002B 0020
0004 0005 0006 0027 0002 0002 002C 0001 0002 0002 0002 0002 0002 0002 0002 0002 0003 0002 0002 0002 0002 0002 0002 0002 0002 0028 0017 0007 0024 002B 0014 0007
0004 000D 0009 0006 0007 0008 0004 0017 0007 0008 0009 0006 0007 0008 0009 0006 0007 0008 0009 0006 0007 0008 0009 0006 0007 0004 0005 000A 002B 0020 0009 0006
0004 000C 0008 0009 0006 0007 0004 0005 0006 000E 0015 0026 0011 0012 0015 0026 0011 0012 0015 0026 0011 0012 0015 0025 0006 0004 000D 0013 0014 0007 0008 0009
0004 0017 0007 0008 0009 0006 0004 000D 0009 001C 0001 0002 0002 0002 0002 0002 0002 0002 0002 0002 0002 0002 001A 0020 0009 0004 000C 0008 0009 000A 000B 0008
0004 0005 0006 0007 0008 0009 0004 000C 0008 0004 0017 0007 0008 0009 0006 0007 0008 0009 0006 0007 0008 0009 0006 0007 0008 0004 0017 0007 0024 002B 0014 0007
0016 000D 0009 0006 0007 0008 0004 0017 0007 0004 0005 0006 000E 0015 0026 0011 0012 0015 0026 0011 0012 0015 0026 0011 0012 0016 002D 0011 002B 0020 0010 0011
0028 000C 0008 0009 0006 0007 0004 0005 0006 0004 000D 0009 001C 0001 0002 0002 0002 0002 002C 0001 0002 0002 0002 0002 0002 0003 0002 001A 0014 0007 0027 0002
0004 0017 0007 0008 0009 0006 0004 000D 0009 0004 000C 0008 0004 0017 0007 0008 0009 0006 0004 000D 0009 0006 0007 0008 0009 0006 0007 0008 0009 0006 0007 0008
0004 0005 0006 0007 0008 0009 0004 000C 0008 0004 0017 0007 0004 0005 0006 000E 000F 0009 0004 000C 0008 0010 0011 0012 0015 0026 0011 0012 0015 0026 0011 000B
0004 000D 0009 0006 0007 0008 0004 0017 0007 0004 0005 0006 0004 000D 0009 0018 000C 0008 0004 0017 0007 0027 0002 0002 0002 0002 0002 0002 0002 0002 002E 0017
0004 000C 0008 0010 0011 0012 0016 0005 0006 0004 000D 0009 0004 000C 0008 0004 0017 0007 0004 0005 0006 0007 0008 0009 0006 0007 0008 0009 0006 0007 0004 0005
0004 0017 0007 0027 0002 0002 001D 0020 0009 0004 000C 0008 0004 0017 0007 0004 0005 0006 0004 002F 0026 0011 0012 0015 0026 0011 0012 0015 0025 0006 0004 000D
0004 0005 0006 0007 0008 0009 0006 0007 0008 0004 0017 0007 0030 001E 0006 0004 000D 0009 0031 0002 0002 0002 0002 0002 0002 0002 0002 001A 0020 0009 0004 000C
0004 000D 0009 0006 0007 0008 0009 0006 0007 0004 0005 0006 0007 0008 0009 0030 001B 0008 0009 0006 0007 0008 0009 0006 0007 0008 0009 0006 0007 0008 0004 0017
0016 0022 0015 0026 0011 0012 0015 0026 0011 0016 002F 0026 0011 0012 0015 0026 0011 0012 0015 0026 0011 0012 0015 0026 0011 0012 0015 0026 0011 0012 0016 0032
