ATARI GAUNTLET PLAYFIELD 16X16 TILEMAP
SOURCE: level-066-playfield.png
GRID: 32 X 32
TILE_SIZE: 16 X 16
UNIQUE_TILES: 50

0000 0001 0002 0002 0002 0002 0002 0002 0002 0002 0002 0002 0002 0002 0002 0002 0003 0002 0002 0002 0002 0002 0002 0002 0002 0002 0002 0002 0002 0002 0002 0002
0004 0005 0006 0007 0008 0009 0006 0007 0008 000A 000B 0007 0008 0009 0006 0007 0008 0009 0006 0007 0008 0009 0006 0007 000C 000D 0006 0007 0008 0009 0006 0007
0004 000E 0009 0006 000F 0010 0011 0012 0013 0014 0015 0012 0013 0010 0011 000B 0007 0008 000A 0012 0013 0010 0011 0012 0014 0016 0011 0012 0013 0017 0009 0006
0004 0018 0008 000A 0019 0002 0002 0002 001A 001B 0019 0002 0002 0002 001C 001D 0012 0013 001E 0001 0002 0002 0002 001A 001F 0019 0002 0002 001A 001B 0017 0009
0004 0020 0007 0021 0005 0006 0007 0008 0009 0022 0023 0008 0009 0006 0024 0002 0025 0001 0026 0027 0009 0006 0007 0008 0022 0028 0007 0008 0009 0021 0018 0008
0004 0005 0006 0004 000E 0009 0006 0007 0008 0009 0006 0007 0008 0009 0006 0007 0029 0015 002A 0013 0010 0011 0012 0013 0010 0011 0012 0013 0017 0004 0020 0007
0004 000E 0009 0004 0018 0008 0009 002B 0013 0010 0011 0012 002C 0008 0009 0006 000F 0019 0002 0002 0002 0002 0002 0002 0002 0002 0002 001A 0023 0004 0005 0006
0004 0018 0008 0004 0020 0007 000C 0019 0002 0002 0002 001A 001F 0013 0017 0009 0021 0018 0008 000A 0012 0013 0017 0009 0006 0007 0008 0009 0006 0004 000E 0009
0004 0020 0007 0004 0005 0006 0021 000E 0009 0006 0007 0008 002D 001A 001B 0017 0004 0020 0007 002D 0002 001A 001B 0010 000D 0006 0007 0008 0009 0004 0018 0008
0004 0005 0006 0004 000E 0009 0004 0018 0008 000A 0012 0013 0017 0009 0022 0023 0004 0005 0006 0007 0008 0009 002D 001A 0016 0011 0012 0013 0010 002E 0028 0007
0004 000E 0009 0004 0018 0008 0004 0020 0007 002D 0002 001A 001B 0010 0011 0012 002E 0027 0009 0006 0007 0008 0009 0006 002D 0002 0002 0002 001A 0016 000D 0006
0004 0018 0008 0004 0020 0007 0004 0005 0006 0007 0008 0009 002D 0002 0002 001A 001F 002C 0008 0009 0006 000F 0017 0009 0006 0007 0008 0009 0006 0021 000E 0009
0004 0020 0007 0004 0005 0006 0029 0016 0011 000B 0007 0008 0009 0006 0007 0008 0022 001F 0013 0010 0011 0014 001B 0010 0011 0012 002C 0008 0009 0004 0018 0008
0004 0005 0006 0004 000E 0009 002B 0019 001A 0015 0012 0013 0010 0011 000B 0007 000C 0019 0002 0002 001A 002F 002D 0002 0002 001A 001F 0013 0017 0004 0020 0007
0004 000E 0009 0029 001B 0017 0021 0020 0007 002D 0002 0002 0002 001A 002F 0006 0021 000E 0009 0006 0007 0008 0009 0006 0007 0008 002D 001A 0023 0004 0005 0006
0004 0018 0008 000A 0014 0023 0004 0005 0006 0007 0008 0009 0006 0007 0008 0009 0004 0018 0008 0009 002B 0013 0010 0011 000B 0007 0008 0009 0006 0004 000E 0009
0004 0020 0007 0021 0005 0006 0004 000E 0009 002B 0013 0010 000D 002B 0013 0010 002E 0028 0007 0008 002D 0002 0002 001A 0015 0012 0013 0010 0011 002E 0023 0008
0004 0005 0006 0004 000E 0009 0004 0018 0008 002D 0002 001A 0016 0019 0002 001A 0016 000D 0006 0007 0008 0009 0006 0007 002D 0002 0002 0002 001A 0015 000B 0007
0004 000E 0009 0004 0018 0008 0004 0020 0007 0008 0009 0006 0022 0027 0009 0006 0021 000E 0009 0006 0007 0008 0009 0006 0007 0008 0009 0006 0007 0021 0005 0006
0004 0018 0008 0004 0020 0007 0029 0015 0012 0013 0010 000D 0006 0007 0008 0009 0029 001B 0010 0011 0012 0013 0010 0011 0012 0013 0010 000D 0006 0004 000E 0009
0004 0020 0007 0004 0005 0006 000F 0019 0002 0002 001A 0016 0011 0012 002C 0008 000A 0019 0002 0002 0002 0002 0002 0002 0002 0002 001A 0027 0009 0004 0018 0008
0004 0005 0006 0004 000E 0009 0021 0018 0008 0009 0006 002D 0002 001A 0028 0007 0021 0005 0006 0007 0008 0009 0006 000F 0017 0009 0006 0007 0008 0004 0020 0007
0004 000E 0009 0004 0018 0008 0004 0020 0007 0008 0009 0006 0007 0008 0009 0006 0004 000E 0009 002B 0013 0010 0011 0014 001B 0010 0011 0012 0013 002E 002F 0006
0004 0018 0008 0004 0020 0007 0004 0005 0006 000F 0010 0011 0012 0013 0010 0011 002E 0023 0008 002D 0002 0002 001A 0015 0019 0002 0002 0002 001A 001B 0017 0009
0004 0020 0007 0004 0005 0006 0004 000E 0009 002D 0002 0002 0002 0002 0002 001A 0015 000B 0007 0008 0009 0006 0007 0022 002F 0006 0007 0008 0009 0021 0018 0008
0004 0005 0006 0004 000E 0009 0029 001B 0010 0011 0012 0013 0010 002A 0012 0013 0014 0015 0012 0013 0010 0011 0012 0013 0010 0011 0012 0013 0017 0004 0020 0007
0004 000E 0009 0004 0018 0008 0009 002D 0002 0002 0002 0002 0002 0002 0002 001A 001B 0019 0002 0002 0002 0002 0002 0002 0002 0002 0002 001A 0023 0004 0005 0006
0004 0018 0008 0004 0020 0007 0008 0009 0006 0007 0008 0009 0006 0007 0008 0009 0021 0018 0008 0009 0006 0007 0008 0009 0006 0007 0008 0009 0006 0004 000E 0009
0004 0020 0007 0029 0015 0012 0013 0010 0011 0012 0013 0010 0011 0012 002C 0008 0004 0020 0007 000C 0011 0012 0013 0010 0011 0012 0013 0010 0011 002E 0023 0008
0004 0005 0006 0007 002D 0002 0002 0002 0002 0002 0002 0002 0002 001A 0028 0007 0004 0005 0006 002D 0002 0002 0002 0002 0002 0002 0002 0002 001A 002F 0006 0007
0004 000E 0009 0006 0007 0008 0009 0006 0007 0008 0009 0006 0007 0008 0009 0006 0004 000E 0009 0006 0007 0008 0009 0006 0007 0008 0009 0006 0007 0008 0009 0006
0030 0031 0010 0011 0012 0013 0010 0011 0012 0013 0010 0011 0012 0013 0010 0011 0030 0031 0010 0011 0012 0013 0010 0011 0012 0013 0010 0011 0012 0013 0010 0011
