ATARI GAUNTLET MOTION OBJECT 16X16 TILEMAP
SOURCE: level-045.png
GRID: 32 X 32
TILE_SIZE: 16 X 16
ATLAS_TILES: 2112
UNIQUE_PIXEL_TILES: 354
CONNECTED_OBJECT_GROUPS: 17

0020 0000 0000 0000 0000 0000 0025 0026 0027 0028 0029 002A 0000 0000 0000 0000 0000 0000 0000 0030 0031 0032 0033 0000 0000 0036 0037 0038 0039 003A 003B 003C
0040 0000 0041 0042 0043 0044 0045 0046 0047 0048 0049 004A 004B 004C 0000 0000 0000 003D 0000 0050 0051 0052 0053 0054 0055 0056 0057 0058 0059 005A 005B 005C
0000 0000 0061 0062 0063 0000 0000 0000 0000 0000 0000 006A 006B 006C 006D 0000 0000 0000 0000 0000 0000 0072 0073 0074 0075 0076 0000 0000 0000 0000 0000 007C
003E 0000 0081 0082 0083 0000 0000 0000 0000 0000 0000 008A 008B 008C 0000 0000 0000 0000 0000 0000 0000 0000 0093 0094 0095 0000 0097 0098 0099 009A 009B 009C
005E 0000 00A1 00A2 00A3 0000 0000 0000 0000 0000 0000 00AA 00AB 00AC 0000 00AE 00AF 0000 024D 024E 024F 0000 0000 0000 0000 00B6 00B7 00B8 00B9 00BA 00BB 00BC
007E 0000 0000 0000 0000 0000 0000 0000 0000 0000 0000 00CA 00CB 00CC 00CD 00CE 00CF 0000 026D 026E 026F 0270 0000 0000 0000 00D6 00D7 00D8 00D9 00DA 00DB 00DC
009E 0000 0000 0000 0000 0000 0000 0000 0000 0000 0000 0000 0000 00EC 0000 0000 0000 0000 0000 028E 028F 0290 0291 0000 0000 00F6 00F7 00F8 00F9 00FA 00FB 00FC
00BE 0000 0000 0000 0000 0000 0000 0000 0000 0256 0257 0000 0000 010C 0000 0259 0000 0000 0000 0000 0000 0000 0000 02B2 0000 0000 0000 0118 0119 011A 011B 011C
0000 0000 05C2 05C3 0000 0000 0000 0000 0275 0276 0277 0278 0000 012C 0000 0000 0000 0000 0000 0000 0000 0000 0000 02D2 02D3 02D4 0000 0138 0139 013A 0000 0000
0000 0000 05E2 05E3 05E4 0000 0000 0000 0295 0296 0297 0000 0000 0000 0000 0000 0000 0000 0000 0000 0000 0000 0000 02F2 0000 02F4 0000 0158 0159 015A 015B 015C
0000 0000 0602 0603 0604 0000 0000 0000 0000 0000 0000 0000 0000 0000 0000 0000 0000 030C 030D 030E 030F 0310 0000 0312 0313 0314 0000 0178 0179 017A 0000 0000
0000 0000 0622 0623 0624 0625 0626 0627 0000 0000 0000 0000 0000 0000 0000 0000 032B 0000 0000 032E 032F 0330 0331 0000 0000 0000 0000 0198 0199 019A 0000 0000
0640 0000 0000 0000 0000 0645 0646 0647 0648 0649 064A 064B 0000 0000 0000 0000 0000 034C 034D 034E 034F 0350 0351 0352 0000 0000 0000 01B8 01B9 01BA 0000 01BC
0660 0661 0662 0663 0664 0000 0000 0000 0668 0669 066A 066B 066C 0000 0000 036A 036B 036C 036D 036E 0000 0370 0371 0372 0373 0000 01D7 01D8 01D9 01DA 01DB 01DC
0680 0681 0682 0683 0684 0000 0000 0000 0000 0000 0000 068B 0000 0000 0000 0000 038B 038C 038D 0000 0000 0000 0000 0000 0393 0000 01F7 01F8 01F9 01FA 01FB 01FC
06A0 06A1 06A2 0000 0000 0000 05CF 05D0 05D1 0000 0000 0000 0000 0000 0000 03AA 03AB 03AC 03AD 0000 0000 0000 0000 0000 0000 0000 0000 0218 0219 021A 021B 021C
06C0 06C1 06C2 0000 05ED 05EE 05EF 05F0 05F1 0000 0000 0000 0000 0000 0000 03CA 03CB 03CC 03CD 0000 0000 0000 0000 0000 0000 0000 0000 0000 0239 023A 023B 023C
06E0 06E1 06E2 0000 060D 060E 060F 0610 0000 0000 0000 0000 0000 0000 03E9 03EA 03EB 03EC 03ED 03EE 03EF 0000 0000 0000 0000 0000 0000 0000 0000 0000 0000 0000
0700 0701 0702 0000 0000 0000 0000 0000 0000 0000 0000 0000 0407 0408 0409 0000 040B 040C 040D 040E 040F 0000 0000 0000 0000 0000 0000 0000 0000 05D8 05D9 05DA
0720 0721 0722 0000 0000 0420 0421 0422 0423 0424 0425 0426 0427 0428 0429 0000 042B 042C 042D 042E 042F 0430 0000 0000 05F3 0000 0000 05F6 0000 05F8 05F9 05FA
0740 0741 0742 0000 0000 0440 0441 0442 0443 0444 0445 0446 0447 0448 0449 044A 044B 044C 044D 044E 044F 0450 0451 0000 0613 0000 0000 0616 0000 0618 0619 061A
0000 0000 0762 0000 0000 0000 0000 0000 0000 0000 0000 0466 0467 0468 0469 046A 046B 046C 046D 046E 046F 0000 0000 0000 0633 0000 0635 0636 0637 0638 0639 063A
0000 0000 0782 0000 0000 0000 0000 0000 0000 0000 0000 0000 0487 0488 0489 048A 0000 048C 048D 048E 0000 0000 0000 0000 0653 0654 0655 0000 0000 0658 0659 065A
0000 0000 07A2 07A3 0000 0000 0000 0000 0000 04A4 04A5 04A6 0000 0000 0000 0000 0000 0000 0000 0000 0000 0000 0000 0000 0673 0674 0675 0676 0000 0678 0679 067A
0000 0000 0000 0000 07C4 07C5 07C6 0000 04C3 04C4 04C5 04C6 04C7 0000 0000 0000 0000 0000 0000 0000 0000 05DB 0000 0692 0693 0694 0695 0696 0000 0698 0699 069A
0000 0000 0000 0000 07E4 07E5 07E6 0000 04E3 04E4 04E5 04E6 04E7 0000 0000 0000 0000 0000 0000 0000 0000 0000 0000 06B2 06B3 06B4 06B5 0000 0000 0000 0000 0000
05DC 0000 0000 0000 0000 0000 0000 0000 0503 0504 0505 0000 0000 0000 0000 0000 0000 0000 0000 0000 0000 0000 0000 0000 06D3 06D4 06D5 06D6 0000 0000 05DD 05DE
05FC 0000 0000 0000 0000 0000 0000 0522 0523 0000 0525 0526 0527 0000 0000 0000 0000 0000 0000 0000 0000 0000 0000 06F2 0000 0000 0000 0000 0000 0000 05FD 05FE
0000 0000 0000 0000 0000 0000 0000 0542 0543 0544 0545 0546 0547 0000 05DF 0000 0000 0000 0000 0000 0000 0000 0000 0000 0000 0000 0000 0000 0000 0000 0000 0000
0000 0000 0000 0000 0000 0000 0000 0562 0563 0564 0565 0566 0567 0000 0000 0000 056B 056C 056D 0000 0000 0000 0000 0000 0000 0000 0000 0000 0000 0000 0000 0000
0800 0801 0802 0803 0804 0000 0000 0000 0000 0000 0000 0586 0587 0588 0000 058A 058B 058C 058D 0000 0000 0000 0000 0000 0000 0000 0805 0806 0807 0808 0000 0000
0820 0821 0822 0823 0824 0000 0000 0000 0000 0000 0000 0000 0000 0000 05A9 05AA 05AB 05AC 05AD 0000 0000 0000 0000 0000 0000 0000 0825 0826 0827 0828 0000 0000
