ATARI GAUNTLET PLAYFIELD 16X16 TILEMAP
SOURCE: level-075-playfield.png
GRID: 32 X 32
TILE_SIZE: 16 X 16
UNIQUE_TILES: 10

0000 0000 0000 0000 0000 0000 0000 0000 0000 0000 0000 0000 0000 0000 0000 0000 0000 0000 0000 0000 0000 0000 0000 0000 0000 0000 0000 0000 0000 0000 0000 0000
0001 0002 0003 0004 0001 0005 0003 0002 0001 0005 0003 0002 0001 0005 0002 0004 0001 0005 0003 0002 0001 0005 0003 0004 0002 0005 0003 0004 0001 0002 0003 0004
0004 0002 0005 0002 0004 0002 0005 0002 0004 0001 0005 0002 0004 0001 0002 0003 0004 0001 0005 0002 0004 0001 0002 0003 0002 0002 0002 0002 0004 0002 0005 0002
0003 0004 0001 0005 0002 0004 0001 0005 0003 0004 0001 0002 0003 0004 0002 0005 0003 0004 0001 0002 0003 0004 0002 0005 0003 0004 0001 0005 0003 0002 0001 0002
0005 0002 0002 0001 0005 0003 0004 0001 0005 0002 0004 0001 0005 0003 0002 0001 0005 0003 0004 0002 0005 0003 0002 0001 0002 0002 0002 0002 0005 0003 0004 0002
0001 0005 0003 0004 0002 0002 0002 0004 0001 0002 0003 0004 0001 0005 0002 0004 0001 0005 0003 0002 0001 0005 0002 0004 0001 0005 0003 0002 0001 0005 0003 0004
0004 0002 0005 0003 0004 0001 0005 0003 0004 0002 0002 0002 0004 0001 0005 0003 0004 0001 0005 0003 0004 0001 0002 0002 0002 0002 0005 0002 0004 0002 0002 0002
0003 0002 0001 0002 0002 0004 0001 0005 0003 0004 0001 0005 0003 0004 0001 0005 0002 0002 0001 0002 0003 0004 0001 0005 0003 0004 0001 0002 0003 0004 0001 0005
0005 0002 0004 0001 0005 0003 0004 0002 0005 0003 0004 0001 0002 0003 0004 0001 0005 0003 0004 0001 0005 0002 0004 0001 0005 0003 0004 0001 0005 0002 0002 0001
0001 0005 0003 0004 0002 0005 0003 0002 0002 0002 0002 0004 0002 0005 0003 0002 0001 0005 0003 0004 0001 0002 0003 0004 0002 0002 0002 0004 0001 0005 0003 0002
0004 0001 0002 0002 0002 0001 0005 0003 0004 0001 0005 0003 0002 0001 0005 0002 0004 0001 0002 0003 0004 0002 0005 0002 0004 0001 0005 0003 0004 0001 0005 0002
0003 0004 0001 0005 0002 0004 0001 0005 0003 0002 0001 0005 0002 0004 0001 0002 0003 0004 0002 0005 0003 0002 0001 0002 0003 0004 0002 0005 0002 0004 0001 0005
0005 0003 0004 0001 0005 0003 0004 0002 0005 0002 0004 0001 0002 0003 0004 0002 0005 0003 0002 0001 0005 0002 0004 0002 0005 0003 0002 0001 0002 0003 0004 0001
0002 0002 0002 0002 0002 0002 0003 0002 0001 0002 0003 0004 0002 0005 0003 0004 0001 0005 0003 0004 0001 0005 0003 0002 0001 0005 0002 0004 0002 0005 0002 0004
0004 0001 0005 0003 0004 0001 0005 0002 0004 0002 0005 0003 0002 0001 0005 0003 0002 0001 0005 0003 0004 0001 0005 0002 0004 0001 0005 0003 0002 0001 0002 0003
0003 0002 0002 0005 0003 0004 0001 0002 0003 0002 0001 0005 0003 0004 0001 0002 0002 0002 0002 0005 0002 0004 0001 0005 0003 0004 0001 0005 0003 0004 0002 0005
0005 0003 0004 0001 0005 0002 0004 0001 0005 0002 0004 0001 0005 0003 0004 0001 0005 0003 0004 0001 0002 0003 0004 0001 0002 0002 0002 0002 0005 0003 0002 0001
0002 0005 0003 0002 0001 0002 0003 0004 0001 0005 0003 0004 0002 0002 0003 0002 0001 0002 0003 0002 0002 0005 0002 0004 0001 0005 0003 0004 0001 0005 0002 0004
0002 0001 0005 0002 0004 0002 0005 0002 0002 0002 0002 0003 0004 0002 0005 0003 0004 0001 0005 0003 0002 0001 0002 0003 0004 0002 0002 0002 0002 0001 0002 0003
0002 0004 0001 0002 0003 0004 0001 0005 0003 0004 0001 0005 0003 0002 0001 0002 0003 0002 0001 0002 0003 0004 0002 0005 0003 0004 0001 0005 0003 0004 0001 0005
0005 0003 0002 0001 0005 0002 0002 0001 0005 0002 0002 0002 0005 0002 0004 0001 0005 0003 0004 0001 0005 0003 0004 0001 0005 0003 0002 0002 0005 0003 0004 0001
0001 0005 0002 0004 0001 0005 0003 0004 0001 0005 0003 0004 0001 0002 0003 0004 0002 0005 0002 0004 0001 0005 0003 0004 0001 0002 0003 0004 0001 0002 0003 0002
0004 0001 0005 0003 0004 0001 0005 0002 0004 0001 0002 0003 0004 0001 0005 0003 0004 0001 0005 0002 0002 0002 0002 0002 0004 0002 0005 0003 0004 0002 0005 0003
0002 0002 0002 0005 0002 0004 0001 0002 0003 0004 0002 0005 0003 0004 0002 0005 0003 0002 0001 0005 0003 0004 0001 0005 0003 0002 0001 0002 0003 0002 0001 0005
0005 0003 0004 0001 0002 0003 0004 0002 0005 0003 0002 0001 0005 0003 0002 0001 0002 0003 0004 0001 0005 0003 0004 0001 0005 0002 0004 0002 0005 0002 0004 0001
0001 0002 0003 0004 0002 0005 0003 0004 0001 0005 0003 0004 0001 0005 0002 0004 0001 0005 0003 0002 0002 0002 0003 0004 0001 0005 0003 0002 0001 0005 0003 0004
0004 0002 0005 0003 0004 0001 0005 0002 0002 0002 0002 0003 0002 0001 0002 0003 0004 0001 0002 0003 0004 0001 0002 0003 0004 0002 0005 0002 0004 0001 0002 0003
0003 0002 0001 0005 0003 0004 0001 0005 0003 0004 0001 0005 0002 0004 0002 0005 0002 0004 0002 0005 0002 0004 0002 0005 0003 0004 0001 0002 0003 0004 0002 0005
0005 0003 0004 0002 0002 0002 0004 0001 0002 0002 0002 0001 0002 0003 0002 0001 0002 0003 0004 0001 0002 0003 0002 0001 0005 0003 0004 0001 0005 0003 0002 0001
0001 0005 0003 0004 0001 0005 0003 0004 0001 0005 0003 0004 0002 0005 0003 0004 0001 0005 0002 0004 0002 0005 0003 0004 0002 0002 0002 0004 0001 0005 0002 0004
0002 0002 0002 0003 0004 0002 0005 0003 0002 0001 0002 0002 0002 0001 0005 0002 0004 0001 0002 0003 0002 0001 0002 0003 0004 0001 0005 0003 0004 0001 0005 0003
0006 0007 0008 0002 0006 0002 0008 0009 0002 0007 0008 0009 0002 0007 0008 0002 0006 0007 0002 0009 0006 0007 0002 0009 0006 0002 0008 0002 0006 0007 0002 0009
