ATARI GAUNTLET MOTION OBJECT 16X16 TILEMAP
SOURCE: level-073.png
GRID: 32 X 32
TILE_SIZE: 16 X 16
ATLAS_TILES: 1536
UNIQUE_PIXEL_TILES: 293
CONNECTED_OBJECT_GROUPS: 10

0000 0000 0000 0023 0024 0025 0000 0000 0000 0000 0000 0000 0000 0000 0000 0000 0030 0031 0032 0033 0000 0000 0000 0036 0037 0038 0039 0000 0000 0000 0000 0000
0000 0000 0042 0043 0044 0045 0046 0047 0048 0049 004A 004B 0000 0000 0000 004F 0050 0051 0052 0053 0000 0000 0000 0056 0057 0058 0059 005A 005B 0000 0000 0000
0060 0061 0062 0063 0064 0065 0066 0067 0068 0069 006A 006B 0000 0000 006E 006F 0070 0071 0072 0073 0000 0000 0000 0000 0077 0078 0079 007A 007B 007C 007D 007E
0080 0081 0082 0083 0084 0085 0000 0000 0000 0089 008A 008B 0000 0000 008E 008F 0090 0091 0092 0093 0000 0000 0000 0096 0097 0098 0099 009A 009B 009C 009D 009E
00A0 00A1 00A2 00A3 00A4 00A5 0000 0000 0000 00A9 00AA 00AB 00AC 00AD 0000 0000 0000 0000 00B2 00B3 00B4 0000 00B5 00B6 00B7 00B8 00B9 0000 0000 0000 0000 0000
00C0 00C1 00C2 00C3 00C4 00C5 0000 0000 0000 0000 0000 00CB 00CC 00CD 0000 0000 0000 0000 00D2 00D3 00D4 0000 00D5 00D6 00D7 00D8 00D9 0000 00DB 00DC 00DD 0000
00E0 00E1 00E2 0000 0000 0000 0000 0000 0000 0000 0000 0000 0000 0000 0000 0000 0000 0000 0000 0000 0000 0000 00F5 00F6 00F7 00F8 00F9 0000 00FB 00FC 00FD 0000
0100 0101 0102 0000 0000 0000 0000 0000 0000 0000 0000 0000 0000 0000 0000 0000 0000 0000 0000 0000 0000 0000 0115 0116 0117 0118 0119 011A 011B 011C 011D 011E
0120 0000 0000 0000 01E4 01E5 01E6 01E7 01E8 01E9 01EA 01EB 01EC 01ED 01EE 01EF 01F0 01F1 01F2 0000 0000 0000 0000 0000 0000 0000 0139 013A 013B 013C 013D 013E
0140 0000 0000 0000 0204 0205 0206 0207 0208 0209 020A 020B 020C 020D 020E 020F 0210 0211 0212 0000 0000 0000 0000 0000 0000 0000 0159 015A 015B 015C 015D 015E
0000 0000 0222 0223 0224 0225 0000 0000 0000 0000 0000 0000 0000 0000 0000 0000 0000 0000 0000 0000 0000 0000 0000 0176 0177 0178 0000 0000 017B 017C 017D 0000
0240 0241 0242 0243 0244 0245 0000 0000 0000 0000 0000 0000 0000 0000 0000 0000 0000 0361 0362 0363 0364 0000 0000 0196 0197 0198 0000 019A 019B 0000 0000 0000
0260 0261 0262 0263 0264 0265 0000 0000 0000 0000 0000 0000 0000 0000 0000 0000 0380 0381 0382 0383 0384 0000 0000 0000 0000 0000 01B9 01BA 01BB 01BC 0000 0000
0280 0281 0282 0000 0000 0000 0000 0000 0000 0000 0000 0000 028C 028D 028E 0000 03A0 03A1 03A2 03A3 03A4 03A5 03A6 0000 0000 0000 01D9 01DA 01DB 01DC 0000 0000
02A0 02A1 02A2 02A3 02A4 02A5 02A6 02A7 02A8 02A9 02AA 02AB 02AC 02AD 02AE 0000 03C0 03C1 03C2 03C3 03C4 03C5 03C6 03C7 0000 0000 0000 0000 0000 0000 0000 0000
02C0 02C1 02C2 02C3 02C4 02C5 02C6 02C7 02C8 02C9 02CA 02CB 02CC 02CD 0000 0000 0000 0000 0000 03E3 03E4 03E5 03E6 03E7 03E8 03E9 03EA 03EB 0000 0000 0000 0000
02E0 02E1 02E2 02E3 02E4 02E5 0000 02E7 02E8 02E9 02EA 02EB 02EC 02ED 0000 0000 0000 0000 0000 0403 0404 0405 0406 0407 0408 0409 040A 040B 040C 040D 040E 040F
0300 0000 0000 0000 0000 0000 0000 0000 0000 0309 030A 030B 0000 0000 0000 0000 0000 0000 0000 0000 0000 0000 0000 0427 0428 0429 042A 042B 042C 042D 042E 042F
0320 0000 0000 0000 0000 0000 0000 0000 0000 0000 0000 0000 0000 0000 0000 0000 0000 0000 0000 0000 0000 0000 0000 0447 0448 0449 044A 044B 0000 0000 044E 044F
0340 0000 0000 0000 0000 0000 0000 0000 0000 0000 0000 0000 0000 0000 0370 0371 0372 0000 0000 0000 0000 0000 0000 0467 0468 0469 046A 046B 046C 046D 046E 046F
0000 0000 0000 0373 0374 0375 0000 0000 0000 0000 0000 0000 0000 0000 0390 0391 0392 0000 0000 0000 0000 0485 0486 0487 0488 0489 048A 048B 048C 048D 048E 0000
0000 0000 0000 0393 0394 0395 0000 0000 0000 0000 0000 0000 0000 0000 0000 0000 0000 0000 0000 0000 0000 04A5 04A6 04A7 0000 0000 0000 04AB 04AC 04AD 04AE 04AF
0000 0000 0000 0000 0000 0000 0000 0000 0000 0000 0000 0000 0000 0000 0000 0376 0377 0378 0000 04C3 04C4 04C5 0000 0000 0000 0000 0000 0000 04CC 04CD 04CE 04CF
0000 0000 0000 0000 0000 0000 0000 0000 0000 0000 0000 0000 0000 0000 0000 0396 0397 0398 0000 04E3 04E4 04E5 0000 0000 0000 0000 0000 04EB 04EC 04ED 04EE 0000
0379 0000 0000 0000 0000 0000 0000 0000 0000 0000 0000 0000 0000 0000 0000 0000 0000 0000 0000 0000 0000 0000 0000 0000 0000 0000 0000 050B 050C 050D 050E 050F
0399 0000 0000 0000 0000 0000 0000 0000 0000 0000 0000 0000 0000 0000 0000 0000 0000 0000 0000 0523 0524 0525 0526 0000 0000 0000 0000 0000 0000 0000 052E 052F
03B9 0000 0000 0000 0000 0000 0000 0000 0000 0000 0000 0000 0000 0000 0000 0000 0000 0000 0542 0543 0544 0545 0546 0547 0548 0549 0000 054B 054C 054D 054E 054F
03D9 0000 0000 0000 0000 0000 0000 0000 0000 0000 0000 0000 0000 0000 0000 0000 0000 0000 0562 0563 0564 0565 0566 0567 0568 0569 056A 056B 056C 056D 056E 056F
03F9 0000 0000 0000 0000 0000 0000 0000 0000 0000 0000 0000 0000 0000 0000 0000 0000 0000 0000 0583 0584 0585 0586 0000 0000 0000 058A 058B 058C 058D 058E 058F
0000 0000 0000 037A 0000 0000 0000 0000 0000 0000 0000 0000 0000 0000 0000 0000 0000 0000 0000 05A3 05A4 05A5 05A6 0000 0000 0000 05AA 05AB 05AC 05AD 05AE 05AF
0000 0000 0000 0000 0000 0000 0000 0000 0000 0000 0000 0000 037B 037C 037D 037E 037F 0000 05C2 05C3 05C4 05C5 05C6 0000 05C8 05C9 05CA 05CB 05CC 05CD 05CE 05CF
0000 0000 0000 0000 0000 0000 0000 0000 0000 0000 0000 0000 039B 039C 039D 039E 039F 0000 05E2 05E3 05E4 05E5 05E6 0000 05E8 05E9 05EA 05EB 05EC 05ED 0000 0000
