ATARI GAUNTLET MOTION OBJECT 16X16 TILEMAP
SOURCE: level-081.png
GRID: 32 X 32
TILE_SIZE: 16 X 16
ATLAS_TILES: 736
UNIQUE_PIXEL_TILES: 168
CONNECTED_OBJECT_GROUPS: 19

0000 0000 0000 0022 0023 0024 0000 0000 0000 0027 0028 0029 0000 0000 0000 0000 0000 0000 0000 0000 0000 0000 0000 0000 0000 0000 0000 0000 002A 0000 0000 0000
0000 0000 0000 0042 0043 0044 0000 0000 0000 0047 0048 0049 0000 0000 0000 0000 0000 0000 0000 0000 0000 0000 0000 0000 0000 0000 0000 0000 004A 0000 0000 0000
0000 0000 0061 0062 0063 0000 0000 0000 0000 0000 0000 0000 0000 0000 0000 0000 0000 0000 0000 0000 0000 0000 0000 0000 0000 0000 0000 0000 006A 0000 0000 0000
0000 0080 0081 0082 0083 0000 0000 0000 0000 0000 0000 0000 0000 0000 002B 0000 0000 0000 0000 0000 0000 0000 0000 0000 0000 0000 0000 0000 0000 0000 0000 0000
0000 00A0 00A1 00A2 0000 00A4 00A5 00A6 0000 0000 0000 0000 0000 0000 0000 0000 0000 0000 0000 0000 0000 0000 0000 0000 0000 0000 0000 0000 0000 0000 0000 0000
0000 0000 0000 0000 0000 00C4 00C5 00C6 0000 0000 0000 0000 0000 0000 0000 0000 0000 0000 0000 0000 0000 0000 0000 0000 0000 0000 0000 0000 0000 0000 0000 0000
0000 0000 0000 0000 0000 0000 0000 0000 0000 0035 0036 0037 0000 0000 0000 0000 0000 0000 0000 0000 0000 0000 0000 0000 0000 0000 0000 0000 0000 0000 0000 0000
0000 004D 004E 004F 0000 0000 0000 0000 0000 0055 0056 0057 0000 0000 0000 0000 0000 0000 0000 00E0 00E1 00E2 00E3 00E4 0000 0000 0000 0000 0000 0000 0000 0000
0000 006D 006E 006F 0000 0000 0000 0073 0074 0075 0076 0077 0000 0000 0000 0000 0000 0000 0000 0100 0101 0102 0103 0104 0000 0000 0000 0000 0000 0000 0000 0000
008C 008D 008E 008F 0090 0091 0092 0093 0094 0095 0096 0097 0000 0000 0000 0000 0000 0000 0000 0000 0000 0000 0000 0000 0125 0126 0127 0128 0129 012A 012B 012C
00AC 00AD 00AE 00AF 00B0 00B1 00B2 00B3 0000 0000 0000 0000 0000 0000 0000 0000 0000 0000 0000 0000 0000 0000 0000 0000 0145 0146 0147 0148 0149 014A 014B 014C
0000 0000 0000 0000 0000 00D1 00D2 00D3 0000 0000 0000 0000 0000 0000 0000 0000 0000 00EE 00EF 0000 0000 0000 0000 0000 0000 0000 0000 0000 0000 0000 0000 0000
0000 0000 0000 0000 0000 0000 0000 0000 0000 0000 0000 0000 0000 0000 0000 0000 010D 010E 010F 0110 0000 0000 0000 0000 0000 0000 0000 0000 0000 0000 0000 0000
0000 0000 0000 0000 0000 0000 0000 0000 0000 0000 0000 0000 0000 0000 0000 0000 0000 012E 012F 0130 0131 0000 0000 0000 00F3 00F4 00F5 0000 0000 0000 0000 0000
0000 0000 0000 0000 0000 0000 01C6 01C7 01C8 0000 0000 0000 0000 0000 0000 0000 0000 0000 014F 0150 0151 0000 0000 0000 0113 0114 0115 0116 0000 0000 0000 0000
0000 0000 01E2 01E3 0000 0000 01E6 01E7 01E8 01E9 0000 0000 0000 0000 0000 0000 0000 016E 016F 0000 0000 0000 0000 0000 0000 0134 0135 0136 0000 0000 0000 0000
0200 0201 0202 0203 0204 0205 0206 0207 0208 0209 0000 0000 0000 0000 0000 0000 018D 018E 018F 0000 0000 0000 0000 0152 0153 0154 0000 0000 0000 01CA 01CB 01CC
0220 0221 0222 0223 0224 0225 0226 0000 0000 0000 0000 0000 0000 0000 0000 0000 0000 0000 0000 0000 0000 0000 0000 0172 0173 0174 0000 0000 0000 01EA 01EB 01EC
0000 0000 0000 0000 0000 0000 0000 0000 0000 0000 0000 0000 0000 0000 0000 0000 0000 0000 0000 0000 0000 0000 0000 0192 0193 0194 0000 0000 0000 0000 0000 0000
0000 0000 0000 0000 0000 0000 0000 0000 0000 0000 0000 0000 0000 0000 0000 0000 0000 0000 0000 0000 0000 0000 0000 01B2 01B3 01B4 0000 0000 0000 0000 0000 0000
0000 01CD 01CE 0000 0000 0000 0000 0000 0000 0000 01CF 01D0 01D1 0000 0000 0000 0000 0000 0000 0000 0000 0000 0000 0000 0000 0000 0000 0000 0000 0000 0000 0000
0000 0000 0000 0000 0000 0000 0000 0000 0000 0000 01EF 01F0 01F1 0000 0000 0000 0000 0000 0000 0000 0000 0000 0000 0000 0000 0000 0000 0000 0000 0000 0000 0000
0000 0000 0000 0000 01D2 01D3 01D4 0000 0000 0000 0000 0000 0000 0000 0000 0000 0000 0000 0000 0000 0000 0000 0000 0000 0000 0000 0000 0000 0000 0000 0000 0000
0000 0000 0000 0000 01F2 01F3 01F4 0000 0000 0000 0000 0000 0000 0000 0000 0000 0000 0000 0000 0000 0000 0000 0000 0000 0000 0000 0000 0000 0000 0000 0000 0000
0000 0000 0000 0000 0000 0000 0000 0000 0000 01D6 01D7 01D8 0000 0000 01DB 01DC 01DD 0000 0000 0000 0000 0000 0000 0260 0261 0262 0000 0000 0000 0000 0000 0000
0264 0265 0266 0000 0000 0000 0000 0000 0000 01F6 01F7 01F8 01F9 01FA 01FB 01FC 01FD 0000 0000 0000 0000 0000 0000 0280 0281 0282 0283 0000 0000 0000 0000 0000
0284 0285 0286 0000 0000 0000 0000 0000 0215 0216 0217 0218 0219 021A 0000 0000 021D 021E 021F 0000 0000 0000 0000 0000 02A1 02A2 02A3 0000 0000 0000 0000 0000
02A4 02A5 02A6 0000 0000 0000 0000 0000 0235 0236 0237 0000 0000 0000 0000 023C 023D 023E 023F 0000 0000 0000 0000 02C0 0000 0000 0000 0000 0000 0000 0000 0000
02C4 02C5 02C6 0000 0000 0000 0000 0000 0000 0000 0000 0000 0000 0000 0000 025C 025D 025E 0000 0000 0000 0000 0000 0000 0000 0000 0000 0000 0000 0000 0000 0000
0000 0000 0000 0000 0000 0000 0000 0000 0000 0000 0000 0000 0000 0000 0000 0000 0000 0000 0000 0000 0000 0000 0000 0000 0000 0000 0000 0000 0000 0000 0000 0000
0000 0000 0000 0267 0268 0269 0000 0000 0000 0000 0000 0000 026A 026B 026C 0000 0000 0000 0000 0000 0000 0000 026D 026E 026F 0270 0271 0000 0000 0000 0000 0000
0000 0000 0000 0287 0288 0289 0000 0000 0000 0000 0000 0000 028A 028B 028C 0000 0000 0000 0000 0000 0000 0000 028D 028E 028F 0290 0291 0000 0000 0000 0000 0000
