ATARI GAUNTLET MOTION OBJECT 16X16 TILEMAP
SOURCE: level-014.png
GRID: 32 X 32
TILE_SIZE: 16 X 16
ATLAS_TILES: 992
UNIQUE_PIXEL_TILES: 253
CONNECTED_OBJECT_GROUPS: 23

0000 0000 0000 0000 0000 0000 0000 0000 0000 0000 0000 0000 0000 0000 0000 0000 0000 0000 0000 0000 0000 0000 0000 0000 0000 0000 0000 0000 0000 0000 0000 0000
0000 0000 0000 0000 0000 0000 0000 0000 0000 0000 0000 0000 0000 0000 0000 0000 0000 0000 0000 0000 0000 0000 0000 0000 0000 0000 0000 0000 0000 0000 0000 0000
0000 0000 0000 0000 0000 0000 0000 0000 0000 0000 0000 0000 0000 0000 0000 0000 0000 0000 0000 0000 0000 0000 0000 0000 0000 0000 0000 0000 0000 0000 0000 0000
0020 0000 0000 0000 0000 0000 0000 0000 0000 0000 0000 0000 0000 0000 0000 0000 0000 0023 0000 0000 0000 0000 0000 0000 0000 0027 0000 0000 0028 0029 002A 002B
0040 0000 002C 002D 002E 0000 0000 0000 0000 0000 0000 0000 0000 0000 0000 0041 0042 0043 0044 0045 0000 0000 0000 0000 0000 0000 0000 0000 0000 0049 004A 004B
0060 0000 004C 004D 004E 0000 0000 0000 0000 0000 0000 0000 0000 0000 0000 0061 0062 0063 0064 0065 0066 0000 0000 0000 002F 0030 0031 0000 0000 0069 006A 006B
0080 0000 006C 006D 006E 0000 0032 0033 0034 0000 0000 0000 0000 0000 0000 0000 0000 0083 0084 0085 0086 0000 0000 0000 0000 0000 0000 0000 0000 0089 008A 008B
0000 0000 008C 008D 008E 0000 0052 0053 0054 0000 0000 0000 0000 0000 0000 0000 0000 0000 0000 0000 0000 0000 0000 0000 0000 0000 0000 0000 0000 0000 0000 0000
0000 0000 0000 0000 0000 0000 0000 0000 0000 0000 0036 0037 0000 0000 0000 0000 0000 0000 0000 0000 0000 0000 0000 0000 0000 0000 0000 0000 0000 0000 0000 0000
0000 0000 0000 0000 0000 0000 0000 0000 0000 0055 0056 0057 0058 0000 0000 0000 0000 0000 0000 0000 0000 0000 0000 0000 0000 0000 0000 0000 0000 00A7 00A8 00A9
0000 0000 0000 0000 0000 0000 0000 0000 0000 0075 0076 0077 0078 0000 0000 0000 0000 0000 00AD 0000 0000 0000 0000 0000 0000 0000 0000 00C5 00C6 00C7 00C8 00C9
00AF 0000 00B0 00B1 00B2 00B3 00B4 00B5 0000 0000 0000 0097 0098 0099 0000 0000 00CB 00CC 00CD 00CE 0000 0000 0000 0000 0000 0000 00E4 00E5 00E6 00E7 00E8 00E9
0000 0000 00D0 00D1 00D2 00D3 00D4 00D5 0000 0000 0000 0000 0000 0000 0000 0000 0000 00EC 00ED 00EE 0000 0000 0000 0000 0000 0103 0104 0105 0106 0000 0000 0000
0000 0000 0000 0000 0000 0000 0000 0000 0000 0000 0000 0000 0000 0000 0000 0000 010B 010C 0000 0000 0000 0000 0000 0000 0000 0123 0124 0125 0126 0000 0000 0000
0000 0000 0000 0000 0000 0000 0000 00B6 00B7 00B8 0000 0000 0000 0000 0000 012A 012B 012C 012D 0000 0000 0000 0000 0000 0142 0143 0144 0145 0146 0147 0148 0149
00B9 0000 0000 0000 0000 0000 0000 00D6 00D7 00D8 0000 0000 0000 0000 0000 014A 014B 014C 014D 014E 0000 0000 0000 0000 0162 0163 0164 0000 0166 0167 0168 0169
0000 0000 0000 0000 0000 0000 0000 0000 0000 0000 0000 0000 0000 0000 0000 0000 016B 016C 016D 0000 0000 0000 0000 0000 0182 0183 0184 0185 0186 0187 0000 0000
0000 0000 0000 0000 0000 0000 0000 0000 0000 0000 0000 0000 0000 0000 0000 0000 0000 0000 0000 0000 0000 0000 0000 0000 01A2 01A3 01A4 01A5 01A6 01A7 0000 0000
00BA 0000 0000 0000 0000 0000 0000 0000 0000 0000 00BC 00BD 00BE 00BF 0000 0000 0000 0000 0000 0000 0000 0000 01C0 01C1 01C2 01C3 01C4 01C5 0000 0000 01C8 01C9
0000 0000 0000 0000 0000 0000 0000 0000 0000 00DB 00DC 00DD 00DE 00DF 0000 0000 0000 0000 0000 0000 0000 0000 01E0 01E1 01E2 01E3 01E4 01E5 01E6 0000 0000 0000
0000 0000 0000 0000 0000 0000 0000 0000 0000 00FB 00FC 00FD 00FE 00FF 0000 0000 0241 0242 0243 0000 0000 0000 0000 0201 0202 0203 0204 0205 0000 0000 0000 0000
0000 0000 0000 0000 0244 0245 0246 0000 0000 011B 011C 011D 011E 011F 0000 0260 0261 0262 0263 0000 0000 0000 0000 0221 0222 0223 0224 0225 0226 0000 0000 0000
0247 0000 0000 0000 0264 0265 0266 0000 0000 0000 0000 0000 0000 0000 0000 0280 0281 0282 0283 0000 0000 0000 0000 0000 0000 0000 0000 0000 0000 0000 0248 0249
0267 0000 0000 0000 0000 0000 0000 0000 0000 0000 0000 0000 0000 0000 0000 0000 0000 0000 0000 0000 0000 0000 0000 0000 0000 0000 0000 0000 0000 0000 0268 0269
0000 0000 0000 0000 0000 0000 0000 0000 0000 0000 0000 0000 0000 0000 0000 0000 0000 0000 024C 024D 024E 0000 0000 0000 0000 0000 0000 0000 0000 0000 0000 0000
0000 0000 0000 0255 0256 0000 0000 0000 0000 0000 0000 0000 0000 0000 0000 0000 0000 0000 026C 026D 026E 0000 0000 0000 0000 0000 0000 0000 0000 0000 0000 0000
0000 0000 0274 0275 0276 0277 0278 0279 0000 0000 0000 0000 0000 0000 0000 0000 028A 028B 028C 0000 0000 028F 0290 0291 0000 0000 0321 0322 0000 0000 0000 0000
0000 0000 0294 0295 0296 0297 0298 0299 0000 0000 0000 0000 0000 0000 0000 0000 02AA 02AB 02AC 02AD 02AE 02AF 02B0 02B1 0000 0340 0341 0342 0343 0344 0000 0000
0000 0000 02B4 02B5 02B6 02B7 02B8 02B9 02BA 02BB 02BC 02BD 02BE 0000 0000 0000 0000 0000 0000 0000 0000 0000 0000 0000 0000 0000 0361 0362 0363 0364 0000 0000
02D2 02D3 02D4 02D5 02D6 02D7 02D8 02D9 02DA 02DB 02DC 02DD 02DE 02DF 0000 0000 0000 0000 0000 0000 0000 0000 0000 0000 0000 0000 0381 0382 0383 0384 0385 0386
02F2 02F3 02F4 0000 0000 0000 0000 0000 02FA 02FB 02FC 02FD 02FE 02FF 0000 0000 0000 0000 0000 0000 0000 0000 0000 0000 0000 0000 0000 0000 03A3 03A4 03A5 03A6
0312 0313 0314 0000 0000 0000 0000 0000 031A 031B 031C 031D 031E 031F 0000 0000 0000 0000 0000 0000 0000 0000 0000 0000 0000 0000 0000 0000 0000 03C4 03C5 03C6
