ATARI GAUNTLET MOTION OBJECT 16X16 TILEMAP
SOURCE: level-044.png
GRID: 32 X 32
TILE_SIZE: 16 X 16
ATLAS_TILES: 992
UNIQUE_PIXEL_TILES: 184
CONNECTED_OBJECT_GROUPS: 20

0000 0000 0022 0023 0024 0025 0026 0027 0028 0000 0000 0000 0000 0000 0000 002B 0000 0000 0000 0000 0000 0000 0000 0000 0000 0000 0000 0000 0000 0000 0000 0000
0000 0041 0042 0043 0044 0045 0046 0047 0048 0000 0000 0000 0000 0000 0000 004B 0000 0000 0000 0000 0000 0000 0000 0000 0000 003C 003D 003E 0000 0000 01E0 01E1
0060 0061 0062 0063 0064 0065 0066 0000 0000 0000 0000 0000 0000 0000 0000 006B 0000 0000 0000 0000 0000 0000 0000 0000 0000 005C 005D 005E 0000 0000 0200 0201
0080 0081 0082 0083 0084 0085 0086 0000 0000 0000 0000 0000 0000 0000 0000 008B 0000 0000 0000 0000 0000 0000 0000 0000 0000 0000 0000 0000 0000 0000 0000 0000
00A0 00A1 00A2 00A3 00A4 00A5 00A6 0000 0000 0000 0000 0000 0000 0000 0000 0000 00AC 00AD 00AE 00AF 00B0 00B1 00B2 00B3 00B4 00B5 00B6 00B7 00B8 00B9 00BA 00BB
00C0 00C1 00C2 00C3 00C4 00C5 00C6 0000 0000 0000 0000 0000 0000 0000 0000 00CB 00CC 00CD 00CE 00CF 00D0 00D1 00D2 00D3 00D4 00D5 00D6 00D7 00D8 00D9 00DA 00DB
0000 0000 0000 0000 0000 0000 0000 0000 0000 0000 0000 0000 0000 0000 0000 0000 00EC 00ED 00EE 00EF 00F0 00F1 00F2 00F3 00F4 00F5 00F6 00F7 00F8 00F9 00FA 00FB
01E2 0000 0000 0000 0000 0000 0000 0000 0000 0000 0000 0000 0000 0000 0000 010B 010C 010D 010E 010F 0110 0111 0112 0113 0114 0115 0116 0117 0118 0119 011A 011B
0000 0000 0000 0000 0000 0000 0000 0000 0000 0000 0000 0000 0000 0000 0000 0000 012C 012D 012E 012F 0130 0131 0132 0133 0134 0135 0136 0137 0138 0139 013A 013B
01E3 0000 0000 0000 0000 0000 0000 0000 0000 0000 0000 0000 0000 0000 0000 014B 014C 014D 014E 014F 0150 0151 0152 0153 0154 0155 0156 0157 0158 0159 015A 015B
0203 0204 0205 0000 0000 0000 0000 0000 0000 0000 0000 0000 0000 0169 016A 016B 016C 016D 016E 016F 0170 0171 0172 0173 0174 0175 0176 0177 0178 0179 017A 017B
0223 0224 0225 0000 0000 0000 0000 0000 0000 0000 0000 0000 0000 0189 018A 018B 018C 018D 018E 018F 0190 0191 0192 0193 0194 0195 0196 0197 0198 0199 019A 019B
0243 0244 0245 0000 0000 0000 0000 0000 01E8 01E9 01EA 01EB 0000 01A9 01AA 01AB 0000 0000 0000 0000 0000 0000 0000 0000 0000 0000 0000 0000 0000 0000 0000 0000
0263 0264 0265 0000 0000 0000 0000 0000 0000 0000 0000 0000 0000 01C9 01CA 01CB 0000 0000 0000 0000 0000 0000 0000 0000 0000 0000 0000 0000 0000 0000 0000 0000
0000 0000 0000 0286 0287 0000 0000 0000 0000 0000 0000 0000 0000 0000 0000 0000 0000 0000 0000 0000 0000 0000 0000 0000 01EC 0000 0000 0000 0000 0000 0000 0000
0000 0000 02A5 02A6 02A7 0000 0000 0000 0000 0000 0000 0000 0000 0000 0000 0000 0000 0000 0000 0000 0000 0000 0000 0000 0000 0000 0000 0000 0000 0000 0000 0000
0000 0000 0000 0000 0000 0000 0000 0000 0000 0000 0000 0000 0000 0000 0000 0000 0000 0000 0000 0000 0000 0000 0000 0000 0000 0000 0000 0000 0000 0000 0000 0000
0000 0000 0000 0000 0000 0000 0000 0000 0000 0000 0000 0000 0000 01EF 01F0 01F1 01F2 01F3 0000 0000 0000 0000 0000 0000 0000 0000 0000 0000 0000 0000 0000 0000
01F7 01F8 01F9 01FA 01FB 01FC 0000 0000 0000 0000 0000 0000 020E 020F 0210 0211 0212 0213 0000 0000 0000 0000 0000 0000 0000 0000 0000 0000 0000 0000 0000 0000
0217 0218 0219 021A 021B 021C 0000 0000 0000 0000 0000 022D 0000 0000 0000 0000 0232 0233 0234 0000 0000 0000 0000 0000 0000 0000 0000 0000 0000 0000 0000 0000
0237 0238 0239 0000 0000 023C 023D 023E 023F 0000 0000 0000 0000 0000 0000 0251 0252 0253 0254 0000 0000 0000 0000 0000 0000 0000 0000 0000 0000 0000 0000 0000
0257 0258 0259 0000 0000 0000 0000 0000 0000 0000 0000 0000 0000 0000 0000 0000 0000 0000 0274 0275 0276 0000 0000 0000 0000 0000 0000 0000 0000 0000 0000 0000
0000 0000 0000 0000 0000 0000 0000 0000 0000 0000 0000 0000 0000 0000 0321 0322 0000 0000 0294 0295 0296 0000 0000 0000 0000 0000 0000 0000 0000 0000 0000 0000
0000 0000 0000 0000 0000 0000 0000 0000 0000 0000 0000 0000 0000 0340 0341 0342 0000 0000 02B4 0000 0000 0000 0324 0000 0000 0000 0328 0329 0000 0000 0000 0000
0000 0000 0000 0000 0000 0000 0000 0000 0000 0000 0000 0000 0000 0000 0000 0000 0000 0000 02D4 0000 0000 0343 0344 0345 0346 0347 0348 0349 034A 0000 0000 0000
0000 0000 0000 0000 0000 0000 0000 0000 0000 0000 0000 0000 0000 0000 0000 0000 0000 0000 02F4 0000 0000 0000 0364 0365 0366 0367 0368 0000 036A 0000 0000 0000
0000 0000 0000 0000 032C 032D 0000 0000 0000 032F 0330 0000 0000 0000 0000 0000 0000 0000 0314 0000 0000 0383 0384 0385 0386 0387 0388 0389 038A 0000 0000 0000
0000 0000 0000 034B 034C 034D 0000 0000 034E 034F 0350 0000 0000 0000 0000 0000 0331 0000 0000 0000 0000 0000 03A4 03A5 03A6 03A7 03A8 03A9 03AA 0000 0000 0000
0000 0332 0000 0000 0000 0000 0000 0000 0000 0000 0000 0000 0000 0000 0000 0000 0000 0000 0000 0000 0000 03C3 03C4 03C5 0000 03C7 03C8 03C9 03CA 0000 0000 0000
0000 0000 0000 0000 0000 0000 0000 0000 0000 0000 0000 0000 0000 0000 0000 0000 0000 0333 0000 0334 0000 0000 0000 0000 0000 0000 0000 0000 0000 0000 0000 0000
0335 0336 0337 0000 0000 0000 0000 0000 0000 0000 0000 0000 0000 0000 0000 0000 0000 0000 0000 0000 0000 0000 0000 0000 0000 0000 0338 0339 033A 033B 033C 033D
0355 0356 0357 0000 0000 0000 0000 0000 0000 0000 0000 0000 0000 0000 0000 0000 0000 0000 0000 0000 0000 0000 0000 0000 0000 0000 0358 0359 035A 035B 035C 035D
