ATARI GAUNTLET PLAYFIELD 16X16 TILEMAP
SOURCE: level-081-playfield.png
GRID: 32 X 32
TILE_SIZE: 16 X 16
UNIQUE_TILES: 64

0000 0000 0000 0000 0000 0000 0001 0000 0000 0000 0000 0002 0003 0000 0000 0000 0000 0002 0003 0000 0000 0000 0000 0000 0001 0000 0000 0000 0000 0000 0000 0000
0004 0005 0006 0007 0004 0005 0006 0007 0004 0008 0009 000A 000B 0008 0009 0007 0004 000A 000C 0007 0004 0008 0009 0007 0004 0008 0009 0007 0004 0008 0009 0007
0007 000D 000E 0009 0007 000D 000E 0009 0007 0004 0008 000A 000F 0004 0008 0009 0007 000A 0010 0011 0012 0013 0014 0011 0012 0013 0015 0009 0007 0004 0008 0009
0009 000A 000B 0008 0009 000A 000B 0008 0009 0007 0004 000A 000C 0007 0004 0008 0009 0016 0000 0000 0000 0000 0000 0000 0000 0017 000B 0008 0009 0007 0004 0008
0014 0018 0019 0013 0014 0018 000F 0004 0008 0009 0007 000A 000E 0009 0007 0004 0008 0009 0007 0004 0008 0009 0007 0004 0008 001A 001B 0013 0014 0011 0012 0013
0000 001C 0000 0000 0000 001D 001E 0012 0013 0014 0010 0018 000B 0008 0009 0007 0004 0008 0009 0007 0004 0008 0009 0007 0004 0008 001F 0000 0000 0000 0000 0000
0007 0004 0008 0009 0007 0016 0000 0000 0000 0000 0020 001D 0019 0013 0014 0011 0012 0013 0010 0011 0012 0013 0015 0009 0007 0004 0008 0009 0007 0004 0008 0009
0009 0021 0022 0008 0009 0007 0004 0008 0009 0007 0004 0016 0000 0000 0000 0000 0000 0000 0000 0000 0000 0017 000B 0008 0009 0007 0004 0008 0009 0007 0004 0008
0014 0023 0019 0013 0014 0011 0012 0013 0015 0024 0025 0004 0008 0009 0007 0004 0008 0009 0007 0004 0008 000A 0019 0013 0014 0011 0012 0013 0014 0011 0012 0013
0002 0026 0002 0003 0002 0003 0000 0017 0027 0028 0029 0012 0013 0015 0009 0007 0004 0008 0009 0007 0004 0016 0002 0003 0002 0003 0002 0003 0002 0003 0002 0003
002A 002B 002A 0029 002A 002B 0015 002C 002D 0010 002E 0000 002F 002B 0014 0011 0012 0013 0014 0006 0007 0004 001A 0029 002A 002B 002A 0030 001A 002B 002A 0029
0029 0031 002B 0031 0029 0028 002B 0018 000C 0032 0033 0008 0009 001F 0000 0000 0034 0003 002F 0035 0011 0025 0036 0031 0029 0031 002B 0015 0024 0031 002B 0031
0028 0029 0028 002B 0028 0029 002E 001D 0037 0006 0007 0004 0008 0009 0007 0004 001A 0030 0007 001F 002F 0029 0028 002B 0028 0029 0028 002B 0028 0029 0028 002B
002B 0028 0029 0031 002B 0031 0029 0038 002F 0035 0011 0012 0022 0008 0009 0007 0004 0008 0009 0007 0004 0032 0029 0028 002B 0031 0029 0028 002B 0028 0029 0028
0031 002B 0028 0029 0028 002B 0031 0030 0021 002E 0000 002F 001B 0013 0014 0011 0012 0013 0015 0009 0007 0036 0028 0029 0028 002B 0028 0029 0031 002B 0031 0029
0029 0028 002B 0028 0029 0028 0033 0005 0028 001B 0013 0014 002E 0000 0000 0000 0002 002D 002B 0015 0024 0028 002B 0028 0029 0028 002B 0028 0029 0028 002B 0028
0028 0029 0028 002B 0028 0030 0007 000D 000E 001F 0000 002F 0039 0009 0007 0004 000A 001E 0028 002B 0028 0029 0031 002B 0031 0029 0031 002B 0031 0029 0028 002B
002B 0028 0029 0028 002B 0014 0010 0018 000B 0008 0009 0007 0004 0008 0009 0007 0016 002F 0029 0031 002B 0031 0029 0023 0027 0028 0029 0028 002B 0028 0029 0028
0031 002B 0031 0029 003A 0003 0000 001D 000F 0004 0008 0009 0007 0004 0008 0009 0007 0004 0032 0029 0028 002B 002E 0001 002F 002B 0031 0029 0031 002B 0031 0029
0029 0028 002B 003B 001D 0010 0004 000A 000C 0007 0004 0005 0011 0012 0013 0014 0011 0025 0004 0032 0030 0032 0033 0008 0009 0032 002B 0028 0029 0028 002B 0028
0032 0030 0032 0033 000A 000C 0007 000A 000E 0009 0021 002E 0000 0000 0000 0000 002F 0029 0025 0004 0008 0009 0007 0004 0008 0009 0032 0033 0032 0030 0032 0033
0013 0014 0011 0012 002A 0039 0009 000A 000B 0008 000D 000F 0004 0008 0009 0007 0004 0032 0029 0012 0013 0015 0024 0012 0013 0014 0011 0012 0013 0014 0011 0012
0000 0000 0000 002F 003C 0004 0005 002A 003C 0004 000A 000C 0007 0004 0008 0009 0007 0004 001F 0000 002F 002B 002E 0000 0000 0000 0000 0000 0000 0000 0000 0000
0009 0007 0004 0008 0009 0021 0028 0039 0009 0007 000A 000E 0009 0021 0013 0014 0006 0007 0004 0008 0009 0032 0033 0008 0009 0007 0004 0008 0009 0007 0004 0008
0014 0011 0012 0013 0014 0028 001B 0013 0015 0024 002A 003D 0008 001F 0000 002F 0035 0011 0012 0022 0008 0009 0007 0004 0008 0024 0012 0013 0014 0011 0012 0013
0000 0000 0000 0000 002F 0039 001F 002F 0010 0032 0029 0025 0004 0005 0011 0012 002E 0000 002F 001B 0013 0014 0011 0012 0013 002E 0000 0000 0000 0000 0000 0000
0007 0004 0008 0024 0012 0013 0015 0009 0007 0004 000D 000C 0021 002E 0000 002F 003C 0004 0008 001F 0000 0000 0000 0000 0017 000B 0008 0009 0007 0004 0008 0009
0009 0007 0036 002E 0000 002F 002B 0014 0011 0012 0018 000E 0032 003C 0004 0008 0009 0007 0004 0008 0009 0007 0004 0008 000A 000F 0004 0008 0009 0007 0004 0008
0014 0011 0028 0033 0008 0010 003E 0003 0000 0000 001D 0010 0005 0011 0012 0013 0014 0011 0012 0013 0014 0011 0012 003F 002A 003F 0012 0013 0014 0011 0012 0013
0000 002F 0030 0007 0004 0008 001A 001B 0013 0014 002A 001B 002E 0000 0000 0000 0000 0000 0000 0000 0000 0000 0000 002F 002B 002E 0000 0000 0000 0000 0000 0000
0007 0004 0008 0009 0007 0004 0005 002E 0000 002F 0039 0032 003C 0004 0008 0009 0007 0004 0008 0009 0007 0004 0008 003F 000D 003F 0008 0009 0007 0004 0008 0009
0011 0012 0013 0014 0011 0012 0023 0037 0010 0012 0013 0014 0011 0012 0013 0014 0011 0012 0013 0014 0011 0012 0013 0014 0018 0019 0013 0014 0011 0012 0013 0014
