ATARI GAUNTLET MOTION OBJECT 16X16 TILEMAP
SOURCE: level-108.png
GRID: 32 X 32
TILE_SIZE: 16 X 16
ATLAS_TILES: 928
UNIQUE_PIXEL_TILES: 144
CONNECTED_OBJECT_GROUPS: 14

0020 0021 0022 0000 0000 0000 0000 0000 0000 0000 0000 0000 0000 0000 0000 0000 0000 0000 0000 0000 0000 0000 0000 0000 0000 0000 0000 0000 0000 0000 0023 0024
0040 0041 0042 0000 0000 0000 0000 0000 0000 0000 0000 0000 0000 0000 0000 0000 0000 0000 0000 0000 0000 0000 0000 0000 0000 0000 0000 0000 0000 0000 0043 0044
0000 0000 0000 0000 0000 0028 0029 002A 002B 0000 0000 0000 0000 0000 0000 0000 0000 0000 0000 0000 0000 0000 0000 0000 002C 002D 002E 002F 0000 0000 0000 0000
0000 0000 0000 0000 0000 0048 0049 004A 004B 0000 0000 0000 0000 0000 0000 0000 0000 0000 0000 0000 0000 0000 0000 0000 004C 004D 004E 004F 0000 0000 0000 0000
0000 0000 0000 0000 0000 0068 0069 006A 0000 0000 0000 0000 0000 0000 0000 0000 0000 0000 0000 0000 0000 0000 0000 0000 0000 006D 006E 006F 0000 0000 0000 0000
0000 0000 0085 0086 0087 0000 0000 0000 0000 0000 0000 0000 0000 0000 0000 0000 0000 0000 0000 0000 0000 0000 0000 0000 0000 0000 0000 0000 0090 0091 0092 0000
0000 0000 00A5 00A6 00A7 0000 0000 0000 0000 0000 0000 0000 0000 0000 0000 0000 0000 0000 0000 0000 0000 0000 0000 0000 0000 0000 0000 0000 00B0 00B1 00B2 0000
0000 0000 00C5 00C6 00C7 0000 0000 00E0 00E1 00E2 0000 0000 0000 0000 0000 0000 0000 0000 0000 0000 0000 0000 0000 00F0 00F1 00F2 0000 0000 00D0 00D1 00D2 0000
0000 0000 0000 0000 0000 0000 0000 0100 0101 0102 0000 0000 0000 0000 0000 0000 0000 0000 0000 0000 0000 0000 0000 0110 0111 0112 0000 0000 0000 0000 0000 0000
0000 0000 0000 0000 0000 0000 0000 0000 0000 0122 0123 0124 0125 0126 0127 0128 0129 012A 012B 012C 012D 012E 012F 0130 0000 0000 0000 0000 0000 0000 0000 0000
0000 0000 0000 0000 0000 0000 0000 0000 0000 0142 0000 0144 0000 0146 0147 0148 0000 0000 0000 014C 0000 0000 0000 0150 0000 0000 0000 0000 0000 0000 0000 0000
0000 0000 0000 0000 0000 0000 0000 0000 0000 0162 0000 0000 0000 0000 0000 0000 0000 0000 0000 0000 0000 0000 016F 0170 0000 0000 0000 0000 0000 0000 0000 0000
0000 0000 0000 0000 0000 0000 0000 0000 0000 0182 0183 0000 0000 0000 0000 0000 0000 0000 0000 0000 0000 018E 018F 0190 0000 0000 0000 00F3 00F4 00F5 0000 0000
0000 0000 0000 00F8 00F9 00FA 0000 0000 0000 01A2 01A3 0000 0000 01A6 01A7 01A8 01A9 01AA 01AB 01AC 01AD 01AE 01AF 01B0 0000 0000 0000 0113 0114 0115 0116 0000
0000 0000 0000 0118 0119 011A 0000 0000 0000 01C2 0000 0000 0000 01C6 01C7 0000 0000 0000 01CB 01CC 0000 0000 0000 01D0 0000 0000 0000 0133 0134 0135 0136 0000
0000 0000 0137 0138 0139 013A 0000 0000 0000 01E2 0000 0000 0000 01E6 0000 0000 0000 0000 0000 01EC 0000 0000 0000 01F0 0000 0000 0000 0153 0154 0155 0000 0000
0000 0000 0000 0158 0159 015A 0000 0000 0000 0202 0000 0000 0000 0206 0000 0000 00FB 0000 0000 020C 0000 0000 0000 0210 0000 0000 0000 0000 0000 0000 0000 0000
0000 0000 0000 0178 0179 017A 0000 0000 0000 0222 0223 0224 0000 0226 0227 0000 0000 0000 022B 022C 0000 0000 022F 0230 0000 0000 0000 00FC 00FD 00FE 0000 0000
0000 0000 0000 0198 0199 019A 0000 0000 0000 0242 0243 0244 0000 0246 0247 0248 0249 024A 024B 024C 0000 0000 024F 0250 0000 0000 0000 011C 011D 011E 011F 0000
0000 0000 01B7 01B8 01B9 01BA 0000 0000 0000 0262 0000 0000 0000 0000 0000 0000 0000 0000 0000 0000 0000 0000 0000 0270 0000 0000 0000 013C 013D 013E 013F 0000
0000 0000 0000 01D8 01D9 01DA 0000 0000 0000 0282 0283 0000 0285 0286 0287 0000 0000 0000 028B 028C 028D 0000 0000 0290 0000 0000 0000 015C 015D 015E 0000 0000
0000 0000 0000 0000 0000 0000 0000 0000 0000 02A2 0000 0000 02A5 02A6 02A7 0000 0000 0000 02AB 02AC 02AD 02AE 0000 0000 0000 0000 0000 0000 0000 0000 0000 0000
0000 0000 0000 0000 0000 0000 0000 02C0 02C1 02C2 02C3 02C4 02C5 02C6 02C7 02C8 02C9 02CA 02CB 02CC 02CD 02CE 02CF 02D0 02D1 02D2 0000 0000 0000 0000 0000 0000
0000 0000 0000 0000 0000 0000 0000 02E0 02E1 02E2 0000 0000 0000 0000 0000 0000 0000 0000 0000 0000 0000 0000 0000 02F0 02F1 02F2 0000 0000 0000 0000 0000 0000
0000 0000 0300 0301 0302 0000 0000 0000 0000 0000 0000 0000 0000 0000 0000 0000 0000 0000 0000 0000 0000 0000 0000 0000 0000 0000 0000 0000 0309 030A 030B 0000
0000 0000 0320 0321 0322 0323 0000 0000 0000 0000 0000 0000 0000 0000 0000 0000 0000 0000 0000 0000 0000 0000 0000 0000 0000 0000 0000 0328 0329 032A 032B 0000
0000 0000 0340 0341 0342 0343 0000 0000 0000 0000 0000 0000 0000 0000 0000 0000 0000 0000 0000 0000 0000 0000 0000 0000 0345 0346 0347 0348 0349 034A 034B 0000
0000 0000 0000 0000 0000 0000 0000 0000 0000 0000 0000 0000 0000 0000 0000 0000 0000 0000 0000 0000 0000 0000 0000 0364 0365 0366 0367 0000 0000 0000 0000 0000
0000 0000 0000 0000 0000 030D 030E 030F 0000 0000 0000 0000 0000 0000 0000 0000 0000 0000 0000 0000 0000 0000 0000 0384 0385 0386 0387 0000 0000 0000 0000 0000
0000 0000 0000 0000 032C 032D 032E 032F 0000 0000 0000 0000 0000 0000 0000 0000 0000 0000 0000 0000 0000 0000 0000 0000 0000 0000 0000 0000 0000 0310 0311 0312
0313 0000 0000 0000 0000 0000 0000 0000 0000 0000 0000 0000 0000 0000 0000 0000 0000 0000 0000 0000 0000 0000 0000 0000 0000 0000 0000 0000 0000 0330 0331 0332
0333 0000 0000 0000 0000 0000 0000 0000 0000 0000 0000 0000 0000 0000 0000 0000 0000 0000 0000 0000 0000 0000 0000 0000 0000 0000 0000 0000 0000 0000 0351 0352
