ATARI GAUNTLET MOTION OBJECT 16X16 TILEMAP
SOURCE: level-060.png
GRID: 32 X 32
TILE_SIZE: 16 X 16
ATLAS_TILES: 1376
UNIQUE_PIXEL_TILES: 259
CONNECTED_OBJECT_GROUPS: 16

0000 0000 0000 0000 0024 0025 0026 0000 0000 0000 0000 0000 0000 0000 0000 0000 0000 0000 0000 0000 0000 0000 0000 0000 0000 0000 0000 0000 02C0 02C1 02C2 0000
0000 0000 0042 0043 0044 0045 0046 0000 0000 0000 0000 0000 0000 0000 0000 0000 0000 0000 0000 0000 0000 0000 0000 0000 0000 0000 0000 0000 02E0 02E1 02E2 0000
0000 0000 0062 0063 0064 0065 0066 0067 0068 0069 006A 006B 0000 0000 0000 0000 0000 0000 0000 0000 0000 0000 0000 0000 0078 0079 007A 0000 0000 0000 0000 0000
0000 0000 0000 0000 0084 0085 0086 0087 0088 0089 008A 008B 008C 008D 0000 0000 0000 0091 0092 0093 0000 0095 0096 0000 0098 0099 009A 0000 0000 0000 0000 0000
0000 0000 0000 0000 0000 00A5 00A6 00A7 00A8 00A9 00AA 00AB 00AC 00AD 00AE 00AF 00B0 00B1 00B2 00B3 00B4 00B5 00B6 00B7 0000 00B9 00BA 0000 0000 0000 0000 0000
0000 0000 00C2 00C3 00C4 00C5 00C6 00C7 00C8 00C9 00CA 00CB 00CC 00CD 00CE 00CF 00D0 00D1 00D2 00D3 00D4 00D5 00D6 00D7 00D8 00D9 00DA 00DB 00DC 00DD 00DE 0000
0000 00E1 00E2 00E3 00E4 00E5 0000 00E7 00E8 00E9 00EA 00EB 00EC 0000 0000 0000 0000 0000 00F2 00F3 00F4 00F5 00F6 00F7 00F8 00F9 00FA 00FB 00FC 00FD 00FE 0000
0100 0101 0102 0000 0104 0105 0106 0000 0000 0000 010A 010B 010C 0000 0000 0000 0000 0000 0112 0113 0114 0000 0000 0000 0118 0119 011A 011B 011C 011D 011E 0000
0120 0121 0122 0000 0124 0125 0126 0000 0000 0000 0000 0000 0000 0000 0000 0000 0000 0000 0000 0000 0000 0000 0000 0000 0000 0000 0000 0000 0000 0000 013E 013F
0140 0141 0142 0000 0144 0145 0146 0000 0000 02C3 02C4 02C5 0000 0000 02C6 02C7 02C8 0000 0000 02C9 02CA 02CB 0000 0000 0000 0000 0000 0000 0000 0000 015E 015F
0160 0161 0162 0000 0164 0165 0166 0000 0000 02E3 02E4 02E5 0000 0000 02E6 02E7 02E8 0000 0000 02E9 02EA 02EB 0000 0000 0000 0000 0000 0000 0000 0000 0000 0000
0000 0000 0000 0000 0184 0185 0186 0000 0000 0000 0000 0000 0000 0000 0000 0000 0000 0000 0000 0000 0000 0000 0000 0000 0000 0000 0000 0000 0000 0000 0000 0000
0000 0000 0000 0000 0000 01A5 01A6 0000 0000 0000 0000 0000 0000 0000 0000 0000 0000 0000 0000 0000 0000 0000 0000 0000 0000 0000 0000 02CF 02D0 02D1 02D2 0000
0000 01C1 01C2 0000 0000 01C5 01C6 01C7 0000 0000 0000 0000 0000 0000 0000 0000 0000 0000 0000 0000 0000 0000 0000 0000 02EC 02ED 02EE 02EF 02F0 02F1 02F2 0000
01E0 01E1 01E2 01E3 0000 01E5 01E6 01E7 0000 02D3 02D4 02D5 0000 0000 0000 0000 0000 0000 0000 02D6 02D7 02D8 0000 0000 030C 030D 030E 030F 0310 0311 0312 0000
0200 0201 0202 0203 0000 0205 0206 0207 0000 02F3 02F4 02F5 0000 0000 0000 02D9 0000 0000 0000 02F6 02F7 02F8 0000 0000 032C 032D 032E 032F 0330 0331 0332 0000
0220 0221 0222 0223 0000 0225 0226 0227 0000 0000 0000 0000 0000 0000 0000 0000 0000 0000 0000 0000 0000 0000 0000 0000 034C 034D 034E 034F 0350 0351 0352 0000
0240 0241 0242 0243 0000 0245 0246 0247 0000 0000 0000 0000 0000 0000 0000 0000 0000 0000 0000 0000 0000 0000 0000 0000 036C 036D 036E 0000 0000 0000 0000 0000
0000 0000 0000 0000 0264 0265 0266 0000 0000 0000 0000 0000 0000 0000 0000 0000 0000 0000 0000 0000 0000 0000 0000 0000 0000 0000 0000 0000 0000 0000 0000 0000
0000 0000 0000 0000 0284 0285 0286 0287 0000 02DA 02DB 02DC 0000 0000 02DD 02DE 02DF 0000 0000 0380 0381 0382 0000 0383 0384 0385 0000 0000 0000 0000 0000 0000
0000 0000 0000 0000 0000 02A5 02A6 02A7 0000 02FA 02FB 02FC 0000 0000 02FD 02FE 02FF 0000 0000 03A0 03A1 03A2 0000 03A3 03A4 03A5 0000 0000 0000 0000 0000 0000
0000 0000 0000 0000 0000 0000 0000 0000 0000 0000 0000 0000 0000 0000 0000 0000 0000 0000 0000 0000 0000 0000 0000 0000 0000 0000 0000 03DB 03DC 03DD 0000 0000
0000 03E1 03E2 0000 03E4 03E5 0000 0000 0000 0000 0000 0000 0000 0000 0000 0000 0000 0000 0000 0000 0000 0000 0000 0000 0000 0000 03FA 03FB 03FC 03FD 0000 0000
0400 0401 0402 0000 0404 0405 0406 0000 0408 0409 040A 040B 0000 0000 0000 0000 0000 0000 0000 0413 0414 0415 0416 0417 0418 0419 041A 041B 041C 041D 0000 0000
0420 0421 0422 0000 0424 0425 0426 0000 0428 0429 042A 042B 042C 042D 042E 042F 0430 0431 0000 0433 0434 0435 0436 0437 0438 0439 043A 043B 043C 043D 0000 0000
0440 0441 0442 0443 0444 0445 0446 0447 0000 0000 0000 0000 044C 044D 044E 044F 0450 0451 0452 0000 0000 0000 0456 0457 0458 0459 045A 045B 045C 045D 045E 0000
0460 0461 0462 0463 0464 0465 0000 0000 0000 0469 046A 046B 0000 046D 046E 046F 0000 0000 0000 0000 0000 0000 0000 0000 0000 0000 047A 047B 047C 047D 047E 0000
0000 0000 0000 0000 0000 0000 0000 0000 0000 0489 048A 048B 0000 0000 0000 0000 0000 0000 0000 0000 0000 0000 0000 0000 0000 0000 049A 049B 049C 049D 049E 0000
0000 0000 0000 0000 0000 0000 0000 0000 0000 0000 0000 0000 0000 0000 0000 0000 0000 0000 0000 0000 0000 04E1 04E2 04E3 0000 0000 04BA 04BB 04BC 04BD 04BE 0000
0000 0000 0000 0000 0000 0000 0000 0000 0000 0000 04E6 04E7 04E8 04E9 04EA 04EB 0000 0000 0000 0000 0500 0501 0502 0503 0504 0000 04DA 04DB 04DC 04DD 04DE 0000
0000 0000 0000 0000 0000 0000 0000 0000 0000 0505 0506 0507 0508 0509 050A 050B 0000 0000 0000 0000 0000 0521 0522 0523 0524 0000 0000 0000 0000 0000 0000 0000
0000 0000 0000 0000 0000 0000 0000 0000 0000 0525 0526 0527 0528 0529 052A 052B 0000 0000 0000 0000 0540 0541 0542 0543 0544 0000 0000 0000 0000 0000 0000 0000
