ATARI GAUNTLET MOTION OBJECT 16X16 TILEMAP
SOURCE: treasure-room-01.png
GRID: 32 X 32
TILE_SIZE: 16 X 16
ATLAS_TILES: 672
UNIQUE_PIXEL_TILES: 55
CONNECTED_OBJECT_GROUPS: 32

0000 0000 0000 0000 0000 0000 0000 0000 0020 0021 0022 0000 0000 0000 0000 0000 0000 0000 0000 0000 0000 0000 0000 0000 0000 0000 0000 0000 0000 0000 0000 0000
0023 0024 0025 0026 0000 0000 0000 0000 0040 0041 0042 0000 0000 0000 0000 0027 0028 0029 002A 002B 0000 0000 0000 0000 0000 0000 0000 0000 0000 0000 0000 002F
0043 0044 0045 0046 0000 0000 0000 0000 0000 0000 0000 0000 0000 0000 0000 0047 0048 0049 004A 004B 0000 0000 0000 0000 0000 0000 0000 0000 0000 0000 0000 004F
0000 0000 0000 0000 0000 0000 0000 0000 0000 0000 0000 0000 0000 0000 0000 0000 0000 0000 0000 0000 0000 0000 0000 0000 0000 0000 0000 0000 006C 006D 006E 0000
0000 0000 0000 0030 0031 0032 0000 0000 0000 0000 0000 0000 0000 0033 0034 0035 0000 0000 0000 0000 0000 0000 0036 0037 0038 0000 0000 0000 008C 008D 008E 0000
0000 0000 0000 0050 0051 0052 0000 0000 0000 0000 0000 0000 0000 0053 0054 0055 0000 0000 0000 0000 0000 0000 0056 0057 0058 0000 0000 0000 0000 0000 0000 0000
0000 0000 0000 0000 0000 0000 0000 0000 0000 003C 003D 003E 0000 0000 0000 0000 0000 0000 0000 0000 0000 0000 0000 0000 0078 0079 007A 0000 0000 0000 0000 0000
0000 0000 0000 0000 0000 0000 0000 0000 0000 005C 005D 005E 0000 0000 0000 0000 0000 0000 0000 0000 0000 0000 0000 0000 0098 0099 009A 0000 0000 0000 0000 0000
00C0 0000 0000 0000 0000 0000 0000 0000 0000 0000 007D 007E 007F 0000 0000 0000 0000 0000 00C5 00C6 00C7 0000 0000 0000 0000 0000 0000 0000 0000 0000 00C8 00C9
00E0 00E1 00E2 0000 0000 0000 0000 0000 009B 009C 009D 009E 009F 0000 0000 0000 0000 0000 00E5 00E6 00E7 0000 0000 0000 0000 0000 0000 0000 0000 0000 00E8 00E9
0100 0101 0102 0000 0000 0000 0000 0000 00BB 00BC 00BD 0000 0000 0000 0000 0000 0000 0000 0000 0000 0000 0000 0000 0000 0000 0000 0000 0000 0000 0000 0000 0000
0000 0000 0122 0123 0124 0000 0000 0000 0000 0000 0000 0000 0000 0000 0000 0000 0000 0000 00CA 00CB 00CC 0000 0000 0000 0000 0000 00CD 00CE 00CF 0000 0000 0000
0000 0000 0142 0143 0144 0000 0000 0000 0000 0000 0000 0000 0000 0000 0000 0000 0000 0000 00EA 00EB 00EC 0000 0000 0000 0000 0000 00ED 00EE 00EF 0000 0000 0000
0000 0000 0000 0000 0000 0000 0000 0000 0000 0000 0000 00D0 00D1 00D2 0000 0000 0000 0000 0000 0000 0000 0000 0000 0000 0000 0000 0000 0000 0000 0000 0000 0000
00D3 00D4 0000 0000 0000 0000 0000 0000 0000 0000 0000 00F0 00F1 00F2 0000 0000 0000 0000 0000 0000 0000 0000 0000 00D5 0000 0000 0000 0000 0000 0000 0000 00D6
00F3 00F4 0000 0000 0000 0000 0000 0000 0000 0000 0000 0000 0000 0000 0000 0000 0000 0000 0000 0000 0000 0000 0000 0000 0000 0000 0000 0000 0000 0000 0000 00F6
0000 0000 0000 0000 0000 0000 00D7 00D8 00D9 0000 0000 0000 0000 0000 0000 0000 0000 00DA 00DB 00DC 0000 0000 0000 0000 0000 0000 0162 0163 0164 0000 0000 0000
0000 0000 0000 0000 0000 0000 00F7 00F8 00F9 0000 0000 0000 0000 0000 0000 0000 0000 00FA 00FB 00FC 0000 0000 0000 0000 0000 0000 0182 0183 0184 0000 0000 0000
0000 0000 0000 0000 0000 0000 0000 0000 0000 0000 0000 0000 0000 0000 0000 0000 0000 0000 0000 0000 011D 011E 011F 0000 01A0 01A1 01A2 0000 0000 0000 0000 0000
0000 0000 0000 0000 0000 0000 0000 0000 0000 0167 0168 0169 0000 0000 0000 0000 0000 0000 0000 0000 013D 013E 013F 0000 01C0 01C1 01C2 0000 0000 0000 0000 0000
0000 0000 0000 0000 0000 0000 0000 0000 0000 0187 0188 0189 0000 0000 0000 0000 0000 0000 0000 0000 0000 0000 0000 0000 0000 0000 0000 0000 0000 016A 016B 016C
0000 0000 0000 0000 0000 0000 0000 01A5 01A6 01A7 0000 0000 0000 0000 0000 0000 016D 016E 016F 0000 0000 0000 0000 0000 0000 0000 0000 0000 0000 018A 018B 018C
0000 0000 0175 0176 0177 0000 0000 01C5 01C6 01C7 0000 0000 0000 0000 0000 0000 018D 018E 018F 0000 0000 0000 0000 0000 0000 0000 0000 0000 0000 0000 0000 0000
0000 0000 0195 0196 0197 0000 0000 0000 0000 0000 0000 0000 0000 0000 0000 0000 0000 0000 0000 01B0 01B1 01B2 01B3 01B4 0000 0000 0000 0000 0000 0000 0000 0000
0178 0000 0000 0000 0000 0000 0000 0000 0000 0000 0000 0000 0000 0000 0000 0000 0000 0000 0000 01D0 01D1 01D2 01D3 01D4 0000 0000 0000 0000 0000 017A 017B 017C
0198 0000 0000 0000 0000 0000 0000 0000 017D 017E 017F 0000 0000 0000 0220 0221 0222 0000 0000 0000 0000 01F2 01F3 01F4 0000 0000 0000 0000 0000 019A 019B 019C
01B8 01B9 0000 0000 0000 0000 0000 0000 019D 019E 019F 0000 0000 0000 0240 0241 0242 0000 0000 0000 0000 0212 0213 0214 0000 0000 0000 0000 0000 0000 0000 01BC
01D8 01D9 0000 0000 0000 0000 0000 0000 0000 0000 0000 0000 0000 0000 0000 0000 0000 0000 0000 0000 0000 0000 0000 0000 0000 0000 0000 0000 0000 0000 0000 01DC
01F8 01F9 0000 0000 0000 0000 0000 0000 0000 0223 0224 0225 0226 0227 0000 0000 0000 0000 0000 0000 0228 0229 022A 022B 022C 0000 0000 0000 0000 01FA 01FB 01FC
0218 0219 0000 0000 0000 0000 0000 0000 0000 0243 0244 0245 0246 0247 0000 0000 0000 0000 0000 0000 0248 0249 024A 024B 024C 0000 0000 0000 0000 021A 021B 021C
0000 0000 0000 0000 0230 0231 0232 0000 0000 0000 0000 0000 0000 0000 0000 0000 0233 0234 0235 0000 0000 0000 0000 0000 0000 026D 026E 026F 0000 0000 0000 0000
0000 0000 0000 0000 0250 0251 0252 0000 0000 0000 0000 0000 0000 0000 0000 0000 0253 0254 0255 0000 0000 0000 0000 0000 0000 028D 028E 028F 0000 0000 0000 0000
