ATARI GAUNTLET MOTION OBJECT 16X16 TILEMAP
SOURCE: treasure-room-10.png
GRID: 32 X 32
TILE_SIZE: 16 X 16
ATLAS_TILES: 1536
UNIQUE_PIXEL_TILES: 69
CONNECTED_OBJECT_GROUPS: 27

0020 0021 0022 0023 0000 0000 0000 0000 0000 0000 0000 0000 0000 0000 0000 0000 0000 0000 0032 0033 0034 0000 0000 0000 0000 0000 0000 0000 0000 0000 0000 0000
0040 0041 0042 0043 0044 0045 0000 0000 0000 0000 0000 01A3 01A4 01A5 0000 0000 0000 0000 0052 0053 0054 0055 0000 0000 0000 01A6 01A7 01A8 0000 0000 0000 0000
0000 0000 0000 0063 0064 0065 0000 0000 0000 0000 0000 01C3 01C4 01C5 0000 006F 0070 0071 0000 0073 0074 0075 0000 0000 0000 01C6 01C7 01C8 01C9 01CA 01CB 0000
0000 0000 0000 0000 0000 0000 0000 0000 01E0 01E1 01E2 0000 0000 0000 0000 008F 0090 0091 0092 0093 0000 0095 0096 0097 0000 0000 0000 0000 01E9 01EA 01EB 0000
0000 0000 0000 0000 0000 0000 0000 0000 0200 0201 0202 0000 0000 0000 0000 0000 0000 00B1 00B2 00B3 0000 00B5 00B6 00B7 0000 0000 0000 0000 0000 0000 0000 0000
0000 0000 0000 0000 0000 0000 0000 0000 0000 0000 0000 0000 00CC 00CD 00CE 00CF 00D0 0000 0000 0000 0000 0000 0000 00D7 00D8 00D9 00DA 00DB 00DC 0000 0000 0000
0000 0000 01AC 01AD 01AE 0000 0000 0000 0000 0000 0000 0000 00EC 00ED 00EE 00EF 00F0 0000 0000 0000 0000 0000 0000 00F7 00F8 00F9 00FA 00FB 00FC 0000 0000 0000
0000 0000 01CC 01CD 01CE 0000 0106 0107 0108 0000 0000 010B 010C 010D 010E 010F 0000 0000 0000 01AF 01B0 01B1 0000 0000 0000 0000 0000 0000 0000 0000 0000 0000
0000 0000 0000 0000 0000 0000 0126 0127 0128 0129 012A 012B 012C 012D 0000 0000 0000 0000 0000 01CF 01D0 01D1 01D2 01D3 01D4 01D5 01D6 0000 0000 01B7 01B8 01B9
0000 0000 0000 0000 0000 0000 0000 0000 0000 0149 014A 014B 0000 0000 0000 01BA 01BB 01BC 0000 0000 0000 01F1 01F2 01F3 01F4 01F5 01F6 0000 0000 01D7 01D8 01D9
0000 0000 0000 0000 01BD 01BE 01BF 0000 0168 0169 016A 016B 016C 016D 0000 01DA 01DB 01DC 0000 020F 0210 0211 0000 0000 0000 0000 0000 0000 0000 0000 0000 0000
0000 0000 0000 0000 01DD 01DE 01DF 0000 0188 0189 018A 018B 018C 018D 0000 0000 0000 0000 0000 022F 0230 0231 0232 0233 0234 0000 0260 0261 0262 0000 0000 0000
0263 0000 0000 0000 0000 0000 0000 0000 0000 0000 0000 0000 0000 0000 0000 0000 0000 0000 0000 0000 0000 0000 0252 0253 0254 0000 0280 0281 0282 0000 0266 0267
0283 0000 026A 026B 026C 0000 0000 0000 0000 0000 0000 0000 0000 0000 0000 0000 0000 0000 0000 0000 0000 0000 0000 0000 0000 0000 0000 0000 0000 0000 0286 0287
0000 0000 028A 028B 028C 0000 0000 0000 0000 0000 026D 026E 026F 0000 0000 0000 0000 0000 0000 0000 0000 0000 0000 0000 0270 0271 0272 0000 0000 02A5 02A6 02A7
02A8 02A9 02AA 0000 0000 0000 0273 0274 0275 0000 028D 028E 028F 0000 0000 0000 0000 0000 0000 0000 0276 0277 0278 0000 0290 0291 0292 0000 0000 02C5 02C6 02C7
02C8 02C9 02CA 0000 0000 0000 0293 0294 0295 0000 0000 0000 0000 0000 0000 0000 0279 0000 0000 0000 0296 0297 0298 0000 0000 0000 0000 0000 02E4 02E5 02E6 0000
0000 0000 0000 0000 0000 0000 0000 0000 0000 0000 0000 0000 0000 0000 0000 0000 0000 0000 0000 0000 0000 0000 0000 0000 027A 027B 027C 0000 0304 0305 0306 0000
0000 0000 0000 0000 0320 0321 0322 0000 0000 0000 0000 0000 0000 0000 0000 0000 0000 0000 0000 0000 0000 0000 0000 0000 029A 029B 029C 0000 0000 0000 0000 0000
0000 0000 0000 0000 0340 0341 0342 0000 0000 0000 0000 0000 0000 0000 0000 0000 0000 0000 0000 0000 0000 0000 0000 0000 0000 0000 02BC 02BD 02BE 0000 0000 0000
0000 0000 0000 0000 0000 0000 0000 0000 0325 0326 0327 0328 0329 032A 0000 0000 0000 0000 0000 0480 0481 0482 0483 0484 0485 0000 02DC 02DD 02DE 0000 0000 0000
0000 0000 048D 048E 048F 0000 0000 0000 0345 0346 0347 0348 0349 034A 0000 034C 034D 034E 0000 04A0 04A1 04A2 04A3 04A4 04A5 0000 0000 0000 0000 0000 0000 0000
0000 0000 04AD 04AE 04AF 0000 0363 0364 0365 0366 0367 0368 0000 0000 0000 036C 036D 036E 0000 0000 0000 04C2 04C3 04C4 0000 0000 0000 0000 0000 0490 0491 0492
0000 0000 0000 0000 0000 0000 0383 0384 0385 0386 0387 0388 0389 038A 0000 0000 0000 038E 038F 0390 0000 04E2 04E3 04E4 04E5 04E6 04E7 0000 0000 04B0 04B1 04B2
0000 0000 0000 0000 0000 0000 0000 0000 0000 0000 0000 03A8 03A9 03AA 0000 0000 0000 03AE 03AF 03B0 0000 0000 0000 0000 0505 0506 0507 0000 0000 0000 0000 0000
0493 0494 0495 0000 0497 0498 0499 0000 03C5 03C6 03C7 0000 0000 0000 03CB 03CC 03CD 0000 0000 0000 0000 0000 0523 0524 0525 0000 0000 0000 0000 0000 0000 0000
04B3 04B4 04B5 04B6 04B7 04B8 04B9 0000 03E5 03E6 03E7 0000 0000 0000 03EB 03EC 03ED 0000 0000 0000 0000 0000 0543 0544 0545 0000 0000 0000 0000 0000 0000 0000
0000 0000 04D5 04D6 04D7 0000 0000 0000 0000 0000 0000 0408 0409 040A 0000 0000 0000 040E 040F 0410 0000 0000 0000 0000 0000 0566 0567 0568 0000 0000 0000 0000
0000 0000 0000 0000 0000 0000 0000 0000 0000 0000 0000 0428 0429 042A 0000 0000 0000 042E 042F 0430 0000 0000 0000 0000 0000 0586 0587 0588 0000 0000 0000 0000
049A 0000 0000 0000 0000 0000 0000 049B 049C 049D 0000 0000 0000 0000 044B 044C 044D 0000 0000 0000 0451 0452 0453 0000 0000 0000 0000 0000 05A9 05AA 05AB 05AC
04BA 0000 0000 0000 0000 0000 0000 04BB 04BC 04BD 04BE 0000 0000 0000 046B 046C 046D 0000 0000 0000 0471 0472 0473 0000 0000 0000 05C7 05C8 05C9 05CA 05CB 05CC
0000 0000 0000 0000 0000 0000 0000 0000 04DC 04DD 04DE 0000 0000 0000 0000 0000 0000 0000 0000 0000 0000 0000 0000 0000 0000 0000 05E7 05E8 05E9 0000 0000 0000
