ATARI GAUNTLET MOTION OBJECT 16X16 TILEMAP
SOURCE: treasure-room-07.png
GRID: 32 X 32
TILE_SIZE: 16 X 16
ATLAS_TILES: 1184
UNIQUE_PIXEL_TILES: 76
CONNECTED_OBJECT_GROUPS: 18

0000 0000 0000 0000 0000 0000 0000 0000 0000 0000 0000 0000 0000 0000 0000 0000 0000 0000 0000 0000 0000 0000 0000 0000 0000 0000 0000 0000 0000 0000 0000 0000
0000 0000 0020 0021 0022 0023 0024 0025 0026 0027 0028 0029 002A 002B 002C 0000 0000 0000 0030 0031 0032 0000 0000 0000 0000 0000 0000 0000 0000 0000 0000 0000
0000 0000 0040 0041 0042 0043 0044 0045 0046 0047 0048 0049 004A 004B 004C 004D 004E 004F 0050 0051 0052 0053 0000 0000 0000 0000 0000 0000 0000 0000 0000 0000
0000 0000 0000 0061 0062 0063 0064 0065 0066 0067 0068 0069 006A 006B 006C 006D 006E 006F 0070 0071 0072 0073 0000 0000 0000 0000 0000 0037 0038 0039 0000 0000
0000 0000 0000 0000 0000 0000 0000 0000 0000 0000 0000 0000 0000 0000 0000 0000 0000 0000 0090 0091 0092 0000 0000 0000 0000 0000 0000 0057 0058 0059 0000 0000
0000 0000 0000 0000 0000 0000 0000 0000 0000 0000 0000 0000 0000 0000 0000 0000 0000 0000 0000 0000 0000 0000 0000 0000 0000 0000 0000 0077 0078 0079 0000 0000
0000 0000 0000 0000 0000 0000 0000 0000 0000 0000 0000 0000 0000 0000 0000 0000 0000 0000 0000 003B 003C 003D 0000 0000 0094 0095 0096 0000 0000 0000 0000 0000
0000 0000 0000 0000 0000 0000 0000 0000 0000 0000 0000 0000 0000 0000 0000 0000 0000 0000 005A 005B 005C 005D 0000 0000 00B4 00B5 00B6 0000 0000 0000 0000 0000
0180 0181 0182 0000 0000 0000 0000 0000 0000 0000 0000 0000 0000 0000 0000 0000 0000 0000 007A 007B 007C 007D 0000 0000 0000 0000 0000 0000 0000 0000 0000 0000
01A0 01A1 01A2 0000 0000 0000 0183 0184 0185 0000 0186 0187 0188 0000 0000 0000 0000 0000 009A 009B 009C 009D 0000 0000 0000 0000 0000 018C 018D 018E 0000 0000
0000 0000 0000 0000 0000 0000 01A3 01A4 01A5 0000 01A6 01A7 01A8 0000 0000 0000 0000 0000 00BA 00BB 00BC 00BD 0000 0000 0000 0000 0000 01AC 01AD 01AE 0000 0000
0000 0000 0000 0000 0000 0000 0000 0000 0000 0000 0000 0000 0000 0000 0000 0000 0000 0000 0000 00DB 00DC 00DD 0000 0000 0000 0000 0000 01CC 01CD 01CE 0000 0000
0191 0000 0000 0000 0000 0000 0000 0000 0000 0000 0000 0000 0000 0000 0000 0000 0000 0000 0000 00FB 00FC 00FD 0000 0000 01E9 01EA 01EB 0000 0000 0000 01EF 01F0
01B1 0000 0000 0000 0000 0000 0000 0000 0000 0000 0000 0000 0000 0000 0000 0000 0000 0000 011A 011B 011C 011D 0000 0000 0209 020A 020B 0000 0000 0000 020F 0210
0000 0000 0000 0000 0000 0000 0000 0000 0192 0193 0194 0000 0000 0000 0000 0000 0000 0000 013A 013B 013C 013D 0000 0000 0229 022A 022B 0000 0000 0000 0000 0000
0000 0195 0000 0000 0000 0000 0000 0000 01B2 01B3 01B4 0000 0000 0000 0000 0000 0000 0000 015A 015B 015C 015D 0000 0000 0000 0000 0000 024C 024D 024E 0000 0000
0000 0000 0000 0000 0000 0000 0000 0000 0000 0000 0000 0000 0000 0000 0000 0000 0000 0000 017A 017B 017C 0000 0000 0000 0000 0000 0000 026C 026D 026E 0000 0000
0000 0000 0000 0000 0000 0000 0000 0000 0000 0000 0000 0000 0000 0000 0000 0000 0000 0000 0000 0000 0000 0000 0000 0000 0000 0000 0000 028C 028D 028E 0000 0000
0000 0000 0000 0000 0000 0000 0000 0000 0000 0000 0000 0000 0000 0000 0000 0000 0000 0000 0000 0197 0198 0199 0000 0000 02A9 02AA 02AB 0000 0000 0000 0000 0000
0000 0000 0000 0000 0000 0000 019A 019B 019C 0000 019D 019E 019F 0000 0000 0000 0000 0000 01B6 01B7 01B8 01B9 0000 0000 02C9 02CA 02CB 0000 0000 0000 0000 0000
0420 0421 0422 0000 0000 0000 01BA 01BB 01BC 0000 01BD 01BE 01BF 0000 0000 0000 0000 0000 01D6 01D7 01D8 01D9 0000 0000 02E9 02EA 02EB 0000 0000 0000 0000 0000
0440 0441 0442 0000 0000 0000 0000 0000 0000 0000 0000 0000 0000 0000 0000 0000 0000 0000 01F6 01F7 01F8 01F9 0000 0000 0000 0000 0000 030C 030D 030E 0000 0000
0000 0000 0000 0000 0000 0000 0000 0000 0000 0000 0000 0000 0000 0000 0000 0000 0000 0000 0216 0217 0218 0219 0000 0000 0000 0000 0000 032C 032D 032E 0000 0000
0000 0000 0000 0000 0000 0000 0000 0000 0000 0000 0000 0000 0000 0423 0424 0425 0000 0000 0000 0237 0238 0239 0000 0000 0000 0000 0000 034C 034D 034E 0000 0000
0426 0000 0000 0000 0000 0000 0000 0000 0000 0000 0000 0000 0000 0443 0444 0445 0000 0000 0000 0000 0000 0000 0000 0000 0369 036A 036B 0000 0000 0000 036F 0370
0446 0000 0000 0000 0000 0000 0000 0000 0000 0000 0000 0000 0000 0000 0000 0000 0000 0000 0000 0000 0000 0000 0000 0000 0389 038A 038B 0000 0000 0000 038F 0390
0000 0000 0000 0000 0000 0000 0000 0000 0000 0000 0000 0000 0000 0000 0000 0000 0000 0000 0000 042F 0430 0431 0000 0000 03A9 03AA 03AB 0000 0000 0000 0000 0000
0000 0000 0432 0433 0434 0435 0436 0437 0438 0000 0000 0000 0448 0449 044A 044B 044C 044D 044E 044F 0450 0451 0000 0000 0000 0000 0000 03CC 03CD 03CE 0000 0000
0000 0000 0452 0453 0454 0455 0456 0457 0458 0000 0000 0467 0468 0469 046A 046B 046C 046D 046E 046F 0470 0471 0000 0000 0000 0000 0000 03EC 03ED 03EE 0000 0000
0000 0000 0000 0473 0474 0475 0476 0477 0000 0000 0000 0487 0488 0489 048A 048B 048C 048D 0000 048F 0490 0491 0000 0000 0000 0000 0000 040C 040D 040E 0000 0000
0000 0000 0000 0000 0000 0000 0000 0000 0000 0000 0000 0000 0000 0000 0000 0000 0000 0000 0000 0000 0000 0000 0000 0000 0000 0000 0000 0000 0000 0000 0000 0000
0000 0000 0000 0000 0000 0000 0000 0000 0000 0000 0000 0000 0000 0000 0000 0000 0000 0000 0000 0000 0000 0000 0000 0000 0000 0000 0000 0000 0000 0000 0000 0000
