ATARI GAUNTLET PLAYFIELD 16X16 TILEMAP
SOURCE: treasure-room-04-playfield.png
GRID: 32 X 32
TILE_SIZE: 16 X 16
UNIQUE_TILES: 51

0000 0001 0002 0002 0002 0002 0002 0002 0002 0002 0002 0002 0002 0002 0002 0002 0002 0002 0002 0002 0002 0002 0002 0002 0002 0002 0002 0002 0002 0002 0002 0002
0003 0004 0005 0006 0007 0008 0005 0006 0007 0008 0005 0006 0007 0008 0005 0006 0007 0008 0005 0006 0007 0008 0005 0006 0007 0008 0005 0006 0007 0008 0005 0006
0003 0009 000A 000B 000C 0007 000D 000B 000E 000F 000A 0010 0006 0007 0008 0005 0006 0007 0008 0005 0006 0007 000D 000B 000E 000F 0011 0005 0006 0007 0008 0005
0012 0001 0002 0013 0014 0006 0015 0002 0002 0002 0013 0004 0005 0006 0007 0008 0005 0006 0007 0008 0005 0006 0016 0001 0002 0013 0017 0008 0005 0006 0007 0008
0018 0014 0006 0019 001A 0005 0006 0007 0008 001B 0018 0017 0008 001B 000C 0007 000D 0010 0006 001C 0011 0005 0003 001D 0008 0003 001E 000F 000A 000B 000E 000F
001F 0004 0005 0006 0007 0008 001B 000C 0007 0015 001F 0020 0007 0021 0014 0006 0021 0004 0005 0021 0017 0008 0003 0020 0007 0022 0002 0002 0002 0002 0002 0002
0003 001D 000A 000B 000E 000F 0023 0024 000C 0007 0003 0014 0006 0003 0004 0005 0003 0017 0008 0003 0020 0007 0003 0014 0006 0007 0008 0005 0006 0007 0008 0005
0012 0001 0002 0002 0002 0002 0025 0013 0014 0006 0003 0004 0005 0003 0017 0008 0003 0020 0007 0003 0014 0006 0003 0026 000B 000E 000F 000A 000B 000E 0027 0008
0003 0014 0006 0007 0008 0005 0006 0003 0004 0005 0003 0017 0008 0003 0020 0007 0003 0014 0006 0003 0004 0005 0022 0002 0002 0002 0002 0002 0002 0013 0020 0007
0003 0004 0005 0028 000F 0011 0005 0003 0017 0008 0003 0020 0007 0003 0014 0006 0003 0004 0005 0003 0017 0008 0005 0006 0007 0008 0005 0006 0007 0003 0014 0006
0003 0017 0008 0015 0013 0017 0008 0003 0020 0007 0003 0014 0006 0003 0004 0005 0003 0017 0008 0003 001E 000F 000A 000B 000E 000F 000A 0010 0006 0003 0004 0005
0003 0020 0007 0008 0003 0020 0007 0003 0014 0006 0003 0004 0005 0003 0017 0008 0003 0020 0007 0012 0001 0002 0002 0002 0002 0002 0029 001A 0005 0003 0017 0008
0003 0024 000C 0007 0003 0014 0006 0003 0004 0005 0003 0017 0008 0003 0020 0007 0003 0014 0006 0003 0004 001B 000C 001C 0011 0005 0006 0007 0008 0003 0020 0007
0012 002A 002B 0006 0003 0004 0005 0003 0017 0008 0019 002C 0007 0003 0014 0006 0003 0004 0005 0003 0017 002D 002E 002F 0030 000A 000B 000E 000F 0018 0014 0006
0003 0017 0008 0005 0003 0017 0008 0003 0020 0007 0008 0005 0006 0003 0004 0005 0003 0017 0008 0003 0020 0007 002D 002B 0015 0002 0002 0002 0002 0031 001A 0005
0003 0020 0007 000D 0018 0020 0007 0003 0024 000E 000F 000A 000B 0018 0017 0008 0003 0020 0007 0003 0024 000E 000F 000A 0010 0006 0007 0008 0005 0028 0027 0008
0003 0014 0006 0015 001F 0014 0006 0022 0002 0002 0002 0002 0002 0031 002C 0007 0003 0014 0006 0022 0002 0002 0002 0029 001A 0005 0028 0027 0008 0021 0020 0007
0003 0004 0005 0006 0003 0004 0005 0006 0007 0008 0005 0006 0007 0008 0005 0006 0003 0004 0005 0006 0007 0008 0005 0028 0027 0008 0021 0020 0007 0003 0014 0006
0003 0009 0011 0005 0003 0009 000A 000B 000E 000F 000A 000B 000E 000F 000A 0010 0003 0009 000A 000B 000E 0027 0008 0021 0020 0007 0003 0014 0006 0003 0004 0005
0012 002A 0032 0008 0012 0001 0002 0002 0002 0002 0002 0002 0002 0002 0029 001A 0022 0002 0002 0002 0013 0020 0007 0003 0014 0006 0003 0004 0005 0003 0017 0008
0003 0014 0006 0007 0019 002B 0006 0007 0008 0005 0006 0007 0008 0005 0006 0007 0008 0005 0006 0007 0003 0014 0006 0003 0004 0005 0003 0017 0008 0003 0020 0007
0003 0026 001D 000E 000F 000A 000B 000E 000F 000A 000B 000E 0027 000D 000B 000E 000F 000A 0010 0006 0003 0004 0005 0003 0017 0008 0003 0020 0007 0003 0014 0006
0012 0001 0002 0002 0002 0002 0002 0002 0002 0002 0002 0029 002C 0015 0002 0002 0002 0029 001A 0005 0003 0017 0008 0003 0020 0007 0003 0014 0006 0003 0004 0005
0003 0020 0007 0008 0005 0006 0007 0008 0005 0006 0007 0008 0005 0006 0007 0008 0005 0006 0007 0008 0003 0020 0007 0003 0014 0006 0003 0004 0005 0003 0017 0008
0003 0014 0006 001C 000A 000B 000E 000F 000A 000B 000E 000F 000A 000B 000E 000F 000A 000B 000E 000F 0018 0014 0006 0003 0004 0005 0003 0017 0008 0003 0020 001D
0003 0004 0005 0016 0001 0002 0002 0002 0002 0002 0002 0002 0002 0002 0002 0002 0002 0002 0002 0002 0031 001A 0005 0019 0032 0008 0003 0020 0007 0003 0014 0006
0003 0017 0008 0003 0020 0007 0008 0005 0006 0007 0008 0005 0006 0007 0008 0005 0006 0007 0008 0005 0006 0007 0008 0005 0006 0007 0003 0014 0006 0003 0004 0005
0003 0020 0007 0019 002B 0006 0007 0008 0005 0006 001D 0008 0005 0006 0007 0008 0005 0006 0007 0008 0005 0006 0007 0008 0005 0006 0003 0004 0005 0003 0017 0008
0003 0014 0006 001C 000A 000B 000E 000F 000A 000B 000E 000F 000A 000B 000E 000F 000A 000B 000E 000F 000A 000B 000E 000F 000A 000B 0018 0017 0008 0003 0020 0007
0003 0004 0005 0015 0002 0002 0002 0002 0002 0002 0002 0002 0002 0002 0002 0002 0002 0002 0002 0002 0002 0002 0002 0002 0002 0002 0031 002C 0007 0019 002B 0006
0003 0017 0008 0005 0006 0007 0008 0005 0006 0007 0008 0005 0006 0007 0008 0005 0006 0007 0008 0005 0006 0007 0008 0005 0006 0007 0008 0005 0006 0007 0008 0005
0018 001E 000F 000A 000B 000E 000F 000A 000B 000E 000F 000A 000B 000E 000F 000A 000B 000E 000F 000A 000B 000E 000F 000A 000B 000E 000F 000A 000B 000E 000F 000A
