ATARI GAUNTLET MOTION OBJECT 16X16 TILEMAP
SOURCE: treasure-room-04.png
GRID: 32 X 32
TILE_SIZE: 16 X 16
ATLAS_TILES: 832
UNIQUE_PIXEL_TILES: 79
CONNECTED_OBJECT_GROUPS: 29

0020 0021 0022 0000 0000 0000 0000 0000 0000 0000 0000 0000 0000 0000 0000 0000 0000 0000 0000 0000 0000 0000 0000 0000 0000 0000 0000 0000 0000 0000 0028 0029
0040 0041 0042 0000 0000 0000 0000 0000 0000 0000 0000 0000 0000 0000 0000 0000 002A 0000 0000 0000 0000 0000 0000 0000 0000 0000 0000 0000 0000 0000 0048 0049
0060 0061 0062 0000 0000 0000 0000 0000 0000 0000 002D 002E 002F 0000 0000 0000 0000 0000 0000 0000 0000 0000 0000 0000 0000 0000 0000 0000 0000 0000 0000 0000
0080 0081 0082 0083 0000 0000 0000 0000 004B 004C 004D 004E 004F 0000 0000 0000 0000 0000 0000 0000 0000 0000 0000 0030 0031 0032 0033 0034 0000 0000 0035 0036
00A0 00A1 00A2 00A3 0000 0000 0000 0000 006B 006C 006D 0000 0000 0000 0000 0000 0000 0000 0000 0000 0000 0000 0000 0050 0051 0052 0053 0054 0000 0000 0055 0056
00C0 0000 0000 0000 00C4 00C5 00C6 0000 0000 0000 0000 0000 0000 0000 0000 0000 0000 0000 0000 0000 0000 0000 0000 0000 0000 0000 0000 0000 0000 0000 0075 0076
00E0 0000 0000 0000 00E4 00E5 00E6 0000 0000 0000 0000 0000 0000 0000 0037 0038 0039 003A 003B 003C 0000 0000 003D 003E 003F 0000 0000 0000 0000 0000 0095 0096
0100 0101 0102 0000 0000 0105 0106 0107 0000 0000 0000 0000 0000 0000 0057 0058 0059 005A 005B 005C 0000 0000 005D 005E 005F 0000 0000 0000 0000 0000 0000 0000
0120 0121 0122 0000 0000 0125 0126 0127 0000 0000 0000 0000 0000 0000 0000 0000 0000 0000 0000 0000 0000 0000 0000 0000 0000 0000 0000 0140 0141 0142 0000 0000
0000 0000 0000 0000 0000 0000 0000 0000 0000 0000 0000 0000 0000 0000 0000 0000 0000 0000 0000 0143 0144 0145 0000 0000 0000 0000 0000 0160 0161 0162 0000 0000
0000 0000 0146 0147 0148 0000 0000 0000 0000 0000 0000 0000 0000 0000 0000 0000 0000 0000 0000 0163 0164 0165 0000 0000 0000 0000 0000 0000 0000 0000 0000 0000
0000 0000 0166 0167 0168 0000 0000 0000 0000 0000 0000 0000 0000 0000 0000 0000 0000 0000 0000 0000 0000 0000 0000 0000 0000 0000 0000 0000 0000 0000 0000 0000
0000 0000 0000 0000 0000 0000 0000 0000 0000 0000 0000 0000 0000 0000 0000 0000 0000 0000 0000 0000 0000 014A 014B 014C 0000 0000 0000 014E 014F 0150 0000 0000
0152 0153 0154 0000 0000 0000 0000 0000 0000 0000 0000 0000 0000 0000 0000 0000 0000 0000 0000 0000 0169 016A 016B 016C 016D 0000 0000 016E 016F 0170 0000 0000
0172 0173 0174 0000 0000 0000 0000 0155 0156 0157 0000 0159 015A 015B 0000 0000 0000 0000 0000 0000 0189 018A 018B 018C 018D 0000 0000 0000 018F 0190 0191 0000
0000 0000 0000 0000 0000 0000 0000 0175 0176 0177 0000 0179 017A 017B 0000 0000 0000 0000 0000 0000 0000 0000 0000 0000 0000 0000 0000 0000 01AF 01B0 01B1 0000
0000 0000 01C0 01C1 01C2 0000 0000 0000 0000 0197 0198 0199 0000 0000 0000 0000 0000 0000 0000 0000 0000 0000 01C5 01C6 01C7 0000 0000 0000 0000 0000 0000 0000
0000 0000 01E0 01E1 01E2 01E3 01E4 0000 0000 01B7 01B8 01B9 0000 0000 0000 0000 0000 0000 0000 0000 0000 0000 01E5 01E6 01E7 0000 0000 0000 0000 0000 0000 0000
0000 0000 0000 0000 0202 0203 0204 0000 0000 0000 0000 0000 0000 0000 01C8 01C9 01CA 0000 0000 0000 0000 0000 0000 0000 0000 0000 0000 0000 0000 0000 0000 0000
01CB 01CC 01CD 0000 0222 0223 0224 0000 0000 0000 0000 0000 0000 0000 01E8 01E9 01EA 0000 01CE 01CF 01D0 0000 0000 0000 0000 0000 0000 0000 0000 0000 0000 0000
01EB 01EC 01ED 0000 0242 0243 0244 0000 0000 0000 0000 0000 0000 0000 0000 0000 0000 0000 01EE 01EF 01F0 0000 0000 0000 01D1 01D2 01D3 01D4 01D5 0000 0000 0000
020B 0000 0000 0000 0000 0000 0000 0000 0000 0000 0000 01D6 01D7 01D8 0000 0000 0000 0000 0000 0000 0000 0000 0000 0000 01F1 01F2 01F3 01F4 01F5 0000 01D9 01DA
022B 022C 022D 0000 0000 0000 0000 0000 0000 0000 0000 01F6 01F7 01F8 0000 0000 0000 0000 0000 0000 0000 0000 0000 0000 0000 0000 0000 0000 0000 0000 01F9 01FA
024B 024C 024D 0000 0000 0000 0000 0000 0000 0000 0000 0000 0000 0000 0000 0000 0000 0000 01DB 01DC 01DD 0000 0000 0000 0000 0000 0000 0000 0000 0000 0000 0000
0000 0000 0000 0000 0000 0000 0000 0000 0000 0000 0000 0000 0000 0000 0000 0000 0000 0000 01FB 01FC 01FD 0000 0000 0000 0000 0000 0000 0000 0000 0000 0000 0000
0000 0000 0000 0000 0000 0000 0000 0000 0000 0261 0262 0263 0000 0000 0000 0000 0000 0000 0000 0000 0000 0000 0265 0266 0267 0000 0000 0000 0000 0000 0000 0000
0000 0000 0000 0000 0000 0000 0000 0000 0280 0281 0282 0283 0284 0000 0000 0000 0000 0000 0000 0000 0000 0000 0285 0286 0287 0000 0000 0000 0000 0000 0000 0000
0000 0000 026F 0270 0271 0000 0000 0000 02A0 02A1 02A2 02A3 02A4 0000 0000 0000 0000 0000 0000 0000 0000 0000 0000 0000 02A7 02A8 02A9 0000 0000 0000 0000 0000
0000 0000 028F 0290 0291 0000 0000 0000 0000 0000 0000 0000 0000 0000 0000 0000 0000 0000 0000 0000 0000 0000 0000 0000 02C7 02C8 02C9 02CA 02CB 02CC 0000 0000
0000 0000 0000 0000 0000 0000 0000 0000 0000 0000 0000 0000 0272 0273 0274 0000 0000 0000 0000 0000 0000 0000 0000 0000 0000 0000 02E9 02EA 02EB 02EC 0000 0000
0275 0276 0277 0000 0000 0000 0000 0000 0000 0000 0000 0000 0292 0293 0294 0000 0000 0000 0000 0000 0000 0000 0000 0000 0000 0000 0000 0000 0000 0000 030D 030E
0295 0296 0297 0000 0000 0000 0000 0000 0000 0000 0000 0000 0000 0000 0000 0000 0000 0000 0000 0000 0000 0000 0000 0000 0000 0000 0000 0000 0000 0000 032D 032E
