ATARI GAUNTLET MOTION OBJECT 16X16 TILEMAP
SOURCE: treasure-room-09.png
GRID: 32 X 32
TILE_SIZE: 16 X 16
ATLAS_TILES: 800
UNIQUE_PIXEL_TILES: 76
CONNECTED_OBJECT_GROUPS: 33

0000 0000 0000 0020 0021 0022 0000 0000 0000 0023 0024 0025 0000 0000 0000 0000 0000 0000 0000 0000 0000 0028 0029 002A 002B 002C 0000 0000 002F 0030 0031 0000
0000 0000 0000 0040 0041 0042 0000 0000 0000 0043 0044 0045 0000 0000 0000 0000 0000 0000 0000 0000 0000 0048 0049 004A 004B 004C 004D 004E 004F 0050 0051 0000
0000 0000 0000 0000 0000 0000 0000 0000 0000 0063 0064 0065 0066 0067 0000 0000 0000 0000 0000 0000 0000 0000 0000 0000 0000 0000 006D 006E 006F 0000 0000 0000
0000 0000 0000 0000 0000 0000 0000 0000 0000 0083 0084 0085 0086 0087 0000 0032 0033 0034 0000 0000 0000 0000 0000 0000 0000 0000 0000 0000 0000 0000 0000 0000
0035 0036 0037 0000 0000 0000 0000 0000 0000 0000 0000 0000 0000 0000 0000 0052 0053 0054 0000 0000 0000 0000 0000 0000 0000 0000 0000 0000 0000 0000 0000 0000
0055 0056 0057 0000 0000 0000 0038 0039 003A 003B 003C 0000 0000 0000 0000 0000 0000 0000 0000 0000 0000 0000 0000 0000 0000 0000 0000 0000 0000 0000 0000 0000
0075 0076 0077 0000 0000 0000 0058 0059 005A 005B 005C 0000 0000 0000 0000 0000 0000 0000 0000 0000 0000 0000 0000 0000 0000 0000 00E0 00E1 00E2 0000 00E3 00E4
0095 0096 0097 0000 0000 0000 0000 0000 0000 0000 007C 007D 007E 0000 0000 0000 0000 0000 0000 0000 0000 0000 00E5 00E6 00E7 0000 0100 0101 0102 0000 0103 0104
00B5 00B6 00B7 0000 0000 0000 0000 0000 0000 0000 009C 009D 009E 0000 0000 0000 0000 0000 00EB 00EC 00ED 0000 0105 0106 0107 0000 0120 0121 0122 0000 0123 0124
00D5 0000 0000 0000 00EF 00F0 00F1 0000 0000 0000 0000 0000 0000 0000 0000 0000 0000 0000 010B 010C 010D 0000 0000 0000 0000 0000 0140 0141 0142 0000 0143 0144
0000 0000 0000 0000 010F 0110 0111 0000 0000 0000 0000 0000 0000 0000 0000 0128 0129 012A 0000 0000 0000 0000 0000 0000 0000 0000 0000 0000 0000 0000 0000 0000
00F2 00F3 00F4 0000 0000 0000 0000 0000 0000 0000 0000 0000 0000 0000 0000 0148 0149 014A 0000 0000 0000 0000 0000 0000 0000 0000 00F5 00F6 00F7 0000 0000 0000
0112 0113 0114 0000 0000 0000 0000 0000 0000 0000 0000 0000 0000 0000 0000 0000 0000 016A 016B 016C 016D 016E 0000 0000 0000 0000 0115 0116 0117 0118 0119 0000
0000 0000 0000 0000 0000 0000 0000 0000 0000 0000 00FA 00FB 00FC 0000 0000 0000 0000 018A 018B 018C 018D 018E 0000 0000 0000 0000 0135 0136 0137 0138 0139 0000
0000 0000 0000 0000 00FD 00FE 00FF 0000 0000 0000 011A 011B 011C 0000 0000 0000 0000 0000 0000 0000 0000 0000 0000 0000 0000 0000 0000 0000 0000 0000 0000 0000
0000 0000 0000 0000 011D 011E 011F 0000 0000 0000 0000 0000 0000 0000 01A0 01A1 01A2 0000 0000 0000 0000 0000 0000 0000 0000 0000 0000 0000 0000 0000 0000 0000
01A9 01AA 01AB 0000 0000 0000 0000 0000 01AE 01AF 01B0 0000 0000 0000 01C0 01C1 01C2 0000 0000 0000 0000 0000 0000 01B1 0000 0000 0000 0000 0000 0000 01B5 01B6
01C9 01CA 01CB 0000 0000 0000 0000 0000 01CE 01CF 01D0 0000 0000 0000 0000 0000 0000 01E3 01E4 01E5 0000 0000 0000 0000 0000 0000 0000 0000 0000 0000 01D5 01D6
0000 0000 0000 0000 0000 0000 01EC 01ED 01EE 01EF 01F0 0000 0000 0000 0000 0000 0000 0203 0204 0205 0000 0000 0000 0000 0000 0000 0000 01F2 01F3 01F4 0000 0000
0000 0000 0000 0000 0000 0000 020C 020D 020E 020F 0210 0000 0000 0000 0000 0000 0000 0000 0000 0000 0226 0227 0228 0000 0000 0000 0000 0212 0213 0214 0000 0000
0000 0000 0000 0000 0000 0000 0000 0000 0000 0000 0000 0000 0000 0000 0000 0000 0000 0000 0000 0000 0246 0247 0248 0000 0000 0000 0000 0000 0000 0000 0000 0000
0000 0000 01B7 01B8 01B9 01BA 01BB 0000 0000 0000 0000 0000 0000 0000 01BC 01BD 01BE 0000 0000 0000 0000 0000 0000 0000 0000 0000 0000 0000 0000 0000 0000 0000
0000 0000 01D7 01D8 01D9 01DA 01DB 0000 0000 0000 0000 0000 0000 0000 01DC 01DD 01DE 0000 0000 0000 0000 0000 0000 0000 0000 0000 0000 0000 0000 0000 0000 0000
0000 0000 0000 0000 0000 0000 0000 0000 0000 0000 0000 0000 0000 0000 0000 0000 0000 0000 0000 0000 0000 0000 0000 0000 0000 0000 0000 0000 0000 0000 0000 0000
0260 0261 0262 0000 0000 0000 0000 0000 0000 0000 0000 0263 0264 0265 0000 0000 0000 0000 0000 0000 0266 0267 0268 0269 026A 026B 026C 026D 026E 0000 026F 0270
0280 0281 0282 0000 0000 0000 0000 0000 0000 0000 0000 0283 0284 0285 0000 0000 0000 0000 0000 0000 0286 0287 0288 0289 028A 028B 028C 028D 028E 0000 028F 0290
02A0 02A1 02A2 0000 0000 0000 0000 0000 0000 0000 0000 0000 0000 0000 0000 0000 0000 0000 0000 0000 0000 0000 02A8 02A9 02AA 0000 0000 0000 0000 0000 0000 0000
02C0 02C1 02C2 0000 0000 0000 0000 0000 0000 0271 0272 0273 0000 0000 0000 0000 0000 0000 0000 0000 0000 0000 02C8 02C9 02CA 0000 0000 0000 0274 0275 0276 0000
0000 0000 0000 0000 0000 0000 0000 0000 0000 0291 0292 0293 0000 0000 0000 0000 0000 0000 0000 0000 0000 0000 0000 0000 0000 0000 0000 0000 0294 0295 0296 0000
0277 0278 0279 0000 0000 0000 0000 0000 0000 0000 0000 0000 0000 0000 0000 0000 0000 0000 0000 0000 0000 0000 0000 0000 0000 0000 0000 0000 0000 0000 0000 0000
0297 0298 0299 0000 0000 0000 027A 027B 027C 0000 0000 0000 0000 0000 02E0 02E1 02E2 02E3 02E4 0000 0000 0000 02E5 02E6 02E7 0000 0000 0000 0000 0000 02E8 02E9
02B7 0000 0000 0000 0000 0000 029A 029B 029C 0000 0000 0000 0000 0000 0300 0301 0302 0303 0304 0000 0000 0000 0305 0306 0307 0000 0000 0000 0000 0000 0308 0309
