ATARI GAUNTLET MOTION OBJECT 16X16 TILEMAP
SOURCE: treasure-room-11.png
GRID: 32 X 32
TILE_SIZE: 16 X 16
ATLAS_TILES: 1440
UNIQUE_PIXEL_TILES: 98
CONNECTED_OBJECT_GROUPS: 24

0020 0021 0022 0000 0000 0000 0000 0000 0000 0000 0000 0000 0000 0000 0000 0000 0000 0000 0000 0000 0000 0000 0000 0000 0000 0000 0000 0000 0026 0027 0028 0000
0040 0041 0042 0000 0000 002A 002B 002C 0000 0000 002E 002F 0030 0000 0000 0000 0000 0000 0000 0000 0032 0033 0034 0000 0000 0000 0000 0000 0046 0047 0048 0000
0060 0061 0062 0000 0000 004A 004B 004C 004D 0000 004E 004F 0050 0051 0000 0000 0000 0000 0000 0000 0052 0053 0054 0055 0056 0057 0000 0000 0000 0000 0068 0069
0080 0081 0082 0000 0000 0000 006B 006C 006D 0000 0000 006F 0070 0071 0000 0000 0000 0000 0000 0000 0000 0000 0000 0075 0076 0077 0000 0000 0000 0000 0088 0089
0000 0000 0000 0000 0000 0000 0000 0000 0000 0000 0000 0000 0000 0000 0000 0000 0000 0000 0000 0000 0000 0000 0000 0000 0000 0000 0000 00A5 00A6 00A7 0000 0000
0000 0000 0000 0038 0039 003A 0000 0000 0000 0000 0000 0000 0000 0000 0000 0000 0000 0000 0000 0000 0000 0000 0000 0000 0000 0000 0000 00C5 00C6 00C7 0000 0000
0000 0000 0000 0058 0059 005A 0000 0127 0128 0129 0000 0000 0000 0000 0000 0000 0000 0000 0000 0000 0000 012C 012D 012E 0000 00E3 00E4 00E5 0000 0000 0000 0000
0000 0000 0000 0000 0000 0000 0000 0147 0148 0149 0000 012F 0130 0131 0000 0000 0000 0000 0000 0000 0000 014C 014D 014E 0000 0103 0104 0105 0000 013D 013E 013F
0160 0161 0162 0000 0000 0165 0166 0167 0000 0000 0000 014F 0150 0151 0000 0000 0000 0000 0000 016A 016B 016C 0000 0000 0000 0000 0000 0000 0000 015D 015E 015F
0180 0181 0182 0000 0000 0185 0186 0187 0000 0000 0000 0000 0000 0000 0000 0000 0000 0000 0000 018A 018B 018C 0000 0000 0000 0000 0000 017B 017C 017D 017E 017F
01A0 01A1 01A2 01A3 01A4 01A5 0000 0000 0000 0000 0000 0000 0000 0000 0000 0000 0000 0000 0000 0000 0000 0000 0000 0000 0000 0000 0000 019B 019C 019D 019E 019F
01C0 01C1 01C2 01C3 01C4 01C5 0000 0407 0408 0409 0000 040A 040B 040C 0000 0000 0000 0000 0000 0000 0000 0000 0000 01B7 01B8 01B9 01BA 01BB 01BC 0000 0000 0000
0000 0000 0000 0000 0000 0000 0000 0427 0428 0429 0000 042A 042B 042C 0000 0000 0000 0000 0000 0000 0000 0000 01D6 01D7 01D8 01D9 01DA 01DB 01DC 0000 0000 0000
0000 0000 0000 0000 0444 0445 0446 0000 0000 0000 0000 0000 0000 0000 0000 0000 0000 0000 0000 0000 0000 01F5 01F6 01F7 01F8 0000 0000 0000 0000 0000 0000 0000
0460 0461 0462 0463 0464 0465 0466 0000 0000 0000 0000 0000 0000 0000 0000 0000 0000 0000 0000 0000 0000 0215 0216 0217 0218 0219 021A 0000 0000 0000 021E 021F
0480 0481 0482 0483 0000 0000 0000 0000 0000 040D 040E 040F 0000 0000 0000 0000 0000 0000 0000 0000 0000 0000 0000 0000 0238 0239 023A 023B 023C 0000 023E 023F
0000 0000 0000 0000 0000 0000 0000 0000 0000 042D 042E 042F 0000 0000 0000 0000 0410 0000 0000 0000 0254 0255 0256 0257 0258 0000 025A 025B 025C 025D 0000 0000
0000 0000 0000 0000 0415 0416 0417 0000 0000 0000 0000 0000 0000 0000 0000 0000 0000 0000 0272 0273 0274 0275 0276 0277 0278 0000 0000 027B 027C 027D 0000 0000
0000 0000 0000 0000 0435 0436 0437 0000 0000 0000 0000 0000 0000 0000 0000 0000 0000 0000 0292 0293 0294 0000 0000 0297 0298 0299 0000 0000 0000 0000 0000 0000
0000 0000 0453 0454 0455 0000 0000 0000 0000 0000 0000 0000 0000 0000 0000 0000 0000 0000 0000 0000 0000 0000 0000 02B7 02B8 02B9 0000 0000 0000 0000 0000 0000
0471 0472 0473 0474 0475 0000 0000 04A2 04A3 04A4 0000 0000 0000 0000 0000 0000 0000 0000 0000 0000 0000 0000 0000 0000 0000 02D9 02DA 02DB 0000 02DD 02DE 02DF
0491 0492 0493 0000 0000 0000 0000 04C2 04C3 04C4 04C5 04C6 04C7 04C8 0000 0000 0000 0000 0000 0000 0000 0000 0000 0000 0000 02F9 02FA 02FB 0000 02FD 02FE 02FF
0000 0000 0000 0000 0000 04E0 04E1 04E2 0000 04E4 04E5 04E6 04E7 04E8 0000 0000 0000 0000 0000 04A9 04AA 04AB 0000 0000 0000 0000 0000 0000 031C 031D 031E 0000
0000 0000 0000 0000 0000 0500 0501 0502 0000 0000 0000 0000 0000 0000 0000 0000 0000 0000 0000 04C9 04CA 04CB 0000 0000 04CE 04CF 04D0 0000 033C 033D 033E 0000
0000 0000 0000 0000 0000 0000 0000 0000 0000 0000 0000 0000 0000 0000 0000 0000 0000 0000 0000 0000 04EA 04EB 04EC 04ED 04EE 04EF 04F0 0000 0000 035D 035E 035F
04B1 04B2 04B3 0000 0000 0000 04B6 04B7 04B8 0000 0000 0000 0000 0000 0000 0000 0000 0000 0000 0000 050A 050B 050C 050D 050E 050F 0510 0000 037C 037D 037E 037F
04D1 04D2 04D3 0000 04D4 04D5 04D6 04D7 04D8 0000 0000 0000 0000 0000 0000 0000 0000 0000 0000 0529 052A 052B 0000 0000 052E 052F 0530 0000 039C 039D 039E 0000
0000 0000 0000 0000 04F4 04F5 04F6 04F7 0000 0000 0000 04BB 04BC 04BD 0000 0000 0000 0000 0000 0549 054A 054B 0000 0000 0000 0000 0000 0000 03BC 03BD 03BE 0000
04BE 0000 0000 0000 0000 0515 0516 0517 0000 0000 0000 04DB 04DC 04DD 0000 0000 0000 0000 0000 0000 0000 0000 0000 0000 0000 0000 0000 0000 03DC 03DD 03DE 03DF
04DE 0000 0000 0000 0000 0000 0000 0000 0000 04F9 04FA 04FB 0000 0000 0000 0000 0000 0000 0000 0000 0000 0000 0000 0000 0000 0000 0000 0000 0000 0000 03FE 03FF
0000 0000 0560 0561 0562 0563 0564 0565 0000 0519 051A 051B 0000 0000 0000 0000 0000 0000 0000 0000 0000 0000 0566 0567 0568 0000 0569 056A 056B 0000 0000 0000
0000 0000 0580 0581 0582 0583 0584 0585 0000 0000 0000 0000 0000 0000 0000 0000 0000 0000 0000 0000 0000 0000 0586 0587 0588 0000 0589 058A 058B 0000 0000 0000
