ATARI GAUNTLET PLAYFIELD 16X16 TILEMAP
SOURCE: treasure-room-01-playfield.png
GRID: 32 X 32
TILE_SIZE: 16 X 16
UNIQUE_TILES: 43

0000 0001 0002 0000 0000 0000 0000 0000 0000 0000 0000 0003 0000 0000 0000 0000 0000 0001 0002 0000 0000 0000 0003 0000 0000 0000 0000 0000 0000 0000 0000 0003
0004 0005 0004 0006 0007 0008 0009 0006 0007 0008 0009 0006 0007 0008 0009 0006 0004 0005 0004 0006 0007 0008 0009 0006 0007 0008 0009 0006 0007 0008 0009 0006
000A 000B 000C 000D 000A 000E 000F 000D 000A 0010 0008 0011 000A 000E 000F 000D 000A 000B 000C 000D 000A 000E 000F 000D 000A 000E 0012 0009 0013 000E 000F 000D
0000 0003 0000 0000 0000 0000 0000 0000 0014 0015 0007 0016 0000 0000 0000 0000 0000 0003 0000 0000 0000 0000 0000 0000 0000 0014 0017 0008 0016 0000 0000 0000
0008 0009 0006 0007 0008 0009 0006 0007 0008 0009 0006 0007 0008 0009 0006 0007 0008 0009 0006 0007 0008 0009 0006 0007 0008 0009 0006 0007 0008 0009 0006 0007
0010 0008 0011 000A 000E 000F 000D 000A 000E 000F 000D 000A 000E 000F 000D 000A 000E 0012 0009 0013 000E 000F 000D 000A 000E 000F 000D 000A 000E 000F 000D 000A
0015 0007 0016 0000 0000 0000 0000 0000 0000 0000 0000 0000 0000 0000 0000 0000 0014 0017 0008 0016 0000 0000 0000 0000 0000 0000 0000 0000 0000 0000 0000 0014
0009 0006 0007 0008 0009 0006 0007 0008 0009 0006 0018 0012 0009 0006 0007 0008 0009 0006 0007 0008 0009 0006 0018 000F 000D 000A 000E 000F 000D 000A 0010 0008
0019 000D 000A 000E 000F 000D 000A 000E 000F 0004 001A 001B 0008 0009 0006 0007 0008 0009 0006 0007 0008 0009 0016 0000 0000 0000 0000 0000 0000 0014 0015 0007
001C 0002 0000 0000 0000 0000 0000 0000 0000 0000 001D 001E 0007 0019 000D 000A 000E 000F 000D 000A 000E 000F 000D 001F 0007 0019 000D 000A 000E 000F 000D 000A
0020 0017 0008 0009 0006 0007 0008 0009 0006 0007 0005 0021 0006 0016 0000 0000 0000 0000 0000 0000 0000 0000 0014 0022 0006 0016 0000 0000 0000 0000 0000 0000
000D 000A 000E 0012 0009 0006 0007 0008 0009 0006 0023 0024 0009 0006 0007 0008 0009 0006 0007 0008 0009 0006 0007 0008 0009 0006 0007 0008 0009 0006 0018 000F
0000 0000 0014 0017 0008 0009 0013 000E 000F 000D 000A 000E 000F 000D 000A 000E 000F 0025 0006 0018 000F 000D 000A 000E 000F 000D 000A 000E 0012 0009 0016 0000
0007 0008 0009 0006 0007 0008 0016 0000 0000 0000 0000 0000 0000 0000 0000 0000 0014 0024 0009 0016 0000 0000 0000 0000 0000 0000 0000 0014 0017 0008 0009 0006
0006 0007 0008 0009 0006 0007 0008 0009 0006 0007 0008 0009 0006 0007 0008 0009 0006 0007 0008 0009 0006 0007 0008 0009 0006 0007 0008 0009 0006 0007 0008 0009
000D 000A 000E 000F 000D 000A 000E 000F 000D 000A 000E 000F 000D 000A 000E 000F 000D 000A 000E 0012 0009 0006 0007 0008 0009 0006 0007 0019 000D 000A 000E 000F
0000 0000 0000 0000 0000 0000 0000 0000 0000 0000 0000 0000 0000 0000 0000 0000 0000 0000 0014 0017 0008 0009 0006 0007 0008 0009 0006 0016 0000 0000 0000 0000
0007 0008 0009 0006 0007 0008 0009 0006 0007 0008 0009 0006 0007 0008 0009 0006 0018 000F 000D 000A 000E 000F 000D 000A 000E 000F 000D 000A 0010 0008 0009 0006
0013 000E 000F 000D 000A 000E 000F 000D 000A 000E 0012 0009 0006 0007 0008 0009 0016 0000 0000 0000 0000 0000 0000 0000 0000 0000 0000 0014 0015 0007 0008 0009
0016 0000 0000 0000 0000 0000 0000 0000 0000 0014 0017 0008 0009 0006 0007 0008 0009 0006 0007 0008 0009 0013 0010 0008 0009 0006 0007 0008 0009 0006 0007 0008
0008 0009 0006 0007 0008 0009 0006 0018 000F 000D 000A 000E 000F 000D 000A 000E 000F 000D 001F 0007 0008 0026 001E 0007 0008 0009 0006 0007 0008 0009 0006 0007
000E 000F 000D 000A 0010 0008 0009 0016 0000 0000 0000 0000 0000 0000 0000 0000 0000 0014 0022 0006 0007 0005 0021 0006 0018 000F 000D 000A 000E 000F 000D 000A
0000 0000 0000 0014 0015 0007 0008 0009 0006 0007 0008 0009 0006 0007 0008 0009 0006 0007 0019 0025 0006 0005 0027 0009 0016 0000 0000 0000 0000 0000 0000 0000
0009 0006 0007 0008 0009 0006 0007 0008 0009 0006 0007 0008 0009 0006 0007 0008 0009 0006 0028 0024 0009 0005 001B 0008 0009 0006 0007 0008 0009 0006 0007 0008
0019 000D 000A 000E 000F 000D 000A 000E 000F 000D 000A 0010 0008 0009 0013 000E 000F 000D 000A 000E 000F 000B 0029 000E 000F 000D 000A 000E 000F 000D 001F 0007
0016 0000 0000 0000 0000 0000 0000 0000 0000 0000 0014 0015 0007 0008 0016 0000 0000 0000 0000 0000 0000 0003 0000 0000 0000 0000 0000 0000 0000 0014 0022 0006
0006 0007 0008 0009 0006 0007 0008 0009 0006 0007 0008 0009 0006 0007 0008 0009 0006 0007 0008 0009 0006 0007 0008 0009 0006 0007 0008 0009 0006 0007 0008 0009
000D 000A 000E 000F 0025 0006 0018 000F 000D 000A 000E 000F 000D 000A 000E 000F 000D 000A 0010 0008 0011 000A 000E 000F 0025 0006 0018 000F 000D 000A 000E 000F
0002 0000 0000 0014 0024 0009 0016 0000 0000 0000 0000 0001 0002 0000 0000 0000 0000 0014 0015 0007 0016 0000 0001 002A 0024 0009 0016 0000 0000 0000 0000 0001
001B 0008 0009 0006 0007 0008 0009 0006 0007 0008 0009 0005 001B 0008 0009 0006 0007 0008 0009 0006 0007 0008 0005 001E 0007 0008 0009 0006 0007 0008 0009 0005
001E 0007 0008 0009 0006 0007 0008 0009 0006 0007 0008 0005 001E 0007 0008 0009 0006 0007 0008 0009 0006 0007 0005 0021 0006 0007 0008 0009 0006 0007 0008 0005
0004 000A 000E 000F 000D 000A 000E 000F 000D 000A 0004 000B 0004 000A 000E 000F 000D 000A 000E 000F 000D 0004 000B 0004 000D 000A 000E 000F 000D 000A 0004 000B
