ATARI GAUNTLET MOTION OBJECT 16X16 TILEMAP
SOURCE: treasure-room-08.png
GRID: 32 X 32
TILE_SIZE: 16 X 16
ATLAS_TILES: 1120
UNIQUE_PIXEL_TILES: 93
CONNECTED_OBJECT_GROUPS: 19

0020 0000 0000 0000 0000 0000 0000 0000 0000 0029 002A 002B 0000 0000 0000 002C 002D 002E 002F 0030 0000 0000 0000 0031 0032 0033 0000 0000 0000 0000 0038 0039
0040 0000 0000 0000 0000 0000 0046 0047 0048 0049 004A 004B 0000 0000 0000 004C 004D 004E 004F 0050 0000 0000 0000 0051 0052 0053 0000 0000 0000 0000 0058 0059
0060 0061 0062 0063 0000 0000 0066 0067 0068 0000 0000 0000 0000 0000 0000 006C 006D 006E 006F 0070 0000 0000 0000 0000 0072 0073 0074 0000 0000 0000 0078 0079
0080 0081 0082 0083 0084 0085 0000 0000 0000 0000 0000 0000 0000 0000 0000 008C 008D 008E 008F 0090 0000 0000 0000 0000 0092 0093 0094 0000 0000 0000 0098 0099
0000 0000 00A2 00A3 00A4 00A5 0000 0000 0000 0000 0000 0000 0000 0000 0000 00AC 00AD 00AE 00AF 00B0 0000 0000 0000 0000 0000 0000 0000 00B5 00B6 00B7 0000 0000
0000 0000 00C2 00C3 00C4 0000 00C6 00C7 00C8 0000 0000 0000 0000 0000 0000 00CC 00CD 00CE 00CF 00D0 0000 0000 0000 0000 0000 00D3 00D4 00D5 00D6 00D7 0000 0000
0000 0000 0000 0000 00E4 00E5 00E6 00E7 00E8 00E9 00EA 00EB 0000 0000 0000 00EC 00ED 00EE 00EF 00F0 0000 0000 0000 0000 0000 00F3 00F4 00F5 0000 00F7 00F8 00F9
0000 0000 0000 0000 0104 0105 0106 0000 0000 0109 010A 010B 0000 0000 0000 0000 0000 0000 0000 0000 0000 0000 0000 0000 0000 0000 0000 0000 0000 0117 0118 0119
003A 003B 003C 0000 0000 0000 0000 0000 0000 0000 0000 0000 0000 0000 0000 0000 0000 0000 0000 0000 0000 0000 0000 0000 003D 003E 003F 0000 0000 0000 0000 0000
005A 005B 005C 0000 0000 0000 0000 0000 0000 0000 0000 0000 0000 0000 0000 0000 0000 0000 0000 0000 0000 0000 0000 0000 005D 005E 005F 0000 0000 0000 0120 0121
007A 007B 007C 0000 0000 0000 0000 0000 0000 0000 0000 0000 0000 0000 0000 0000 0000 0000 0122 0123 0124 0000 0000 0000 0000 0000 0000 0000 0000 0000 0140 0141
009A 009B 009C 0000 0000 0000 0000 0000 0000 0000 0000 0000 0000 0000 0000 0000 0000 0000 0142 0143 0144 0000 0000 0000 0000 0000 0000 0000 0000 0000 0000 0000
0000 0000 0000 0000 0000 0000 0000 0000 0000 0000 0125 0126 0127 0128 0129 0000 0000 0000 0162 0163 0164 0000 0000 0000 0000 0000 0000 0000 0000 0000 0000 0000
0000 0000 0000 0000 0000 0000 0000 0000 0000 0000 0145 0146 0147 0148 0149 0000 0000 0000 0182 0183 0184 0000 0000 0000 0000 0000 0000 0000 0000 0000 0000 0000
012A 012B 012C 012D 012E 012F 0130 0131 0000 0000 0000 0000 0000 0000 0000 0000 0000 0000 0000 0000 0000 0000 0000 0000 0000 0000 0132 0133 0134 0135 0136 0137
014A 014B 014C 014D 014E 014F 0150 0151 0000 0000 0000 0000 0000 0000 0000 0000 0000 0000 0000 0000 0000 0000 0000 0000 0000 0000 0152 0153 0154 0155 0156 0157
016A 016B 016C 016D 016E 016F 0170 0171 0000 0000 0000 0000 0000 0000 0000 0000 0138 0000 0000 0000 0000 0000 0000 0000 0000 0000 0172 0173 0174 0175 0176 0177
018A 018B 018C 018D 018E 018F 0190 0191 0000 0000 0000 0000 0000 0000 0000 0000 0000 0000 0000 0000 0000 0000 0000 0000 0000 0000 0192 0193 0194 0195 0196 0197
0000 0000 0000 0000 0000 0000 0000 0000 0000 0000 0139 013A 013B 0000 0000 0000 0000 0000 0000 0000 0000 0000 0000 0000 0000 0000 0000 0000 0000 0000 0000 0000
0000 0000 0000 0000 0000 0000 0000 0000 0000 0000 0159 015A 015B 0000 0000 0000 0000 0000 0000 01E0 01E1 01E2 01E3 01E4 01E5 01E6 0000 0000 0000 0000 0000 0000
01E7 0000 0000 0000 0000 0000 0000 0000 0000 0000 0179 017A 017B 0000 0000 0000 0000 0000 0000 0200 0201 0202 0203 0204 0205 0206 0000 0000 0000 0000 01F1 01F2
0207 0208 0209 0000 0000 0000 0000 0000 0000 0000 0199 019A 019B 0000 0000 0000 0000 0000 0000 0000 0000 0000 0000 0000 0000 0000 0000 0000 0000 0000 0211 0212
0227 0228 0229 0000 0000 022C 022D 022E 0000 0000 01B9 01BA 01BB 0000 0000 0000 0000 0000 0000 0000 0000 0000 0000 0000 0000 01F6 01F7 01F8 0000 0000 0000 0000
0247 0000 0000 0000 024B 024C 024D 024E 0000 0000 01D9 01DA 01DB 0000 0000 0000 0000 0000 0000 0000 0000 0000 0000 0000 0000 0216 0217 0218 0219 021A 021B 021C
0267 0268 0269 026A 026B 026C 026D 0000 0000 0000 0000 0000 0000 0000 0000 0361 0362 0363 0000 0000 0000 0000 0233 0234 0235 0236 0237 0238 0239 023A 023B 023C
0000 0288 0289 028A 0000 0000 0000 0000 0000 0000 0000 0000 0000 0000 0000 0381 0382 0383 0000 0000 0000 0000 0253 0254 0255 0256 0257 0258 0000 0000 0000 0000
0000 0000 0000 02AA 02AB 02AC 0000 02AE 02AF 02B0 0000 0000 0000 0000 03A0 03A1 03A2 03A3 03A4 0000 0000 0000 0000 0000 0000 0000 0000 0000 0000 0000 0000 0000
0000 0000 0000 02CA 02CB 02CC 02CD 02CE 02CF 02D0 0000 0000 0000 0000 03C0 03C1 03C2 03C3 03C4 0000 0000 0000 0000 0000 0000 0000 0000 0000 0000 036E 036F 0370
0000 0000 0000 02EA 02EB 02EC 02ED 0000 0000 0000 0000 0000 0000 0000 03E0 03E1 03E2 03E3 03E4 0000 0000 0000 0000 0000 0000 0000 0000 038C 038D 038E 038F 0390
0000 0000 0000 030A 030B 030C 0000 0000 0000 0000 0000 0000 0000 0000 0400 0401 0402 0403 0404 0000 0000 0000 0000 0000 0000 0000 0000 03AC 03AD 03AE 0000 0000
0327 0328 0329 032A 0000 032C 032D 032E 0000 0371 0372 0373 0000 0000 0420 0421 0422 0423 0424 0000 03C5 03C6 03C7 03C8 03C9 03CA 03CB 03CC 03CD 0000 03CF 03D0
0347 0348 0349 034A 0000 034C 034D 034E 0000 0391 0392 0393 0000 0000 0440 0441 0442 0443 0444 0000 03E5 03E6 03E7 03E8 03E9 03EA 03EB 03EC 03ED 0000 03EF 03F0
