ATARI GAUNTLET PLAYFIELD 16X16 TILEMAP
SOURCE: treasure-room-10-playfield.png
GRID: 32 X 32
TILE_SIZE: 16 X 16
UNIQUE_TILES: 45

0000 0001 0002 0003 0001 0002 0002 0002 0002 0002 0002 0002 0002 0002 0002 0002 0002 0002 0002 0002 0002 0002 0002 0002 0002 0002 0002 0002 0002 0002 0003 0001
0004 0005 0006 0004 0007 0008 0009 000A 000B 000C 0009 000A 000D 0008 0009 000A 000B 000C 0009 000A 000D 0008 0009 000A 000B 000C 000E 000F 000B 0010 0011 0010
0004 0007 0012 0004 0013 0014 0001 0002 0002 0002 0002 0015 0016 0017 0002 0002 0002 0002 0002 0018 0013 0017 0002 0002 0002 0015 0019 0017 0002 0002 001A 001B
0004 0013 001C 0004 001B 0004 0010 000C 0009 001D 001E 000C 0009 000A 000B 000C 0009 000A 000D 0004 0010 000A 000D 0008 0009 000A 000B 000C 000E 001F 0004 0005
0004 001B 001F 0004 0005 0020 0001 0002 0015 0021 0017 0002 0002 0002 0003 0001 0002 0015 0016 0022 0002 0015 0016 0017 0002 0002 0002 0018 0005 0006 0004 0007
0004 0005 0006 0004 0007 0004 001B 000F 000B 000C 0009 000A 000B 0023 0004 0013 001E 000C 0009 000A 000B 000C 0009 000A 000D 0008 000E 0024 0025 0012 0004 0013
0004 0007 0012 0024 0016 0004 0005 0014 0001 0002 0002 0002 0015 0025 0024 0021 0017 0002 0002 0002 0002 0002 0002 0015 0016 0026 0005 0027 001D 001C 0004 001B
0004 0013 001C 0008 000E 0004 0007 0024 0021 000F 000B 000C 000E 000F 000B 000C 0009 000A 000B 000C 000E 000F 000B 000C 000E 0004 0007 0026 001B 001F 0004 0005
0004 001B 001F 0026 0005 0004 0013 001E 0023 0014 0001 0015 0019 0017 0002 0002 0002 0002 0002 0015 0019 0017 0002 0018 0005 0024 0016 0004 0005 0006 0024 0025
0004 0005 0006 0004 0007 0004 001B 0026 0007 0004 001B 000F 000B 000C 0009 000A 000D 0008 0009 000A 000B 000C 000E 0004 0007 0008 000E 0004 0007 0012 0027 001D
0004 0007 0012 0004 0013 0024 0019 0004 0013 0024 0019 0014 0001 0002 0002 0015 0016 0017 0002 0002 0002 0018 0005 0004 0013 0026 0005 0004 0013 001C 0026 001B
0004 0013 001C 0004 001B 000F 000D 0004 001B 000F 000D 0004 001B 001F 001C 0012 0027 001D 001C 0012 0006 0004 0007 0024 0021 0004 0007 0024 0021 001F 0004 0005
0004 001B 001F 0004 0005 0026 0013 0004 0005 0026 0013 0004 0005 0006 001F 001C 0028 0021 001F 001C 0012 0004 0013 001E 0023 0004 0013 001E 000C 0010 0011 0007
0004 0005 0006 0024 0025 0004 001B 0004 0007 0004 001B 0004 0007 0008 000E 001F 001C 0012 0006 000F 000D 0004 001B 0026 0007 0004 001B 0014 0001 0002 001A 0013
0004 0007 0012 0027 001D 0004 0005 0004 0013 0004 0005 0024 0016 0026 0005 0006 001F 001C 0012 0026 0013 0004 0005 0004 0013 0024 0019 0004 0013 001C 0024 0021
0004 0013 001C 0026 0010 0011 0007 0024 0021 0004 0007 0008 000E 0004 0007 0012 0006 001F 001C 0004 001B 0024 0025 0004 001B 000F 000D 0004 001B 001F 001E 0023
0004 001B 001F 0020 0001 001A 0013 001E 0023 0004 0013 0026 0005 0004 0013 001C 0012 0006 001F 0004 0005 0027 001D 0004 0005 0026 0013 0004 0005 0006 0026 0007
0004 0005 0006 0004 0010 0004 001B 0026 0007 0004 001B 0004 0007 0004 001B 001F 001C 0012 0006 0004 0007 0026 001B 0004 0007 0024 0021 0004 0007 0012 0004 0013
0004 0007 0012 0004 0013 0024 0019 0004 0013 0004 0005 0004 0013 0024 0019 0006 001F 001C 0012 0024 0016 0004 0005 0004 0013 001E 0023 0004 0013 001C 0004 001B
0004 0013 001C 0004 001B 000F 000D 0004 001B 0004 0007 0004 001B 001F 001C 0012 0027 001D 001C 0012 0006 0004 0007 0004 001B 0026 0007 0024 0021 001F 0004 0005
0004 001B 001F 0004 0005 0026 0013 0004 0005 0024 0016 0004 0005 0006 001F 001C 0028 0021 001F 001C 0012 0004 0013 0024 0019 0004 0013 001E 0023 0006 0004 0007
0004 0005 0006 0024 0025 0004 001B 0004 0007 0008 000E 0004 0029 000C 0009 000A 000D 0008 0009 000A 000B 0011 001B 000F 000D 0004 001B 0026 0007 0012 0004 0013
0004 0007 0012 0027 001D 0004 0005 0024 0016 0026 0005 0022 0002 0002 0002 0015 0016 0017 0002 0002 0002 002A 0019 0026 0013 0004 0005 0004 0013 001C 0024 0021
0004 0013 001C 0026 001B 0004 0007 0008 000E 0004 0029 000C 000E 000F 000B 000C 0009 000A 000D 0008 0009 000A 000B 0011 001B 0024 0025 0004 001B 001F 001E 0023
0004 0010 000A 0011 0005 0004 0013 0026 0005 0022 0002 0015 0019 0017 0002 0002 0002 0015 0016 0017 0002 0002 0002 002A 0019 0027 001D 0004 0005 0006 0026 0007
0020 0001 0002 001A 0007 0024 0021 0004 0029 0023 0027 000A 000B 000C 0009 001D 001E 000C 0009 000A 000B 000C 0009 001D 001E 002B 001B 0004 0007 0012 0004 0013
0004 0007 0012 0024 0016 001E 0023 0022 0015 0025 0017 0002 0002 0002 0015 0021 0017 0002 0002 0003 0001 0002 0015 0021 0017 002A 0019 0004 0013 001C 0004 001B
0004 0013 001C 0008 000E 0026 0029 000C 0009 000A 000B 000C 000E 000F 000B 000C 0009 000A 000D 0004 0010 000A 000B 000C 0009 000A 000D 0004 001B 001F 0004 0005
0004 001B 001F 0026 0005 0022 0002 0002 0002 0003 0001 0015 0019 0017 0002 0002 0002 0015 0016 0022 0002 0002 0002 0002 0002 0015 0016 0004 0005 0006 0004 0007
0004 0005 0006 0004 0029 000C 0009 000A 000D 0004 0010 000A 000B 000C 0009 001D 001E 000C 0009 000A 000B 0023 0027 000A 000B 000C 0009 0011 0010 0023 0004 0013
0004 0007 0012 0022 0002 0002 0002 0015 0016 0022 0002 0002 0002 0002 0015 0021 0017 0002 0002 0002 0015 0025 0017 0002 0002 0002 0002 002C 0015 0025 0024 0021
0011 0010 000B 000C 0009 000A 000B 000C 0009 000A 000B 000C 0009 000A 000B 000C 0009 000A 000B 000C 0009 000A 000B 000C 0009 000A 000B 000C 0009 000A 000B 0010
