ATARI GAUNTLET PLAYFIELD 16X16 TILEMAP
SOURCE: treasure-room-08-playfield.png
GRID: 32 X 32
TILE_SIZE: 16 X 16
UNIQUE_TILES: 54

0000 0001 0002 0002 0003 0002 0002 0002 0003 0002 0002 0004 0001 0002 0002 0002 0003 0004 0001 0002 0002 0002 0003 0002 0002 0002 0003 0002 0003 0002 0003 0002
0005 0006 0007 0008 0009 000A 000B 000C 000D 000E 000F 0010 0011 0012 000F 0013 0014 0010 0015 0008 0009 000E 000F 0013 000D 000A 0016 0017 0018 0019 0016 0017
001A 0011 001B 0002 0002 0004 001C 001D 001E 0011 0012 0010 001F 0014 0019 000B 0008 0020 0001 0002 0021 0022 0012 000F 0023 001C 0024 0025 0026 0025 0024 001B
0010 001F 000D 000A 0016 0027 0028 000E 0010 001F 0014 0010 0029 0013 001B 0002 0002 001A 002A 000A 000B 000C 0014 0012 0010 001F 000D 000E 0007 000C 000D 000E
0010 0029 0023 001C 002B 0016 001E 0011 0010 0029 0013 0010 0006 000F 0017 0009 000A 0020 0001 0002 0021 001D 0013 0014 0010 0029 0025 0022 0025 001D 0025 0022
0005 0006 0010 001F 0025 002C 002D 0026 0010 0006 000F 0010 0011 0012 001B 0002 0002 001A 0029 0013 0014 0012 000F 0013 0010 002C 0016 0017 0018 0019 0016 002C
001A 0011 0010 0029 002C 0025 0024 000F 0010 0011 0012 0010 001F 0014 0019 000B 0008 0005 002E 000B 0008 0018 0012 000F 002F 001C 0024 0025 0026 0025 0024 001B
0010 001F 0010 002E 000B 0008 0009 000A 0005 001F 000D 0005 0029 0013 001B 0002 0002 0003 0002 0002 0021 0026 0014 0012 0010 001F 0014 0012 0007 000C 000D 000E
0010 0029 0030 0002 0002 0002 0002 0002 0031 001D 001B 0031 0024 000F 0013 0014 0012 000F 0013 0014 0012 000F 0013 0014 0010 0029 0017 0018 0025 001D 0025 0022
0010 002E 000B 0008 0009 000A 000B 0008 0009 000E 000F 0013 0014 0012 000F 0013 0014 0012 0007 0008 0009 000A 0016 0013 0010 002E 0032 0033 0009 000A 000B 000C
002F 0001 0002 0002 0002 0002 0002 0002 0021 0022 0019 0016 0017 0018 0019 0016 0013 0014 0023 0001 0002 0021 0024 000F 0030 0002 0003 0002 0002 0002 0021 001D
0010 001F 0014 0012 000F 0013 0014 0012 000F 0013 001E 0006 001E 001F 001E 0006 000F 0013 0010 002E 000B 0008 0018 0012 000F 0013 0014 0012 000F 0013 0014 0012
0010 0029 0013 000D 000E 0007 000C 000D 000E 000F 0010 0011 0010 0029 0010 0011 0012 000F 002F 0001 0002 0021 0026 0014 0012 000F 0017 0018 0019 0016 0017 0018
0010 0006 000F 001E 0011 001E 0029 001E 0011 0012 0010 0033 0005 002E 0005 001F 0014 0012 0010 0033 0009 000A 0016 0013 0014 0012 001E 001F 001E 0006 001E 001F
0010 0011 0012 0010 001F 0010 0006 0010 001F 0014 0030 0002 0003 0002 0031 001D 0013 0014 0030 0002 0002 0021 0024 000F 0013 0014 0010 0029 0010 0011 0010 0029
0005 0033 0009 0005 0015 0005 002A 0005 0029 0013 0014 0012 000F 0013 0014 0012 000F 0013 0014 0012 000F 0017 0009 000A 000B 000C 0010 002E 0005 0033 0005 002E
0000 0001 0004 0034 0004 0034 0002 001A 0006 000F 0013 0014 0012 000F 0013 0014 0012 000F 0013 0014 0012 001B 0002 0002 0021 001D 002F 0001 0000 0001 0000 0001
0010 0006 0010 001F 0010 0006 000F 0010 0011 0012 0007 0008 0009 000A 0016 0013 0014 0012 000F 0013 0014 0012 000F 0013 0014 0012 0010 001F 0010 0006 0010 001F
0010 0011 0010 0029 0010 0011 0012 0010 001F 0014 0023 0001 0002 0021 0024 000F 0013 0014 0012 0007 0008 0009 000A 000B 000C 0014 0010 0029 0010 0011 0010 0029
0010 001F 0027 0024 0027 0026 0014 0027 001D 0013 0010 002E 000B 0008 0018 0012 000F 0013 0014 0023 0001 0004 0001 0035 0029 0013 0027 0024 0027 0026 0027 0024
0010 0029 0013 0014 0012 000F 0013 0014 0012 000F 002F 0001 0002 0021 0026 0014 0019 0016 0013 0010 0006 0010 001F 0010 0006 000F 0013 0014 0012 000F 0013 0014
0005 0006 0007 0008 0009 000A 000B 0008 0009 000E 0010 0033 0009 000A 0016 0013 001E 0006 000F 0010 0011 0010 0029 0010 0011 0012 0007 0008 0009 000A 000B 0008
001A 0011 001B 0002 0002 0002 0002 0002 0035 0011 002F 0001 0002 0021 0024 000F 0010 0011 0012 0027 0026 0027 0024 0027 0026 0014 001B 0002 0002 0002 0002 0002
0010 0033 0009 000A 000B 000C 000D 000E 0010 001F 0010 002E 000B 0008 0018 0012 0010 001F 0014 0012 000F 0013 0014 0012 0007 0008 0009 000A 000B 000C 000D 000E
002F 0001 0002 0002 0035 0029 001E 0011 0010 0029 0030 0002 0002 0021 0026 0014 0027 001D 0013 0014 0012 000F 0017 0018 0023 0001 0002 0002 0035 0029 001E 0011
0010 0006 0007 002C 0005 0006 0010 001F 0010 002E 000B 000C 0014 0019 000B 0008 0009 000A 000B 0008 0018 0012 001E 001F 0010 002C 0007 000C 0010 0006 0010 001F
0010 0011 001B 0002 0031 0022 0010 0029 0030 0002 0035 0029 0013 001B 0002 0002 0004 0001 0002 0021 0026 0014 0010 0029 0010 0011 001E 0029 0010 0011 0010 0029
0010 0033 0009 000A 000B 000C 0010 0006 0007 000C 0010 0006 000F 0017 0009 000A 0005 0033 0009 000A 0016 0013 0010 0006 0010 001F 0010 0006 0010 001F 0027 0024
002F 0001 0002 0002 0021 001D 0010 0011 001E 0029 0010 0011 0012 001B 0002 0002 0000 0001 0002 0021 0024 000F 0010 0011 0010 0029 0010 0011 0027 001D 0017 0018
0010 0006 0007 0008 0009 000E 0010 001F 0010 0006 0010 001F 0014 0019 000B 0008 0005 002E 000B 0008 0018 0012 0010 001F 0010 0006 0010 001F 000D 000E 001E 001F
0010 0011 001B 0002 0035 0011 0027 001D 0010 0011 0027 001D 0013 001B 0002 0002 0000 0001 0002 0021 0026 0014 0010 0029 0027 0022 0010 0029 001E 0011 0010 0029
0005 0033 0009 002C 0005 0033 0009 000A 0005 0033 0009 000A 000B 0008 0009 000A 0005 0033 0009 000A 000B 0008 0005 002E 000B 0008 0005 002E 0005 002C 0005 002E
